id,attr_time,attr_x,attr_y,attr_z
1,1436608595912,-0.6847417,9.811439,2.7910407
2,1436608595929,-0.6727707,9.821015,2.7988217
3,1436608595950,-0.6733692,9.844957,2.790442
4,1436608595970,-0.6919243,9.832987,2.7928362
5,1436608595990,-0.6991069,9.828198,2.7898436
6,1436608596010,-0.7015011,9.812635,2.8113914
7,1436608596040,-0.6937199,9.812635,2.8083985
8,1436608596099,-0.7392098,9.838373,2.801216
9,1436608596107,-0.7667431,9.806051,2.7922378
10,1436608596126,-0.7338228,9.793482,2.7790697
11,1436608596127,-0.7230489,9.809643,2.7940333
12,1436608596142,-0.6991069,9.802461,2.7808652
13,1436608596153,-0.66618663,9.8198185,2.7994204
14,1436608596170,-0.6398504,9.855731,2.8006175
15,1436608596190,-0.64823014,9.841366,2.7922378
16,1436608596210,-0.6721721,9.838373,2.8107927
17,1436608596230,-0.6655881,9.835979,2.7994204
18,1436608596253,-0.6817489,9.821015,2.8137856
19,1436608596275,-0.6877344,9.81503,2.8089972
20,1436608596290,-0.7278373,9.792884,2.7802668
21,1436608596311,-0.7386112,9.809643,2.7814639
22,1436608596332,-0.7080852,9.780912,2.7802668
23,1436608596349,-0.670975,9.797073,2.8149827
24,1436608596378,-0.6817489,9.812037,2.8179753
25,1436608596390,-0.6691794,9.831191,2.7910407
26,1436608596410,-0.670975,9.813833,2.8113914
27,1436608596431,-0.6356605,9.818023,2.815581
28,1436608596452,-0.6404489,9.816826,2.8018146
29,1436608596470,-0.6512229,9.8198185,2.7988217
30,1436608596490,-0.6775591,9.811439,2.778471
31,1436608596530,-0.6607997,9.808446,2.783858
32,1436608596531,-0.6452374,9.812037,2.7982233
33,1436608596552,-0.62488663,9.807249,2.7700913
34,1436608596575,-0.635062,9.81922,2.7790697
35,1436608596590,-0.6368576,9.818622,2.7802668
36,1436608596611,-0.63206923,9.817424,2.7922378
37,1436608596632,-0.6183026,9.815628,2.791639
38,1436608596650,-0.62967503,9.8276,2.7952304
39,1436608596670,-0.62967503,9.835979,2.7856536
40,1436608596691,-0.6063316,9.841965,2.7724855
41,1436608596711,-0.6135142,9.82341,2.8018146
42,1436608596732,-0.6326678,9.837176,2.7988217
43,1436608596752,-0.6560113,9.8437605,2.7880478
44,1436608596771,-0.6536171,9.807847,2.7832594
45,1436608596791,-0.6356605,9.828198,2.7700913
46,1436608596827,-0.623091,9.81922,2.7521348
47,1436608596835,-0.6099229,9.829993,2.7700913
48,1436608596859,-0.6015432,9.83957,2.7778726
49,1436608596871,-0.56802434,9.841965,2.7868507
50,1436608596890,-0.59136784,9.854534,2.8078
51,1436608596910,-0.5895722,9.856929,2.7922378
52,1436608596930,-0.6123171,9.843162,2.7922378
53,1436608596950,-0.62368953,9.843162,2.7868507
54,1436608596972,-0.6392518,9.815628,2.7766755
55,1436608596990,-0.6440403,9.836577,2.7617116
56,1436608597010,-0.6727707,9.830592,2.7611132
57,1436608597058,-0.65421563,9.812635,2.7868507
58,1436608597059,-0.6051345,9.835381,2.779668
59,1436608597071,-0.61112,9.830592,2.7790697
60,1436608597090,-0.60453594,9.828198,2.7647045
61,1436608597137,-0.6099229,9.83957,2.7623103
62,1436608597138,-0.58657944,9.849147,2.7641058
63,1436608597155,-0.5931635,9.833585,2.7898436
64,1436608597170,-0.6015432,9.830592,2.7605145
65,1436608597190,-0.6003461,9.821015,2.7736826
66,1436608597212,-0.62249243,9.825205,2.7611132
67,1436608597230,-0.60932434,9.827001,2.7593174
68,1436608597250,-0.6039374,9.827001,2.7551277
69,1436608597269,-0.59855044,9.832987,2.7970262
70,1436608597291,-0.59615624,9.838373,2.7647045
71,1436608597316,-0.57879823,9.834782,2.7778726
72,1436608597330,-0.5686229,9.820416,2.7766755
73,1436608597356,-0.5662287,9.812037,2.7688942
74,1436608597369,-0.58777654,9.842564,2.7862523
75,1436608597395,-0.6015432,9.828198,2.790442
76,1436608597411,-0.5793968,9.845556,2.7682958
77,1436608597435,-0.57520694,9.811439,2.7940333
78,1436608597452,-0.5859809,9.850943,2.7868507
79,1436608597475,-0.6404489,9.825804,2.782661
80,1436608597495,-0.6410475,9.8042555,2.7521348
81,1436608597515,-0.6075287,9.790489,2.755726
82,1436608597535,-0.5979519,9.81922,2.7551277
83,1436608597551,-0.59136784,9.822212,2.759916
84,1436608597575,-0.55605334,9.853935,2.7742813
85,1436608597592,-0.55365914,9.836577,2.7856536
86,1436608597612,-0.5542577,9.859921,2.7820623
87,1436608597634,-0.58418524,9.842564,2.7862523
88,1436608597655,-0.5919664,9.858126,2.7802668
89,1436608597674,-0.5734113,9.834184,2.783858
90,1436608597694,-0.58298814,9.829993,2.7874494
91,1436608597724,-0.6003461,9.836577,2.7659016
92,1436608597730,-0.58777654,9.861118,2.7563248
93,1436608597755,-0.57041854,9.827001,2.7629087
94,1436608597777,-0.54527944,9.826403,2.7635074
95,1436608597794,-0.5662287,9.835979,2.7730842
96,1436608597820,-0.57161564,9.825205,2.7617116
97,1436608597883,-0.57760113,9.838373,2.746748
98,1436608597884,-0.57640404,9.838373,2.758719
99,1436608597885,-0.5674258,9.829395,2.7647045
100,1436608597895,-0.5662287,9.831789,2.7832594
101,1436608597921,-0.5793968,9.831789,2.7659016
102,1436608597933,-0.56922144,9.824607,2.7485435
103,1436608597953,-0.55126494,9.849147,2.743755
104,1436608597974,-0.5482722,9.831789,2.777274
105,1436608597992,-0.55126494,9.829993,2.779668
106,1436608598013,-0.5482722,9.834184,2.7617116
107,1436608598040,-0.54527944,9.8198185,2.7431567
108,1436608598055,-0.5482722,9.834782,2.7485435
109,1436608598078,-0.54647654,9.834184,2.7659016
110,1436608598091,-0.5422867,9.835381,2.7521348
111,1436608598114,-0.55605334,9.853337,2.7515364
112,1436608598134,-0.55844754,9.835381,2.7563248
113,1436608598154,-0.5662287,9.855731,2.758719
114,1436608598175,-0.55006784,9.828198,2.7611132
115,1436608598195,-0.55844754,9.8677025,2.7461493
116,1436608598214,-0.57640404,9.821614,2.7527335
117,1436608598235,-0.581791,9.815628,2.7443538
118,1436608598256,-0.587178,9.834184,2.7431567
119,1436608598272,-0.5590461,9.815628,2.747945
120,1436608598295,-0.5363012,9.836577,2.7461493
121,1436608598316,-0.521936,9.83957,2.7527335
122,1436608598336,-0.50158525,9.847352,2.7563248
123,1436608598355,-0.5446809,9.866506,2.77069
124,1436608598375,-0.56084174,9.867104,2.7515364
125,1436608598394,-0.5895722,9.844358,2.767697
126,1436608598413,-0.5931635,9.838972,2.758719
127,1436608598434,-0.6027403,9.822811,2.747945
128,1436608598456,-0.6051345,9.835381,2.7485435
129,1436608598476,-0.6362591,9.850345,2.742558
130,1436608598496,-0.59735334,9.821015,2.7527335
131,1436608598515,-0.56922144,9.832388,2.7700913
132,1436608598541,-0.57999533,9.840169,2.7700913
133,1436608598607,-0.58777654,9.853337,2.7629087
134,1436608598608,-0.61112,9.844957,2.7617116
135,1436608598609,-0.5919664,9.837176,2.7563248
136,1436608598613,-0.6039374,9.843162,2.7605145
137,1436608598632,-0.6302736,9.842564,2.765303
138,1436608598652,-0.6242881,9.82341,2.7449522
139,1436608598672,-0.60573304,9.809643,2.7521348
140,1436608598694,-0.5883751,9.831191,2.7449522
141,1436608598712,-0.58897364,9.807249,2.7844565
142,1436608598733,-0.56922144,9.829395,2.7712884
143,1436608598760,-0.5793968,9.829993,2.7401638
144,1436608598773,-0.599149,9.831191,2.7605145
145,1436608598792,-0.6027403,9.820416,2.7724855
146,1436608598816,-0.5793968,9.834184,2.7623103
147,1436608598835,-0.6051345,9.812635,2.7820623
148,1436608598855,-0.5859809,9.842564,2.777274
149,1436608598876,-0.6087258,9.840768,2.753332
150,1436608598895,-0.6039374,9.834184,2.7778726
151,1436608598915,-0.6099229,9.811439,2.7724855
152,1436608598936,-0.59495914,9.810242,2.7700913
153,1436608598955,-0.6476316,9.831191,2.77069
154,1436608598976,-0.66139823,9.803658,2.7712884
155,1436608598992,-0.6422446,9.816227,2.7682958
156,1436608599016,-0.62967503,9.821015,2.759916
157,1436608599039,-0.60573304,9.822212,2.77069
158,1436608599055,-0.5770026,9.844358,2.7575219
159,1436608599081,-0.5638345,9.85214,2.758719
160,1436608599095,-0.5626374,9.841366,2.777274
161,1436608599115,-0.587178,9.853337,2.7730842
162,1436608599135,-0.5835867,9.841965,2.7760768
163,1436608599155,-0.60693014,9.824008,2.789245
164,1436608599176,-0.6374562,9.825205,2.7820623
165,1436608599196,-0.66020113,9.835381,2.753332
166,1436608599216,-0.65062433,9.850345,2.7820623
167,1436608599236,-0.6386533,9.825804,2.791639
168,1436608599255,-0.60453594,9.8198185,2.7940333
169,1436608599309,-0.6087258,9.8276,2.7874494
170,1436608599310,-0.62728083,9.828198,2.7928362
171,1436608599321,-0.6314707,9.846154,2.7575219
172,1436608599332,-0.6171055,9.842564,2.7742813
173,1436608599358,-0.59974754,9.827001,2.777274
174,1436608599375,-0.6123171,9.837775,2.7814639
175,1436608599392,-0.6326678,9.831191,2.7659016
176,1436608599416,-0.6428431,9.837775,2.7563248
177,1436608599433,-0.6362591,9.834184,2.7395654
178,1436608599454,-0.61530983,9.813833,2.7850552
179,1436608599473,-0.6278794,9.821015,2.7940333
180,1436608599495,-0.6135142,9.837176,2.7766755
181,1436608599513,-0.62728083,9.835381,2.7431567
182,1436608599536,-0.62847793,9.832987,2.7766755
183,1436608599556,-0.62009823,9.838373,2.783858
184,1436608599575,-0.61291564,9.831191,2.789245
185,1436608599599,-0.6159084,9.858126,2.7868507
186,1436608599616,-0.62249243,9.853337,2.7617116
187,1436608599636,-0.6332663,9.860519,2.7682958
188,1436608599657,-0.6027403,9.837775,2.7940333
189,1436608599676,-0.6015432,9.826403,2.789245
190,1436608599696,-0.623091,9.844358,2.7934349
191,1436608599715,-0.64703304,9.8515415,2.7629087
192,1436608599736,-0.6206968,9.834782,2.7509377
193,1436608599756,-0.6159084,9.832987,2.7527335
194,1436608599774,-0.60932434,9.809643,2.767697
195,1436608599796,-0.58298814,9.824607,2.7790697
196,1436608599817,-0.55964464,9.828796,2.759916
197,1436608599836,-0.5650316,9.846154,2.7605145
198,1436608599858,-0.58538234,9.85214,2.7736826
199,1436608599876,-0.59136784,9.838373,2.7778726
200,1436608599895,-0.60573304,9.817424,2.7712884
201,1436608599915,-0.61770403,9.821015,2.7647045
202,1436608599935,-0.6512229,9.81503,2.7497406
203,1436608599956,-0.6440403,9.834184,2.7377696
204,1436608599977,-0.64463884,9.824008,2.7760768
205,1436608600022,-0.6087258,9.841366,2.779668
206,1436608600023,-0.61112,9.837176,2.7934349
207,1436608600057,-0.62009823,9.836577,2.7832594
208,1436608600058,-0.6344634,9.844358,2.7814639
209,1436608600075,-0.6051345,9.828796,2.7952304
210,1436608600097,-0.62847793,9.837176,2.7910407
211,1436608600113,-0.6314707,9.820416,2.767697
212,1436608600168,-0.6404489,9.811439,2.7670987
213,1436608600169,-0.635062,9.824607,2.7856536
214,1436608600189,-0.6380547,9.81922,2.7748797
215,1436608600200,-0.6183026,9.820416,2.7647045
216,1436608600218,-0.60573304,9.825804,2.779668
217,1436608600236,-0.5931635,9.815628,2.7742813
218,1436608600256,-0.5883751,9.827001,2.7688942
219,1436608600277,-0.59735334,9.834782,2.7551277
220,1436608600297,-0.5835867,9.822811,2.80361
221,1436608600317,-0.58418524,9.813833,2.7988217
222,1436608600337,-0.5758055,9.812037,2.8221653
223,1436608600366,-0.62009823,9.8276,2.795829
224,1436608600373,-0.64703304,9.813833,2.7766755
225,1436608600393,-0.64703304,9.816826,2.779668
226,1436608600413,-0.65062433,9.824008,2.7940333
227,1436608600434,-0.66139823,9.816826,2.7976246
228,1436608600456,-0.6488287,9.86471,2.7730842
229,1436608600475,-0.61650693,9.846154,2.7617116
230,1436608600494,-0.50038815,9.877877,2.754529
231,1436608600513,-0.40761283,9.840169,2.7611132
232,1436608600533,-0.35434186,9.814431,2.7712884
233,1436608600556,-0.3609259,9.844358,2.743755
234,1436608600577,-0.45010993,9.8042555,2.7431567
235,1436608600595,-0.50517654,9.834184,2.742558
236,1436608600616,-0.5506664,9.834184,2.7856536
237,1436608600634,-0.57161564,9.81084,2.8299465
238,1436608600660,-0.6099229,9.818023,2.779668
239,1436608600679,-0.6362591,9.760562,2.7659016
240,1436608600699,-0.6476316,9.857527,2.7928362
241,1436608600717,-0.7290344,9.880871,2.7976246
242,1436608600739,-0.7673417,9.849746,2.7700913
243,1436608600808,-0.79248077,9.812635,2.7898436
244,1436608600809,-0.760159,9.835979,2.7940333
245,1436608600810,-0.6943185,9.834184,2.777274
246,1436608600818,-0.6171055,9.836577,2.7395654
247,1436608600844,-0.53809685,9.829395,2.7287915
248,1436608600856,-0.50637364,9.813833,2.6994624
249,1436608600874,-0.44951138,9.795278,2.6844985
250,1436608600896,-0.38367084,9.787497,2.6551697
251,1436608600915,-0.35194764,9.783307,2.6683378
252,1436608600935,-0.3298013,9.815628,2.657564
253,1436608600954,-0.33159694,9.81084,2.678513
254,1436608600977,-0.31124622,9.865308,2.6617537
255,1436608600996,-0.31364042,9.879673,2.6755204
256,1436608601017,-0.29029694,9.901221,2.6874914
257,1436608601035,-0.26156655,9.9233675,2.665345
258,1436608601056,-0.20649989,9.883863,2.724003
259,1436608601080,-0.15801731,9.896433,2.7287915
260,1436608601096,-0.15861586,9.8677025,2.7281928
261,1436608601115,-0.1604115,9.897031,2.7365725
262,1436608601137,-0.20290859,9.944317,2.77069
263,1436608601157,-0.23942018,10.055049,2.7814639
264,1436608601180,-0.3333926,10.038888,2.7748797
265,1436608601195,-0.4417302,9.987412,2.7341783
266,1436608601214,-0.533907,9.88925,2.666542
267,1436608601236,-0.5650316,9.744401,2.6330233
268,1436608601256,-0.53689975,9.6528225,2.6312277
269,1436608601275,-0.52073884,9.635465,2.6431987
270,1436608601297,-0.5422867,9.743204,2.6563668
271,1436608601318,-0.5847838,9.755774,2.7730842
272,1436608601338,-0.57999533,9.821614,2.8682537
273,1436608601357,-0.57400984,9.846753,2.8999767
274,1436608601375,-0.55725044,9.841366,2.9317
275,1436608601396,-0.57281274,9.849147,2.882619
276,1436608601416,-0.6374562,9.8437605,2.815581
277,1436608601436,-0.7092823,9.796474,2.8281507
278,1436608601455,-0.7673417,9.784504,2.7988217
279,1436608601508,-0.79487497,9.735423,2.8054059
280,1436608601509,-0.8331822,9.728839,2.7850552
281,1436608601542,-0.84814596,9.764751,2.7736826
282,1436608601543,-0.8726865,9.800066,2.8048072
283,1436608601555,-0.8379706,9.835381,2.8275523
284,1436608601575,-0.76315176,9.862315,2.8095956
285,1436608601596,-0.7044938,9.849147,2.8113914
286,1436608601629,-0.62967503,9.837775,2.767697
287,1436608601646,-0.5398925,9.808446,2.754529
288,1436608601656,-0.46746787,9.812037,2.7353754
289,1436608601675,-0.42317516,9.7803135,2.735974
290,1436608601696,-0.38726214,9.812635,2.7216089
291,1436608601718,-0.3549404,9.829993,2.710835
292,1436608601735,-0.30226797,9.812635,2.718616
293,1436608601756,-0.24899697,9.811439,2.7204118
294,1436608601775,-0.2112883,9.81084,2.7263973
295,1436608601796,-0.22026655,9.797672,2.7371712
296,1436608601815,-0.22146365,9.808446,2.7252002
297,1436608601836,-0.25019407,9.79827,2.6952724
298,1436608601855,-0.23582886,9.805453,2.7204118
299,1436608601874,-0.22325931,9.7863,2.6952724
300,1436608601895,-0.25198972,9.79827,2.7084408
301,1436608601914,-0.2633622,9.803658,2.7090392
302,1436608601937,-0.3226187,9.822811,2.7090392
303,1436608601958,-0.37229836,9.840169,2.7156234
304,1436608601978,-0.4381389,9.84795,2.7299886
305,1436608601999,-0.4878186,9.855133,2.7641058
306,1436608602019,-0.53689975,9.905411,2.7748797
307,1436608602037,-0.5781997,9.930551,2.7724855
308,1436608602056,-0.6422446,9.945514,2.802413
309,1436608602078,-0.7200562,9.965266,2.8119898
310,1436608602100,-0.79607207,9.941922,2.7659016
311,1436608602117,-0.87687635,9.917382,2.8078
312,1436608602135,-0.9576807,9.878476,2.7934349
313,1436608602181,-1.0354922,9.878476,2.8000188
314,1436608602182,-1.1162965,9.871294,2.7964275
315,1436608602197,-1.2066777,9.91798,2.8030117
316,1436608602215,-1.2605472,9.954493,2.8149827
317,1436608602235,-1.2934675,9.91798,2.846706
318,1436608602255,-1.2856863,9.922171,2.8574798
319,1436608602277,-1.2797008,9.913791,2.8640637
320,1436608602296,-1.2509704,9.916783,2.867655
321,1436608602316,-1.2084733,9.934141,2.8491
322,1436608602339,-1.1659763,9.938332,2.855684
323,1436608602359,-1.1450269,9.931149,2.867655
324,1436608602380,-1.0791864,9.880272,2.867655
325,1436608602395,-1.0953473,9.820416,2.8491
326,1436608602419,-1.1605892,9.7479925,2.8221653
327,1436608602439,-1.2898762,9.782109,2.8083985
328,1436608602459,-1.4221559,9.710882,2.7964275
329,1436608602485,-1.435324,9.674371,2.7581203
330,1436608602495,-1.3880384,9.589376,2.7682958
331,1436608602516,-1.2785037,9.616311,2.7551277
332,1436608602560,-1.1528081,9.626487,2.7862523
333,1436608602561,-1.049259,9.651626,2.8173769
334,1436608602577,-0.89603,9.737218,2.8048072
335,1436608602598,-0.7811083,9.762956,2.8107927
336,1436608602618,-0.6817489,9.763555,2.8862102
337,1436608602637,-0.6332663,9.76116,2.9011738
338,1436608602657,-0.58657944,9.715072,2.882619
339,1436608602677,-0.57400984,9.664794,2.8299465
340,1436608602696,-0.53211135,9.642648,2.7641058
341,1436608602718,-0.44891283,9.611523,2.7760768
342,1436608602739,-0.3645172,9.676167,2.7742813
343,1436608602759,-0.32920274,9.7479925,2.7856536
344,1436608602777,-0.29628247,9.862315,2.8323407
345,1436608602803,-0.33518824,10.01734,2.854487
346,1436608602871,-0.40641573,10.08737,2.9047651
347,1436608602872,-0.4345476,10.103531,2.949058
348,1436608602887,-0.47524905,10.026319,2.9257145
349,1436608602888,-0.50397944,9.867104,2.8808231
350,1436608602899,-0.54168814,9.698911,2.794632
351,1436608602917,-0.6206968,9.621099,2.700061
352,1436608602936,-0.7116765,9.631873,2.6390088
353,1436608602957,-0.7493851,9.657013,2.6443958
354,1436608602988,-0.7757214,9.7641535,2.710835
355,1436608603008,-0.705691,9.828796,2.8281507
356,1436608603016,-0.62129533,9.928156,2.8652608
357,1436608603037,-0.60333884,9.999383,2.883816
358,1436608603059,-0.57640404,9.980229,2.8939912
359,1436608603077,-0.55365914,9.946113,2.902371
360,1436608603097,-0.5662287,9.937134,2.8772318
361,1436608603117,-0.6087258,9.868899,2.8263552
362,1436608603137,-0.62129533,9.828796,2.8293478
363,1436608603159,-0.599149,9.768343,2.7952304
364,1436608603179,-0.6242881,9.76116,2.782661
365,1436608603199,-0.64463884,9.709685,2.771887
366,1436608603219,-0.6404489,9.657013,2.7778726
367,1436608603240,-0.66139823,9.689933,2.7569232
368,1436608603261,-0.6572084,9.736021,2.7742813
369,1436608603277,-0.6422446,9.803658,2.7868507
370,1436608603299,-0.6159084,9.865907,2.8107927
371,1436608603319,-0.5859809,9.932345,2.8149827
372,1436608603341,-0.5327099,9.926959,2.8538885
373,1436608603360,-0.46686932,9.903615,2.8377275
374,1436608603380,-0.45789108,9.873089,2.8054059
375,1436608603400,-0.44891283,9.799467,2.7790697
376,1436608603420,-0.439336,9.7641535,2.731784
377,1436608603439,-0.40462008,9.76116,2.7311857
378,1436608603460,-0.39863458,9.803658,2.746748
379,1436608603480,-0.38965634,9.85214,2.7742813
380,1436608603501,-0.33518824,9.948506,2.8257565
381,1436608603519,-0.29688102,10.010756,2.8886044
382,1436608603544,-0.31483752,9.980828,2.9622262
383,1436608603617,-0.39085343,9.974244,2.9646204
384,1436608603618,-0.48602295,9.937733,2.926313
385,1436608603619,-0.5835867,9.883863,2.8766334
386,1436608603620,-0.6398504,9.8042555,2.834735
387,1436608603637,-0.5710171,9.676167,2.7641058
388,1436608603658,-0.4405331,9.861118,2.7551277
389,1436608603677,-0.2896984,9.867104,2.7760768
390,1436608603698,-0.11492168,9.722853,2.9059622
391,1436608603717,-0.049081136,9.7402115,2.9789855
392,1436608603738,-0.23642741,9.742006,2.9700072
393,1436608603761,-0.54647654,9.675568,2.932897
394,1436608603777,-0.830788,9.745598,2.8550856
395,1436608603799,-1.0360907,9.806051,2.8000188
396,1436608603819,-1.1917139,9.76954,2.834735
397,1436608603840,-1.3186066,9.781511,2.9053638
398,1436608603860,-1.377863,9.775525,2.9538465
399,1436608603880,-1.3964181,9.8042555,2.9819782
400,1436608603900,-1.3227965,9.757569,2.9771898
401,1436608603920,-1.2264298,9.76116,2.949058
402,1436608603940,-1.0995371,9.791088,2.8323407
403,1436608603960,-0.91697925,9.847352,2.7844565
404,1436608603981,-0.66738373,9.840768,2.7760768
405,1436608603997,-0.4369418,9.772532,2.8520927
406,1436608604020,-0.30466217,9.763555,2.8604724
407,1436608604043,-0.25737667,9.776723,2.8335378
408,1436608604060,-0.2765303,9.783307,2.8329391
409,1436608604082,-0.2896984,9.77373,2.8646624
410,1436608604097,-0.27952304,9.772532,2.8868086
411,1436608604117,-0.3417723,9.7863,2.870648
412,1436608604140,-0.37469256,9.829993,2.9041667
413,1436608604160,-0.362123,9.791686,2.891597
414,1436608604180,-0.30526072,9.7803135,2.9161377
415,1436608604200,-0.26276365,9.835979,2.8886044
416,1436608604221,-0.2136825,10.003573,2.790442
417,1436608604238,-0.059855044,10.038888,2.730587
418,1436608604263,0.2693477,9.981427,2.813187
419,1436608604312,0.49200845,9.913192,3.0544028
420,1436608604313,0.47884035,9.821614,3.2650926
421,1436608604320,0.24361002,9.78989,3.1495724
422,1436608604346,-0.0724246,9.65821,2.9694088
423,1436608604357,-0.29448682,9.5570545,2.789245
424,1436608604378,-0.39444473,9.52593,2.6767175
425,1436608604397,-0.47465047,9.606135,2.6126726
426,1436608604417,-0.49440265,9.634268,2.6318262
427,1436608604440,-0.44472298,9.653421,2.818574
428,1436608604459,-0.4758476,9.703101,2.9137435
429,1436608604479,-0.50757074,9.812635,2.949058
430,1436608604499,-0.61052144,9.813833,2.9358897
431,1436608604518,-0.7248446,9.828796,2.9101522
432,1436608604539,-0.8146271,9.7719345,2.843713
433,1436608604560,-0.89423436,9.74859,2.794632
434,1436608604580,-0.9008184,9.768343,2.7455509
435,1436608604601,-0.8834604,9.853337,2.7006595
436,1436608604621,-0.7727286,9.877279,2.689287
437,1436608604641,-0.6422446,9.894038,2.8173769
438,1436608604661,-0.516549,9.968858,2.8311436
439,1436608604680,-0.43514615,9.96347,2.8640637
440,1436608604701,-0.39743748,9.935339,2.906561
441,1436608604721,-0.29927522,9.9550905,2.9029696
442,1436608604739,-0.25498247,9.8677025,2.8514943
443,1436608604761,-0.20649989,9.836577,2.8538885
444,1436608604779,-0.14305355,9.811439,2.8443117
445,1436608604799,-0.11611878,9.835979,2.8526914
446,1436608604818,-0.08200141,9.816227,2.858677
447,1436608604842,-0.030526072,9.836577,2.847903
448,1436608604862,0.061052144,9.855731,2.870648
449,1436608604882,0.1364695,9.844957,2.883816
450,1436608604901,0.19572599,9.84795,2.9005754
451,1436608604919,0.25318682,9.840768,2.8880057
452,1436608604938,0.23642741,9.845556,2.871845
453,1436608604959,0.20530279,9.837775,2.8550856
454,1436608604980,0.12749124,9.8515415,2.8455088
455,1436608604998,0.076614454,9.803658,2.837129
456,1436608605065,0.016759412,9.782708,2.8688521
457,1436608605066,-0.08140286,9.847352,2.8413188
458,1436608605067,-0.16280572,9.894038,2.8311436
459,1436608605099,-0.1933318,9.853337,2.8694508
460,1436608605106,-0.1921347,9.853337,2.8658595
461,1436608605119,-0.17058687,9.844957,2.895787
462,1436608605138,-0.16879122,9.837775,2.9083564
463,1436608605159,-0.15023616,9.829993,2.907758
464,1436608605178,-0.16759412,9.828796,2.920926
465,1436608605200,-0.15203181,9.793482,2.882619
466,1436608605219,-0.12150574,9.7641535,2.8766334
467,1436608605241,-0.130484,9.782708,2.8461072
468,1436608605261,-0.11133038,9.798869,2.858677
469,1436608605280,-0.078410104,9.792285,2.8892028
470,1436608605300,-0.088585466,9.807249,2.9514523
471,1436608605320,-0.14963761,9.8683,2.9526494
472,1436608605340,-0.15562311,9.817424,2.9586349
473,1436608605361,-0.09935937,9.855731,2.918532
474,1436608605382,-0.050876785,9.877877,2.9119477
475,1436608605402,-0.022146367,9.949704,2.9939492
476,1436608605422,0.0035913025,10.051457,3.0424318
477,1436608605440,0.0077811554,10.199898,3.0963013
478,1436608605460,0.038307227,10.143634,3.2172086
479,1436608605480,0.09876082,10.001179,3.1794999
480,1436608605499,0.1340753,9.783307,3.1028855
481,1436608605522,0.24181437,9.676167,3.0148985
482,1436608605540,0.33279404,9.718064,3.0029275
483,1436608605560,0.427365,9.67856,3.0466216
484,1436608605582,0.60333884,9.695918,3.1884782
485,1436608605600,0.717662,9.613318,3.3327289
486,1436608605621,0.770933,9.788693,3.429694
487,1436608605641,0.79487497,9.846154,3.508104
488,1436608605660,0.88525605,9.837176,3.527856
489,1436608605680,1.0073603,9.81922,3.6409822
490,1436608605702,1.0755951,9.673772,3.7205894
491,1436608605719,1.0893618,9.488221,3.721188
492,1436608605739,1.055843,9.411008,3.6475663
493,1436608605769,0.93373865,9.431957,3.50571
494,1436608605780,0.84096336,9.433155,3.4644098
495,1436608605829,0.7870938,9.5253315,3.5116954
496,1436608605830,0.7565677,9.542689,3.614646
497,1436608605849,0.7517793,9.504981,3.779846
498,1436608605859,0.79367787,9.483433,3.894169
499,1436608605879,0.83737206,9.45171,4.03004
500,1436608605900,0.94810385,9.456498,4.1012673
501,1436608605920,1.0462662,9.433155,4.0940847
502,1436608605941,1.1127052,9.276335,4.124611
503,1436608605961,1.1336545,9.209297,4.1521444
504,1436608605980,1.2204443,9.293094,4.159327
505,1436608606000,1.271321,9.3822775,4.1371803
506,1436608606022,1.2234371,9.264962,4.1940427
507,1436608606046,1.1988965,9.313444,4.292804
508,1436608606062,1.1857284,9.293693,4.4047327
509,1436608606080,1.1366472,9.132683,4.484938
510,1436608606103,1.0468647,9.138668,4.495114
511,1436608606120,1.06123,9.143456,4.5040917
512,1436608606139,1.0929531,9.068638,4.5807066
513,1436608606159,1.13964,9.060258,4.6142254
514,1436608606180,1.1869255,8.969278,4.697424
515,1436608606200,1.270124,8.9279785,4.782418
516,1436608606221,1.2898762,8.876503,4.745308
517,1436608606239,1.2892777,8.750209,4.6860514
518,1436608606260,1.2952632,8.882488,4.770447
519,1436608606281,1.2934675,9.076419,4.9182887
520,1436608606301,1.2797008,8.841188,5.0212393
521,1436608606321,1.2545617,8.474875,5.0302176
522,1436608606341,1.347337,8.319252,4.8680105
523,1436608606362,1.4454993,8.464102,4.845266
524,1436608606380,1.4323312,8.620922,4.799177
525,1436608606402,1.3036429,8.741829,4.673482
526,1436608606421,1.0959458,8.637083,4.607641
527,1436608606442,0.99538934,8.797494,4.595072
528,1436608606461,1.1312603,8.661025,4.6800656
529,1436608606481,1.287482,8.391677,4.8422728
530,1436608606507,1.2797008,8.498817,4.9524064
531,1436608606565,1.2850877,8.711902,4.863222
532,1436608606566,1.0845734,8.72507,4.717176
533,1436608606567,0.93014735,8.568848,4.618415
534,1436608606586,0.8355764,8.554482,4.583699
535,1436608606601,0.9151836,8.849568,4.5286326
536,1436608606620,1.0552444,8.808268,4.481347
537,1436608606639,1.1593921,8.76637,4.4843397
538,1436608606660,1.1528081,8.781932,4.4544125
539,1436608606680,1.1312603,8.9842415,4.405331
540,1436608606702,1.110311,9.321226,4.076727
541,1436608606721,1.0564415,9.575011,3.8235402
542,1436608606740,0.97264445,9.513959,3.7840357
543,1436608606762,0.9211691,9.483433,3.7642837
544,1436608606782,0.9115923,9.46847,3.7098155
545,1436608606803,0.85532856,9.578004,3.57993
546,1436608606826,0.7673417,9.800665,3.417723
547,1436608606840,0.741604,9.940725,3.2782607
548,1436608606863,0.8415619,10.040085,3.1717186
549,1436608606883,1.0779893,10.0269165,3.2303767
550,1436608606903,1.4251486,10.317214,3.3632548
551,1436608606920,1.9416976,10.409989,3.54282
552,1436608606941,2.11827,10.408792,3.5649664
553,1436608606963,2.2134395,10.365098,3.5817258
554,1436608606986,2.2062569,10.377667,3.3028011
555,1436608607003,2.030283,10.173561,3.0310593
556,1436608607023,1.6891093,9.873688,2.830545
557,1436608607042,1.3605051,9.697116,2.707842
558,1436608607063,1.1061212,9.634866,2.553416
559,1436608607080,0.93852705,9.611523,2.4791958
560,1436608607102,0.8086416,9.6767645,2.4839842
561,1436608607121,0.7673417,9.782109,2.5923219
562,1436608607141,0.7398083,9.902418,2.7742813
563,1436608607163,0.6835446,10.016143,2.8209682
564,1436608607183,0.66738373,9.950302,2.8658595
565,1436608607201,0.6961141,9.980229,2.8868086
566,1436608607221,0.7116765,9.94312,2.8933928
567,1436608607247,0.74758947,9.93474,2.8293478
568,1436608607316,0.7649474,9.876082,2.8054059
569,1436608607317,0.7230489,9.832388,2.814384
570,1436608607320,0.6410475,9.772532,2.8018146
571,1436608607321,0.56203884,9.722255,2.782661
572,1436608607340,0.5267244,9.758167,2.77069
573,1436608607360,0.47465047,9.807249,2.7850552
574,1436608607380,0.45190558,9.821614,2.8113914
575,1436608607406,0.41838676,9.820416,2.867655
576,1436608607421,0.40880993,9.862315,2.895787
577,1436608607440,0.3812766,9.856929,2.8981812
578,1436608607465,0.3369839,9.822212,2.878429
579,1436608607481,0.31543607,9.81922,2.8640637
580,1436608607500,0.28072014,9.800665,2.8658595
581,1436608607523,0.22325931,9.762358,2.8742392
582,1436608607542,0.14305355,9.755175,2.8904
583,1436608607564,0.089782566,9.730036,2.8939912
584,1436608607582,0.037708677,9.763555,2.8766334
585,1436608607604,-0.008978256,9.784504,2.9251158
586,1436608607624,-0.04129998,9.824607,2.9592333
587,1436608607642,-0.051475335,9.811439,2.9700072
588,1436608607662,-0.005985504,9.792884,2.9670146
589,1436608607681,0.059855044,9.793482,2.9670146
590,1436608607707,0.11252748,9.72824,2.9466639
591,1436608607724,0.09636662,9.707291,2.9616275
592,1436608607742,0.108337626,9.755175,2.944868
593,1436608607764,0.08319851,9.737817,2.9322984
594,1436608607784,0.032920275,9.792884,2.938284
595,1436608607803,-0.0077811554,9.792285,2.956839
596,1436608607823,-0.08200141,9.783905,2.9622262
597,1436608607841,-0.11552023,9.771336,2.9700072
598,1436608607863,-0.12569559,9.780912,2.9574378
599,1436608607881,-0.14664486,9.797073,2.966416
600,1436608607904,-0.17118542,9.784504,2.9759927
601,1436608607924,-0.11372458,9.782708,2.9580362
602,1436608607942,-0.037110128,9.762358,2.9813797
603,1436608607962,0.0053869537,9.745598,3.003526
604,1436608608043,-0.0047884034,9.76954,2.9987376
605,1436608608044,-0.05746084,9.774927,2.9909565
606,1436608608050,-0.09876082,9.765948,2.9700072
607,1436608608051,-0.11731588,9.797672,2.961029
608,1436608608067,-0.11312603,9.800066,2.9789855
609,1436608608081,-0.08619126,9.803658,2.9891608
610,1436608608102,-0.07062895,9.785701,3.0071173
611,1436608608121,-0.037708677,9.79827,2.9783869
612,1436608608141,-0.004189853,9.733627,2.9622262
613,1436608608165,0.062249243,9.671976,2.9706059
614,1436608608181,0.11492168,9.752781,2.961029
615,1436608608201,0.15502456,9.758766,2.9251158
616,1436608608222,0.18255788,9.7563715,2.9640217
617,1436608608242,0.18315643,9.822811,2.983774
618,1436608608263,0.1945289,9.813833,3.0280666
619,1436608608283,0.18734628,9.791686,3.0238767
620,1436608608304,0.1945289,9.834184,2.984971
621,1436608608325,0.17238252,9.810242,2.9700072
622,1436608608343,0.18435353,9.7719345,2.9179332
623,1436608608365,0.2669535,9.81503,2.9071593
624,1436608608385,0.3345897,9.814431,2.915539
625,1436608608404,0.3549404,9.812635,2.9083564
626,1436608608425,0.40282443,9.799467,2.8760347
627,1436608608442,0.43275195,9.835979,2.8832173
628,1436608608464,0.46327803,9.91798,2.8658595
629,1436608608485,0.4770447,9.932345,2.8592753
630,1436608608504,0.5093664,9.926959,2.8820202
631,1436608608525,0.52971715,9.974843,2.8508956
632,1436608608545,0.5398925,9.922769,2.8473043
633,1436608608565,0.51355624,9.888652,2.8245595
634,1436608608594,0.4794389,9.876082,2.806603
635,1436608608601,0.46327803,9.872491,2.7970262
636,1436608608621,0.4213795,9.835381,2.7736826
637,1436608608641,0.44831428,9.835381,2.7168205
638,1436608608665,0.50158525,9.845556,2.6886885
639,1436608608686,0.5506664,9.812037,2.6928782
640,1436608608706,0.61171854,9.820416,2.682703
641,1436608608724,0.64823014,9.786898,2.6557682
642,1436608608746,0.6835446,9.783307,2.6683378
643,1436608608813,0.6781576,9.8198185,2.7084408
644,1436608608814,0.6596026,9.8198185,2.7263973
645,1436608608815,0.6087258,9.838373,2.7012582
646,1436608608822,0.6171055,9.898229,2.6886885
647,1436608608844,0.64463884,9.91439,2.6994624
648,1436608608863,0.7044938,9.866506,2.7060466
649,1436608608882,0.7733272,9.902418,2.6916811
650,1436608608904,0.78170687,9.930551,2.6731262
651,1436608608922,0.801459,9.93893,2.633622
652,1436608608945,0.8379706,9.997588,2.654571
653,1436608608962,0.85293436,9.935339,2.7281928
654,1436608608985,0.7858967,9.894637,2.7275944
655,1436608609002,0.7565677,9.89344,2.693477
656,1436608609026,0.7206547,9.849746,2.6210523
657,1436608609042,0.76554596,9.81503,2.597709
658,1436608609065,0.81343,9.821614,2.574964
659,1436608609082,0.8900445,9.807847,2.557606
660,1436608609105,0.9624691,9.802461,2.5773582
661,1436608609122,1.0181342,9.8437605,2.5905263
662,1436608609145,1.0570401,9.872491,2.5923219
663,1436608609166,1.0474633,9.884461,2.5635915
664,1436608609187,1.0582372,9.901221,2.542642
665,1436608609202,1.0253168,9.883265,2.5396495
666,1436608609226,1.0366893,9.853337,2.5899277
667,1436608609245,1.0444705,9.865308,2.585738
668,1436608609265,1.0319009,9.885659,2.5779567
669,1436608609285,1.0127473,9.902418,2.544438
670,1436608609305,0.98102415,9.909601,2.5492263
671,1436608609325,0.95109665,9.886856,2.5773582
672,1436608609345,0.908001,9.887454,2.5737667
673,1436608609366,0.93254155,9.863512,2.565387
674,1436608609386,0.9187749,9.880272,2.5623944
675,1436608609406,0.9151836,9.873688,2.5480292
676,1436608609426,0.9247604,9.858126,2.574964
677,1436608609445,0.90859956,9.877279,2.5504234
678,1436608609466,0.89303726,9.892841,2.585738
679,1436608609515,0.86251116,9.911396,2.610877
680,1436608609516,0.8242039,9.908403,2.606687
681,1436608609523,0.81163436,9.897031,2.598906
682,1436608609542,0.82480246,9.879673,2.598906
683,1436608609563,0.8403648,9.865907,2.5767596
684,1436608609586,0.8655039,9.8437605,2.5767596
685,1436608609602,0.86849666,9.850345,2.586935
686,1436608609625,0.80924016,9.861717,2.6042929
687,1436608609642,0.75357497,9.859921,2.6001031
688,1436608609664,0.7541735,9.879075,2.5803509
689,1436608609683,0.7422025,9.8916445,2.5881321
690,1436608609706,0.6931214,9.953894,2.5941176
691,1436608609729,0.6655881,10.004171,2.5731683
692,1436608609745,0.6584055,9.979631,2.557606
693,1436608609766,0.694917,9.913791,2.5791538
694,1436608609786,0.6781576,9.902418,2.6120741
695,1436608609806,0.59855044,9.886257,2.6581624
696,1436608609826,0.53809685,9.834184,2.6527755
697,1436608609843,0.5201403,9.8515415,2.6491842
698,1436608609866,0.5315128,9.828796,2.6324248
699,1436608609886,0.5734113,9.798869,2.6246436
700,1436608609907,0.57161564,9.742605,2.6617537
701,1436608609923,0.53809685,9.771336,2.7012582
702,1436608609946,0.5069722,9.812037,2.6940753
703,1436608609967,0.45669398,9.818622,2.6767175
704,1436608609986,0.42317516,9.831789,2.665345
705,1436608610006,0.4357447,9.89344,2.6473885
706,1436608610026,0.4321534,9.931747,2.621651
707,1436608610046,0.43754035,9.940725,2.6234465
708,1436608610065,0.4321534,9.92636,2.670732
709,1436608610083,0.46387658,9.940127,2.610877
710,1436608610110,0.50637364,10.053851,2.6048915
711,1436608610126,0.61112,10.08318,2.5899277
712,1436608610147,0.7110779,10.120889,2.6042929
713,1436608610169,0.75118077,10.093954,2.6443958
714,1436608610197,0.6961141,9.927557,2.6701334
715,1436608610205,0.6171055,9.774927,2.6282349
716,1436608610270,0.4842273,9.759365,2.574964
717,1436608610271,0.36750996,9.739613,2.5372553
718,1436608610272,0.29747957,9.757569,2.5103204
719,1436608610283,0.24181437,9.759963,2.5629928
720,1436608610306,0.19991584,9.811439,2.6180596
721,1436608610323,0.20350714,9.840768,2.6641479
722,1436608610343,0.20829555,9.885659,2.669535
723,1436608610365,0.1945289,9.895834,2.7042508
724,1436608610385,0.20290859,9.918579,2.698864
725,1436608610404,0.20051439,9.928755,2.7006595
726,1436608610425,0.19033903,9.970055,2.7102363
727,1436608610446,0.13587095,9.953894,2.7449522
728,1436608610463,0.074220255,9.901221,2.7407625
729,1436608610486,0.038307227,9.8754835,2.6898856
730,1436608610506,0.012569559,9.870096,2.6408045
731,1436608610527,0.04129998,9.897031,2.6210523
732,1436608610546,0.077811554,9.904214,2.6473885
733,1436608610567,0.08379706,9.902418,2.6898856
734,1436608610587,0.10115502,9.881469,2.705448
735,1436608610607,0.11552023,9.8994255,2.7210102
736,1436608610627,0.094570965,9.901819,2.7443538
737,1436608610645,0.036511578,9.89763,2.6928782
738,1436608610666,0.034715924,9.888652,2.7180176
739,1436608610686,0.017357962,9.872491,2.689287
740,1436608610706,0.023942016,9.85214,2.7042508
741,1436608610727,0.04129998,9.807249,2.719813
742,1436608610746,0.09995792,9.776124,2.7180176
743,1436608610767,0.1448492,9.7719345,2.7252002
744,1436608610787,0.16998832,9.739014,2.735974
745,1436608610807,0.19931729,9.715671,2.8042088
746,1436608610827,0.207697,9.753379,2.8574798
747,1436608610848,0.17298107,9.85214,2.8724434
748,1436608610867,0.10594343,9.994595,2.7970262
749,1436608610886,0.046088383,10.068216,2.7144263
750,1436608610916,0.046088383,10.083779,2.6270378
751,1436608610979,-0.0011971008,10.068216,2.5911248
752,1436608610980,-0.046686932,10.094553,2.558803
753,1436608610981,-0.09935937,10.075399,2.594716
754,1436608610987,-0.17597382,10.105327,2.6024973
755,1436608611013,-0.18016368,10.13286,2.5623944
756,1436608611030,-0.11971009,10.109517,2.5408466
757,1436608611046,-0.022744916,10.069414,2.5276785
758,1436608611066,0.059855044,10.034698,2.5396495
759,1436608611089,0.110731825,10.053851,2.6018987
760,1436608611105,0.15143326,9.990405,2.6527755
761,1436608611124,0.25737667,9.85633,2.6868927
762,1436608611145,0.39145198,9.803658,2.712032
763,1436608611169,0.45250413,9.76535,2.6862943
764,1436608611187,0.50637364,9.68275,2.747945
765,1436608611204,0.521936,9.578004,2.7928362
766,1436608611224,0.5805939,9.566033,2.847903
767,1436608611244,0.6392518,9.560047,2.8473043
768,1436608611264,0.6733692,9.598953,2.8604724
769,1436608611287,0.6919243,9.633669,2.908955
770,1436608611307,0.682946,9.676167,3.008913
771,1436608611327,0.58897364,9.736021,3.0400376
772,1436608611347,0.47046062,9.721656,3.0358477
773,1436608611367,0.3716998,9.6767645,3.0496144
774,1436608611386,0.2908955,9.673173,3.0280666
775,1436608611407,0.24420857,9.679757,2.9562407
776,1436608611427,0.23283611,9.698313,2.8868086
777,1436608611446,0.26515785,9.7479925,2.8993783
778,1436608611467,0.2801216,9.744401,2.9095535
779,1436608611487,0.3693056,9.789292,2.9340942
780,1436608611508,0.47285482,9.788095,2.9502552
781,1436608611529,0.53450555,9.803658,2.9388826
782,1436608611550,0.59495914,9.817424,2.9281087
783,1436608611567,0.60693014,9.795278,2.8760347
784,1436608611586,0.5386954,9.844358,2.8568811
785,1436608611606,0.439336,9.826403,2.8287494
786,1436608611627,0.3549404,9.845556,2.7898436
787,1436608611646,0.30526072,9.946113,2.7431567
788,1436608611719,0.2621651,10.051457,2.7569232
789,1436608611720,0.25019407,10.053253,2.7898436
790,1436608611733,0.24121583,10.063428,2.8287494
791,1436608611734,0.23582886,10.140641,2.8568811
792,1436608611745,0.219668,10.14124,2.8191724
793,1436608611769,0.22266077,10.043077,2.8209682
794,1436608611786,0.2681506,9.9233675,2.8269536
795,1436608611806,0.2777274,9.807847,2.8137856
796,1436608611828,0.25797522,9.7479925,2.7688942
797,1436608611846,0.24241292,9.656414,2.7473464
798,1436608611871,0.2100912,9.548675,2.7132292
799,1436608611886,0.18195933,9.456498,2.6862943
800,1436608611908,0.18195933,9.506777,2.6372132
801,1436608611925,0.12689269,9.589376,2.6641479
802,1436608611948,0.037110128,9.84795,2.7371712
803,1436608611968,0.02873042,10.078392,2.8778305
804,1436608611988,0.021547815,10.257359,3.0053217
805,1436608612008,0.035314474,10.31901,3.091513
806,1436608612031,0.05267244,10.262147,3.1226375
807,1436608612047,0.09816227,10.031107,3.044826
808,1436608612065,0.093373865,9.888652,2.8514943
809,1436608612087,0.08738836,9.700109,2.7246015
810,1436608612106,0.11911154,9.558251,2.6617537
811,1436608612127,0.17417817,9.514558,2.6222494
812,1436608612148,0.18375498,9.5385,2.669535
813,1436608612168,0.25378537,9.635465,2.6970682
814,1436608612188,0.29688102,9.841965,2.7736826
815,1436608612208,0.36391866,10.035296,2.8431146
816,1436608612228,0.45549688,10.111911,2.9191303
817,1436608612249,0.5506664,10.098145,2.9670146
818,1436608612268,0.5566519,9.980229,2.9299042
819,1436608612288,0.45549688,9.859323,2.870648
820,1436608612308,0.33518824,9.734225,2.8018146
821,1436608612327,0.22325931,9.718663,2.7443538
822,1436608612347,0.1400608,9.706693,2.7377696
823,1436608612367,0.08439561,9.783905,2.7724855
824,1436608612386,0.088585466,9.911396,2.7928362
825,1436608612439,0.094570965,9.953295,2.8173769
826,1436608612452,0.10055647,9.977237,2.8245595
827,1436608612453,0.12629414,10.012551,2.8054059
828,1436608612465,0.15502456,9.977237,2.7862523
829,1436608612488,0.19692309,9.915586,2.7688942
830,1436608612520,0.15861586,9.846753,2.7641058
831,1436608612527,0.11133038,9.811439,2.7377696
832,1436608612546,0.13227965,9.807249,2.734777
833,1436608612568,0.1340753,9.796474,2.734777
834,1436608612587,0.17776948,9.816227,2.7629087
835,1436608612608,0.2717419,9.826403,2.8072014
836,1436608612628,0.3537433,9.824607,2.7880478
837,1436608612646,0.45130703,9.821614,2.8095956
838,1436608612670,0.504578,9.802461,2.7688942
839,1436608612688,0.5686229,9.834184,2.779668
840,1436608612709,0.62009823,9.850345,2.759916
841,1436608612729,0.6775591,9.833585,2.7575219
842,1436608612749,0.7212533,9.81503,2.7353754
843,1436608612769,0.7661445,9.849746,2.7030537
844,1436608612789,0.8002619,9.799467,2.7156234
845,1436608612810,0.830788,9.776723,2.7281928
846,1436608612828,0.85413146,9.776723,2.7509377
847,1436608612849,0.88046765,9.828198,2.7443538
848,1436608612867,0.87567925,9.848549,2.7335799
849,1436608612887,0.8846575,9.838972,2.7102363
850,1436608612914,0.86610246,9.834184,2.6970682
851,1436608612926,0.85293436,9.834782,2.7048495
852,1436608612946,0.8283938,9.861717,2.658761
853,1436608612967,0.8086416,9.862914,2.6677392
854,1436608612987,0.8194155,9.88506,2.657564
855,1436608613007,0.80564886,9.956287,2.64679
856,1436608613034,0.8355764,9.985617,2.6551697
857,1436608613050,0.87208796,9.959879,2.6431987
858,1436608613067,0.9068039,9.950302,2.6677392
859,1436608613139,0.90979666,9.944916,2.6629508
860,1436608613140,0.92655605,9.877877,2.6138697
861,1436608613141,0.9151836,9.795278,2.6162639
862,1436608613160,0.908001,9.749788,2.634819
863,1436608613176,0.8972271,9.786898,2.6449943
864,1436608613186,0.8463503,9.8437605,2.697667
865,1436608613206,0.76315176,9.913192,2.7234044
866,1436608613226,0.7152678,9.926959,2.7329812
867,1436608613252,0.7146692,9.869498,2.742558
868,1436608613267,0.7410054,9.815628,2.6898856
869,1436608613286,0.7835025,9.902418,2.5905263
870,1436608613306,0.8631097,9.8437605,2.6042929
871,1436608613326,0.9600749,9.766547,2.6521769
872,1436608613348,1.0666169,9.79827,2.665345
873,1436608613368,1.0875661,9.80665,2.6797101
874,1436608613389,1.0809821,9.840768,2.7006595
875,1436608613408,1.0283096,9.928156,2.678513
876,1436608613429,0.98940384,9.919776,2.7156234
877,1436608613449,0.96306765,9.865308,2.731784
878,1436608613469,0.9792285,9.891046,2.6731262
879,1436608613487,1.0313023,9.873688,2.6282349
880,1436608613507,1.0791864,9.853935,2.6539726
881,1436608613530,1.0684125,9.752182,2.6737247
882,1436608613546,1.0121487,9.754577,2.7036524
883,1436608613570,0.9379285,9.718064,2.6791117
884,1436608613591,0.88286185,9.763555,2.633622
885,1436608613611,0.81522566,9.909601,2.6013002
886,1436608613631,0.7290344,9.885659,2.6647465
887,1436608613647,0.75596917,9.803658,2.7060466
888,1436608613666,0.7858967,9.742006,2.6797101
889,1436608613686,0.86849666,9.854534,2.7252002
890,1436608613706,0.92176765,9.853935,2.778471
891,1436608613731,0.89184016,9.841366,2.8526914
892,1436608613751,0.7966706,10.04607,2.8760347
893,1436608613781,0.688333,10.1143055,2.7886465
894,1436608613786,0.65541273,10.195109,2.6449943
895,1436608613820,0.7200562,10.232818,2.5420437
896,1436608613829,0.8050503,10.205883,2.4624364
897,1436608613846,0.961272,10.128671,2.385822
898,1436608613866,1.1115081,9.932944,2.4187422
899,1436608613886,1.1988965,9.870695,2.4139538
900,1436608613907,1.2114661,9.801862,2.4103625
901,1436608613926,1.2024878,9.712079,2.4672248
902,1436608613948,1.1300632,9.737817,2.541445
903,1436608613970,1.062427,9.697116,2.6354175
904,1436608613988,1.0169371,9.685743,2.700061
905,1436608614010,0.95947635,9.643246,2.7485435
906,1436608614031,0.8936358,9.64564,2.830545
907,1436608614049,0.82480246,9.607931,2.8909986
908,1436608614067,0.7260417,9.554661,2.9364884
909,1436608614088,0.66858083,9.619903,2.891597
910,1436608614110,0.6159084,9.633669,2.8353333
911,1436608614128,0.62728083,9.598953,2.8694508
912,1436608614150,0.59974754,9.621698,2.8395233
913,1436608614168,0.5793968,9.610326,2.8335378
914,1436608614189,0.599149,9.617508,2.8281507
915,1436608614209,0.6404489,9.615712,2.7844565
916,1436608614229,0.6745663,9.734225,2.7551277
917,1436608614249,0.6991069,9.853935,2.7042508
918,1436608614269,0.7032967,9.910199,2.7299886
919,1436608614290,0.65421563,9.947908,2.7329812
920,1436608614310,0.57760113,9.948506,2.7192147
921,1436608614330,0.46746787,9.982025,2.6755204
922,1436608614350,0.3800795,9.987412,2.60968
923,1436608614370,0.30286652,9.961675,2.6030958
924,1436608614388,0.24899697,9.912594,2.6090813
925,1436608614409,0.18555063,9.921572,2.593519
926,1436608614428,0.12928689,9.89763,2.6114755
927,1436608614450,0.1352724,9.887454,2.6743233
928,1436608614513,0.15562311,9.9550905,2.7371712
929,1436608614514,0.17298107,10.070012,2.7629087
930,1436608614515,0.1388637,10.175956,2.7856536
931,1436608614528,0.08080431,10.229227,2.7940333
932,1436608614552,0.035913024,10.180744,2.7503393
933,1436608614568,-0.033518825,10.121488,2.694674
934,1436608614588,-0.055066638,10.085575,2.658761
935,1436608614609,-0.05925649,9.989208,2.6240451
936,1436608614629,0.02873042,9.91439,2.617461
937,1436608614648,0.08559271,9.882666,2.5899277
938,1436608614670,0.1316811,9.871892,2.5965118
939,1436608614688,0.2112883,9.853337,2.6090813
940,1436608614708,0.25258827,9.904813,2.610877
941,1436608614729,0.2825158,9.91798,2.6420016
942,1436608614750,0.2693477,9.889849,2.6659436
943,1436608614770,0.27353755,9.911396,2.689287
944,1436608614790,0.26874915,9.909002,2.7150247
945,1436608614810,0.23582886,9.854534,2.7629087
946,1436608614830,0.19093758,9.831191,2.7569232
947,1436608614850,0.16160862,9.836577,2.7449522
948,1436608614870,0.12689269,9.844358,2.7144263
949,1436608614890,0.09696517,9.7719345,2.710835
950,1436608614910,0.12509704,9.777321,2.6970682
951,1436608614930,0.15562311,9.820416,2.7180176
952,1436608614950,0.20649989,9.801263,2.767697
953,1436608614969,0.24660277,9.787497,2.8018146
954,1436608614989,0.25198972,9.80665,2.854487
955,1436608615010,0.24480712,9.796474,2.8496985
956,1436608615034,0.26276365,9.787497,2.8203697
957,1436608615162,0.24301147,9.786898,2.806603
958,1436608615163,0.25378537,9.779117,2.7862523
959,1436608615164,0.2873042,9.81503,2.7910407
960,1436608615165,0.2885013,9.860519,2.77069
961,1436608615166,0.24779987,9.880272,2.8095956
962,1436608615167,0.17836803,9.88925,2.806603
963,1436608615200,0.12389994,9.861717,2.790442
964,1436608615201,0.12090719,9.867104,2.7449522
965,1436608615208,0.16879122,9.812635,2.7281928
966,1436608615232,0.25139117,9.835381,2.694674
967,1436608615298,0.32680854,9.812635,2.7252002
968,1436608615299,0.3728969,9.81922,2.7682958
969,1436608615300,0.3321955,9.817424,2.7832594
970,1436608615308,0.31603462,9.853337,2.791639
971,1436608615331,0.27712885,9.838373,2.7874494
972,1436608615348,0.28670564,9.870096,2.735974
973,1436608615368,0.25917232,9.906608,2.754529
974,1436608615389,0.25019407,9.902418,2.7455509
975,1436608615410,0.25198972,9.935937,2.7527335
976,1436608615429,0.27952304,9.919178,2.7395654
977,1436608615449,0.34835634,9.920973,2.741361
978,1436608615470,0.39145198,9.840169,2.7210102
979,1436608615490,0.40701428,9.866506,2.7084408
980,1436608615510,0.40701428,9.886257,2.7371712
981,1436608615530,0.38486794,9.877279,2.7431567
982,1436608615550,0.41958386,9.812635,2.7497406
983,1436608615570,0.4345476,9.806051,2.741361
984,1436608615590,0.47524905,9.910798,2.7431567
985,1436608615610,0.55485624,9.943718,2.7407625
986,1436608615630,0.64703304,9.935937,2.6982653
987,1436608615650,0.6667852,9.935937,2.6605566
988,1436608615672,0.6536171,9.93893,2.7539306
989,1436608615689,0.6805518,10.004171,2.8377275
990,1436608615710,0.7182605,10.152014,2.9107506
991,1436608615730,0.6889315,10.19451,2.9765913
992,1436608615751,0.8643068,9.831191,3.09271
993,1436608615771,1.1575965,9.66659,3.0819361
994,1436608615790,1.2366052,9.638457,3.0376434
995,1436608615811,1.2018893,9.72824,2.8892028
996,1436608615831,1.1492168,9.85214,2.779668
997,1436608615850,1.0642227,9.812037,2.906561
998,1436608615874,0.9756372,9.758167,3.1842883
999,1436608615891,0.7248446,9.831191,3.3506854
1000,1436608615911,0.41240123,9.78989,3.335123
1001,1436608615931,0.3549404,9.655815,3.2279825
1002,1436608615955,0.504578,9.635465,3.2208
1003,1436608616019,0.7727286,9.704897,3.241749
1004,1436608616020,1.0205284,9.698313,3.3243492
1005,1436608616021,1.1803415,9.625888,3.4584243
1006,1436608616032,1.323395,9.576208,3.4931402
1007,1436608616050,1.4227544,9.487623,3.550601
1008,1436608616075,1.395221,9.4217825,3.6272156
1009,1436608616098,1.1994951,9.377489,3.630807
1010,1436608616111,1.0163386,9.303269,3.6182373
1011,1436608616129,0.8343793,9.340978,3.520075
1012,1436608616149,0.6859388,9.43914,3.4650085
1013,1436608616170,0.5129577,9.43495,3.448249
1014,1436608616213,0.48482585,9.46009,3.4680011
1015,1436608616214,0.51475334,9.306861,3.50152
1016,1436608616230,0.7308301,9.248801,3.5422213
1017,1436608616252,0.9600749,9.298481,3.6134489
1018,1436608616270,1.0432734,9.397242,3.7008374
1019,1436608616290,1.163582,9.512163,3.8031895
1020,1436608616311,1.2779051,9.519346,3.970185
1021,1436608616330,1.3060371,9.622296,3.9653966
1022,1436608616350,1.2814964,9.61691,3.9252937
1023,1436608616369,1.2779051,9.506178,3.8720226
1024,1436608616390,1.3072342,9.473258,3.7229836
1025,1436608616411,1.3605051,9.43076,3.66253
1026,1436608616431,1.3730747,9.474455,3.6116533
1027,1436608616450,1.3174095,9.415198,3.594894
1028,1436608616471,1.1887212,9.333796,3.5488055
1029,1436608616490,1.0720038,9.363124,3.425504
1030,1436608616510,0.91458505,9.352949,3.3171666
1031,1436608616560,0.8086416,9.280524,3.3075895
1032,1436608616561,0.7344214,9.285912,3.283049
1033,1436608616570,0.6691794,9.392453,3.1890767
1034,1436608616592,0.6835446,9.569026,3.1441853
1035,1436608616611,0.7846996,9.627684,3.2064347
1036,1436608616631,0.8218097,9.714474,3.3423057
1037,1436608616652,0.8110358,9.8437605,3.4021606
1038,1436608616670,0.7823054,9.898827,3.3734303
1039,1436608616692,0.80086046,9.8677025,3.304597
1040,1436608616710,0.78649527,9.913192,3.217807
1041,1436608616730,0.8499416,10.081984,3.0603883
1042,1436608616750,0.9355343,10.057443,3.0250738
1043,1436608616815,1.055843,9.958083,3.0771477
1044,1436608616816,1.1599907,9.935339,3.0376434
1045,1436608616817,1.1941081,9.983223,2.971803
1046,1436608616860,1.0833763,9.982025,2.8455088
1047,1436608616861,0.9235633,10.095152,2.6749218
1048,1436608616873,0.7721301,10.132261,2.5911248
1049,1436608616907,0.66858083,10.065224,2.5851393
1050,1436608616911,0.61171854,9.903017,2.6737247
1051,1436608616935,0.6410475,9.79827,2.6779146
1052,1436608616950,0.7104794,9.848549,2.689287
1053,1436608616976,0.7068881,9.891046,2.693477
1054,1436608616990,0.6991069,9.849147,2.7042508
1055,1436608617010,0.65900403,9.856929,2.6384103
1056,1436608617030,0.59376204,9.922769,2.582745
1057,1436608617050,0.5446809,10.008362,2.6030958
1058,1436608617073,0.51954174,10.026319,2.5911248
1059,1436608617090,0.4950012,9.959879,2.6162639
1060,1436608617166,0.5009867,9.849147,2.629432
1061,1436608617167,0.57520694,9.812037,2.6366146
1062,1436608617168,0.6464345,9.7240505,2.6042929
1063,1436608617171,0.7248446,9.712079,2.597709
1064,1436608617190,0.8062474,9.722255,2.5929205
1065,1436608617210,0.91099375,9.753978,2.5432408
1066,1436608617230,0.9983821,9.88506,2.4654293
1067,1436608617260,1.1180922,10.105327,2.3570917
1068,1436608617271,1.134253,10.096349,2.432509
1069,1436608617290,1.1288661,10.089765,2.5264814
1070,1436608617311,1.1546037,10.047866,2.6222494
1071,1436608617331,1.1875241,9.924564,2.6791117
1072,1436608617351,1.2599486,9.797672,2.6222494
1073,1436608617373,1.3425486,9.686341,2.5330653
1074,1436608617393,1.3856442,9.6845455,2.4917655
1075,1436608617411,1.3784616,9.71986,2.4863784
1076,1436608617431,1.3215994,9.6923275,2.473809
1077,1436608617452,1.2389994,9.718663,2.5001452
1078,1436608617471,1.1486182,9.728839,2.5025394
1079,1436608617491,1.0324994,9.807847,2.4971523
1080,1436608617512,0.931943,9.913192,2.4468741
1081,1436608617568,0.8726865,10.01315,2.40318
1082,1436608617580,0.91458505,10.0029745,2.3768437
1083,1436608617581,1.0390835,9.948506,2.408567
1084,1436608617590,1.1731589,9.943718,2.4468741
1085,1436608617612,1.3096284,9.9928,2.432509
1086,1436608617633,1.4371196,10.069414,2.337938
1087,1436608617650,1.590947,10.02572,2.368464
1088,1436608617671,1.6897079,9.809045,2.5276785
1089,1436608617691,1.7292122,9.691729,2.6342204
1090,1436608617712,1.6885108,9.625888,2.6126726
1091,1436608617731,1.6089035,9.610326,2.534861
1092,1436608617754,1.5825673,9.615712,2.496554
1093,1436608617771,1.6394296,9.654019,2.5007436
1094,1436608617794,1.6801311,9.683349,2.5276785
1095,1436608617814,1.6813282,9.757569,2.5001452
1096,1436608617832,1.6609775,9.862914,2.5007436
1097,1436608617854,1.596334,9.88506,2.5222914
1098,1436608617871,1.489792,9.926959,2.5689783
1099,1436608617893,1.4077905,9.920375,2.5725696
1100,1436608617914,1.353921,9.913791,2.5318682
1101,1436608617932,1.3623008,9.87668,2.508525
1102,1436608617952,1.364695,9.886257,2.4768016
1103,1436608617971,1.388637,9.873688,2.492364
1104,1436608617993,1.3634979,9.834184,2.5157075
1105,1436608618014,1.3521254,9.758167,2.5354595
1106,1436608618035,1.2958617,9.725247,2.532467
1107,1436608618054,1.2749124,9.7958765,2.4588451
1108,1436608618080,1.2425907,9.91798,2.4025815
1109,1436608618095,1.2018893,9.958083,2.4235306
1110,1436608618119,1.168969,9.909601,2.484583
1111,1436608618133,1.1390414,9.868899,2.5755625
1112,1436608618154,1.0815806,9.873089,2.5384524
1113,1436608618173,1.0564415,9.944317,2.4917655
1114,1436608618193,1.0432734,9.923966,2.505532
1115,1436608618221,1.0564415,9.905411,2.5623944
1116,1436608618290,1.079785,9.861717,2.5833437
1117,1436608618291,1.1486182,9.841366,2.5516205
1118,1436608618292,1.2240356,9.803059,2.5342624
1119,1436608618293,1.2898762,9.825804,2.5073278
1120,1436608618314,1.3305776,9.811439,2.5121162
1121,1436608618331,1.3132197,9.782708,2.5001452
1122,1436608618351,1.2485762,9.813234,2.5192988
1123,1436608618371,1.1779473,9.874287,2.509722
1124,1436608618391,1.0839748,9.920375,2.5007436
1125,1436608618417,0.9756372,9.907805,2.5372553
1126,1436608618431,0.9008184,9.877877,2.546832
1127,1436608618455,0.88046765,9.87668,2.5623944
1128,1436608618478,0.8762778,9.876082,2.5270798
1129,1436608618494,0.90979666,9.853337,2.5498247
1130,1436608618511,0.92895025,9.869498,2.5516205
1131,1436608618535,0.94690675,9.879075,2.5611973
1132,1436608618553,0.9463082,9.870096,2.5737667
1133,1436608618573,0.9427169,9.871892,2.570774
1134,1436608618595,0.89662856,9.88925,2.56419
1135,1436608618614,0.85772276,9.90601,2.5486276
1136,1436608618634,0.8583213,9.886257,2.565387
1137,1436608618655,0.8319851,9.906608,2.5881321
1138,1436608618672,0.81642276,9.867104,2.5725696
1139,1436608618695,0.83856916,9.855133,2.5761611
1140,1436608618715,0.8702923,9.848549,2.5420437
1141,1436608618735,0.908001,9.86471,2.5677812
1142,1436608618755,0.8834604,9.920973,2.5767596
1143,1436608618774,0.84694886,9.894038,2.6048915
1144,1436608618795,0.83258367,9.871294,2.622848
1145,1436608618813,0.86490536,9.849147,2.6013002
1146,1436608618834,0.84575176,9.852738,2.5779567
1147,1436608618856,0.8571242,9.908403,2.5157075
1148,1436608618876,0.8972271,9.873089,2.510919
1149,1436608618894,0.9498995,9.816826,2.5570073
1150,1436608618914,0.9983821,9.841366,2.5953147
1151,1436608618932,1.0073603,9.901221,2.5498247
1152,1436608618981,0.9504981,9.92636,2.5372553
1153,1436608618982,0.8559271,9.8994255,2.5611973
1154,1436608619002,0.74758947,9.911396,2.5474305
1155,1436608619012,0.6655881,9.90601,2.529474
1156,1436608619040,0.635062,9.879075,2.5408466
1157,1436608619057,0.62728083,9.879673,2.5450363
1158,1436608619072,0.64823014,9.913791,2.521693
1159,1436608619095,0.65062433,9.880871,2.5719712
1160,1436608619114,0.6979098,9.892242,2.5851393
1161,1436608619132,0.7164649,9.916184,2.6072857
1162,1436608619153,0.75118077,9.921572,2.6204538
1163,1436608619172,0.7906851,9.919178,2.654571
1164,1436608619193,0.7835025,9.923966,2.633622
1165,1436608619215,0.81163436,9.880272,2.6240451
1166,1436608619236,0.8158242,9.8916445,2.6222494
1167,1436608619255,0.80684596,9.853337,2.6222494
1168,1436608619275,0.78888947,9.86471,2.6120741
1169,1436608619296,0.7565677,9.888652,2.6007016
1170,1436608619315,0.7386112,9.904214,2.6132712
1171,1436608619335,0.7236475,9.915586,2.6605566
1172,1436608619356,0.7020996,9.933543,2.6928782
1173,1436608619375,0.6757634,9.946711,2.6749218
1174,1436608619396,0.641646,9.992201,2.6659436
1175,1436608619412,0.6536171,10.003573,2.6485856
1176,1436608619436,0.6572084,9.995792,2.6611552
1177,1436608619456,0.65182143,9.9790325,2.6833014
1178,1436608619485,0.65541273,9.901819,2.6581624
1179,1436608619492,0.6877344,9.872491,2.6539726
1180,1436608619512,0.7326257,9.865907,2.681506
1181,1436608619533,0.7194576,9.845556,2.6779146
1182,1436608619552,0.7032967,9.871294,2.6791117
1183,1436608619572,0.7374141,9.876082,2.6737247
1184,1436608619595,0.7990648,9.889849,2.681506
1185,1436608619618,0.8194155,9.886856,2.7006595
1186,1436608619638,0.82779527,9.871892,2.7192147
1187,1436608619655,0.8463503,9.850345,2.6982653
1188,1436608619727,0.86849666,9.850943,2.6880898
1189,1436608619730,0.8487445,9.840768,2.6833014
1190,1436608619744,0.82001406,9.853935,2.7150247
1191,1436608619745,0.76554596,9.844358,2.7275944
1192,1436608619755,0.6865373,9.845556,2.7204118
1193,1436608619773,0.6326678,9.811439,2.7006595
1194,1436608619796,0.6183026,9.824607,2.7168205
1195,1436608619812,0.635062,9.854534,2.7030537
1196,1436608619835,0.6123171,9.853337,2.6767175
1197,1436608619852,0.62368953,9.821015,2.7060466
1198,1436608619877,0.5895722,9.8437605,2.7252002
1199,1436608619899,0.581791,9.825804,2.7443538
1200,1436608619913,0.5722142,9.846753,2.7431567
1201,1436608619933,0.5614403,9.853935,2.7473464
1202,1436608619956,0.55126494,9.861118,2.7527335
1203,1436608619975,0.5386954,9.8437605,2.7563248
1204,1436608619996,0.56084174,9.86471,2.747945
1205,1436608620016,0.6171055,9.841965,2.7778726
1206,1436608620034,0.64823014,9.858126,2.779668
1207,1436608620055,0.6913257,9.861717,2.7503393
1208,1436608620079,0.682946,9.870096,2.7593174
1209,1436608620095,0.63206923,9.861717,2.7736826
1210,1436608620115,0.53689975,9.912594,2.7682958
1211,1436608620133,0.47405192,9.913791,2.735974
1212,1436608620155,0.41240123,9.912594,2.7042508
1213,1436608620176,0.41060558,9.89763,2.7096379
1214,1436608620196,0.39863458,9.889849,2.7234044
1215,1436608620216,0.39743748,9.82341,2.7275944
1216,1436608620239,0.40821138,9.835979,2.7281928
1217,1436608620253,0.42437226,9.882068,2.718616
1218,1436608620277,0.4794389,9.81922,2.7383683
1219,1436608620296,0.5650316,9.818023,2.7629087
1220,1436608620316,0.56802434,9.8198185,2.777274
1221,1436608620337,0.6326678,9.846154,2.7431567
1222,1436608620356,0.6596026,9.807249,2.746748
1223,1436608620376,0.7020996,9.82341,2.743755
1224,1436608620397,0.7158663,9.844957,2.735974
1225,1436608620456,0.7230489,9.838373,2.72939
1226,1436608620457,0.7206547,9.816826,2.7874494
1227,1436608620458,0.6979098,9.825205,2.765303
1228,1436608620479,0.7308301,9.828796,2.741361
1229,1436608620493,0.7374141,9.792884,2.759916
1230,1436608620514,0.7200562,9.782708,2.7952304
1231,1436608620533,0.7577648,9.7641535,2.8000188
1232,1436608620553,0.81402856,9.781511,2.7790697
1233,1436608620575,0.88046765,9.795278,2.7766755
1234,1436608620595,0.908001,9.78989,2.7988217
1235,1436608620614,0.9044097,9.744401,2.7874494
1236,1436608620634,0.92655605,9.779716,2.7832594
1237,1436608620656,0.9235633,9.753978,2.7491422
1238,1436608620673,0.9163807,9.794081,2.7168205
1239,1436608620696,0.88944596,9.793482,2.7222073
1240,1436608620716,0.83378077,9.774927,2.7635074
1241,1436608620736,0.82719666,9.77792,2.7257986
1242,1436608620756,0.79487497,9.785102,2.7180176
1243,1436608620776,0.81402856,9.815628,2.7006595
1244,1436608620797,0.81043726,9.825205,2.7144263
1245,1436608620816,0.82121116,9.853935,2.7503393
1246,1436608620837,0.79248077,9.870695,2.7647045
1247,1436608620855,0.76434886,9.873089,2.743755
1248,1436608620873,0.76434886,9.8677025,2.7006595
1249,1436608620900,0.80086046,9.878476,2.6964695
1250,1436608620914,0.8062474,9.861717,2.7126305
1251,1436608620935,0.76434886,9.903017,2.7102363
1252,1436608620955,0.6961141,9.872491,2.7144263
1253,1436608620979,0.6889315,9.849746,2.6749218
1254,1436608620999,0.7015011,9.870096,2.6743233
1255,1436608621020,0.7134721,9.877877,2.6683378
1256,1436608621034,0.75596917,9.873688,2.666542
1257,1436608621055,0.7858967,9.859323,2.7030537
1258,1436608621081,0.79367787,9.849147,2.7222073
1259,1436608621097,0.7691373,9.87668,2.6833014
1260,1436608621115,0.7308301,9.861717,2.6791117
1261,1436608621138,0.7152678,9.871294,2.6767175
1262,1436608621200,0.7422025,9.860519,2.6731262
1263,1436608621201,0.78888947,9.890448,2.6671407
1264,1436608621202,0.79966336,9.910199,2.6551697
1265,1436608621217,0.80086046,9.91439,2.6443958
1266,1436608621239,0.75596917,9.92636,2.666542
1267,1436608621256,0.7380127,9.950302,2.633622
1268,1436608621274,0.7152678,9.9550905,2.6204538
1269,1436608621311,0.7020996,9.917382,2.6072857
1270,1436608621314,0.7080852,9.929353,2.6078842
1271,1436608621334,0.7272388,9.915586,2.6013002
1272,1436608621354,0.7080852,9.895834,2.598906
1273,1436608621376,0.7188591,9.86471,2.5791538
1274,1436608621395,0.7368156,9.8754835,2.5917234
1275,1436608621415,0.7158663,9.883863,2.5683799
1276,1436608621437,0.7344214,9.870096,2.5713725
1277,1436608621457,0.7236475,9.873089,2.5875335
1278,1436608621477,0.7356185,9.873688,2.6132712
1279,1436608621497,0.7793127,9.890448,2.6018987
1280,1436608621517,0.7942764,9.913791,2.5785553
1281,1436608621537,0.81642276,9.897031,2.6312277
1282,1436608621554,0.80924016,9.902418,2.6443958
1283,1436608621577,0.7715315,9.898229,2.6605566
1284,1436608621597,0.7577648,9.96347,2.6402059
1285,1436608621617,0.7266402,9.948506,2.6725276
1286,1436608621636,0.6997054,9.8994255,2.6856956
1287,1436608621657,0.65062433,9.874885,2.6276364
1288,1436608621676,0.6560113,9.80665,2.542642
1289,1436608621697,0.6835446,9.791088,2.4893713
1290,1436608621715,0.7290344,9.777321,2.5139117
1291,1436608621738,0.79128367,9.779117,2.5677812
1292,1436608621758,0.80804306,9.825205,2.6018987
1293,1436608621778,0.83138657,9.894038,2.6036944
1294,1436608621797,0.8451532,9.911396,2.60968
1295,1436608621816,0.82240826,9.901819,2.6623523
1296,1436608621836,0.7715315,9.898229,2.6557682
1297,1436608621857,0.74519527,9.909002,2.6126726
1298,1436608621875,0.7015011,9.837775,2.6132712
1299,1436608621895,0.66020113,9.822811,2.5953147
1300,1436608621952,0.58418524,9.828198,2.6222494
1301,1436608621965,0.59495914,9.859323,2.6114755
1302,1436608621966,0.65062433,9.870695,2.6150668
1303,1436608621974,0.6925228,9.916184,2.6180596
1304,1436608621995,0.7398083,9.939528,2.597709
1305,1436608622015,0.76075757,9.944317,2.5941176
1306,1436608622038,0.7589619,9.951499,2.5863364
1307,1436608622058,0.7152678,9.923966,2.5821466
1308,1436608622075,0.7218518,9.924564,2.557606
1309,1436608622096,0.7086837,9.891046,2.5635915
1310,1436608622120,0.6775591,9.858724,2.5887306
1311,1436608622136,0.6715736,9.857527,2.5821466
1312,1436608622156,0.66858083,9.867104,2.5605986
1313,1436608622178,0.65242,9.864111,2.545635
1314,1436608622198,0.66618663,9.911396,2.544438
1315,1436608622218,0.6314707,9.933543,2.558803
1316,1436608622238,0.6278794,9.927557,2.5767596
1317,1436608622258,0.6380547,9.892242,2.5899277
1318,1436608622278,0.6572084,9.92636,2.552219
1319,1436608622298,0.6901286,9.898827,2.5719712
1320,1436608622318,0.7080852,9.887454,2.5617957
1321,1436608622338,0.7128736,9.897031,2.5629928
1322,1436608622358,0.7386112,9.915586,2.581548
1323,1436608622376,0.7445967,9.932944,2.5600002
1324,1436608622395,0.7290344,9.910798,2.5504234
1325,1436608622418,0.6775591,9.881469,2.566584
1326,1436608622438,0.65780693,9.908403,2.594716
1327,1436608622457,0.6596026,9.954493,2.6384103
1328,1436608622476,0.66858083,10.035895,2.6384103
1329,1436608622498,0.688333,10.00896,2.6198552
1330,1436608622518,0.6386533,9.901221,2.5617957
1331,1436608622538,0.5758055,9.828796,2.463035
1332,1436608622555,0.49320555,9.907805,2.4366987
1333,1436608622577,0.43754035,9.916184,2.4462755
1334,1436608622598,0.45609543,9.824008,2.4624364
1335,1436608622617,0.4973954,9.88925,2.4917655
1336,1436608622638,0.54168814,9.974843,2.521693
1337,1436608622661,0.57041854,9.948506,2.5647886
1338,1436608622733,0.58298814,9.905411,2.6372132
1339,1436608622736,0.53689975,9.891046,2.6731262
1340,1436608622737,0.5153519,9.806051,2.6372132
1341,1436608622738,0.5835867,9.909601,2.5833437
1342,1436608622757,0.60453594,9.864111,2.5941176
1343,1436608622778,0.6991069,9.832987,2.6557682
1344,1436608622796,0.7320272,9.828796,2.6515784
1345,1436608622818,0.7206547,9.855731,2.6198552
1346,1436608622835,0.6757634,9.889849,2.5959132
1347,1436608622856,0.62488663,9.885659,2.594716
1348,1436608622882,0.5602432,9.878476,2.5995045
1349,1436608622896,0.51355624,9.897031,2.5941176
1350,1436608622916,0.5081693,9.974843,2.617461
1351,1436608622939,0.4441244,10.0341,2.5941176
1352,1436608622959,0.40701428,10.028113,2.5767596
1353,1436608622979,0.47764325,10.022128,2.5354595
1354,1436608622999,0.6003461,10.001778,2.4983494
1355,1436608623019,0.65182143,9.974843,2.4995465
1356,1436608623038,0.6075287,9.85214,2.5450363
1357,1436608623057,0.58657944,9.781511,2.5408466
1358,1436608623079,0.61890113,9.726444,2.5139117
1359,1436608623097,0.670975,9.663596,2.5187001
1360,1436608623122,0.724246,9.694122,2.5103204
1361,1436608623139,0.7625532,9.743802,2.509722
1362,1436608623162,0.7433996,9.806051,2.5276785
1363,1436608623181,0.7182605,9.91439,2.5145104
1364,1436608623201,0.6853402,9.922769,2.5689783
1365,1436608623219,0.7230489,10.049063,2.570774
1366,1436608623236,0.6841431,10.065224,2.5408466
1367,1436608623255,0.5746084,9.955689,2.6198552
1368,1436608623276,0.52612585,9.978435,2.5252843
1369,1436608623301,0.55844754,9.941922,2.5264814
1370,1436608623322,0.52492875,9.779117,2.6240451
1371,1436608623343,0.5614403,9.809643,2.6629508
1372,1436608623359,0.60333884,9.927557,2.6048915
1373,1436608623382,0.62129533,9.98442,2.5953147
1374,1436608623450,0.60453594,9.9790325,2.6461914
1375,1436608623451,0.60693014,10.025121,2.6503813
1376,1436608623452,0.50038815,10.05864,2.6264393
1377,1436608623459,0.4441244,10.077195,2.546832
1378,1436608623477,0.3824737,10.135853,2.5258827
1379,1436608623499,0.38067806,10.180744,2.4552538
1380,1436608623516,0.42317516,10.132261,2.4534583
1381,1436608623538,0.4961983,10.199299,2.4785974
1382,1436608623556,0.5470751,10.039486,2.5264814
1383,1436608623579,0.6560113,9.975441,2.5157075
1384,1436608623600,0.75836337,9.923966,2.4995465
1385,1436608623617,0.82001406,9.879673,2.5300727
1386,1436608623639,0.87448215,9.876082,2.5420437
1387,1436608623659,0.8900445,9.89344,2.5761611
1388,1436608623680,0.8439561,9.913791,2.5516205
1389,1436608623699,0.8110358,9.956287,2.5713725
1390,1436608623722,0.81343,9.979631,2.597709
1391,1436608623739,0.83617496,9.934141,2.653374
1392,1436608623759,0.85473,9.909002,2.6970682
1393,1436608623779,0.8463503,9.873688,2.6731262
1394,1436608623799,0.86251116,9.843162,2.690484
1395,1436608623819,0.9139865,9.860519,2.7455509
1396,1436608623839,0.9103952,9.838373,2.7910407
1397,1436608623859,0.88166475,9.791686,2.8215668
1398,1436608623879,0.82599956,9.730036,2.8221653
1399,1436608623900,0.8086416,9.68275,2.7820623
1400,1436608623919,0.80564886,9.570822,2.7976246
1401,1436608623938,0.8295909,9.532514,2.7605145
1402,1436608623959,0.86849666,9.487623,2.7611132
1403,1436608623980,0.93014735,9.478644,2.7581203
1404,1436608624000,0.9744401,9.528324,2.7275944
1405,1436608624020,1.002572,9.612122,2.7114334
1406,1436608624039,0.97503865,9.679757,2.7371712
1407,1436608624057,0.86729956,9.776124,2.7880478
1408,1436608624083,0.7398083,9.924564,2.8461072
1409,1436608624098,0.5907693,9.951499,2.8682537
1410,1436608624172,0.5093664,9.904813,2.9029696
1411,1436608624176,0.44891283,9.947908,2.8766334
1412,1436608624177,0.439336,9.88925,2.8275523
1413,1436608624178,0.45190558,9.833585,2.8377275
1414,1436608624197,0.44831428,9.739613,2.8060043
1415,1436608624221,0.46627077,9.7007065,2.8161798
1416,1436608624237,0.5243302,9.706094,2.7670987
1417,1436608624257,0.65541273,9.697714,2.734777
1418,1436608624279,0.7404069,9.721058,2.7665
1419,1436608624298,0.8343793,9.7479925,2.7934349
1420,1436608624317,0.89902276,9.791088,2.77069
1421,1436608624337,0.95588505,9.888053,2.782661
1422,1436608624359,0.9768343,9.995792,2.7850552
1423,1436608624378,0.9187749,9.98442,2.8000188
1424,1436608624400,0.8002619,9.983223,2.7922378
1425,1436608624420,0.6422446,9.909601,2.782661
1426,1436608624440,0.56802434,9.890448,2.731784
1427,1436608624460,0.45609543,9.880272,2.7180176
1428,1436608624480,0.34835634,9.879673,2.6605566
1429,1436608624500,0.3321955,9.910199,2.633622
1430,1436608624520,0.38845924,9.879673,2.6761189
1431,1436608624540,0.47105917,9.874885,2.698864
1432,1436608624559,0.54049104,9.879673,2.7060466
1433,1436608624580,0.59017074,9.870695,2.7036524
1434,1436608624600,0.6799533,9.846154,2.695871
1435,1436608624620,0.7020996,9.816227,2.7096379
1436,1436608624640,0.7230489,9.801862,2.7144263
1437,1436608624658,0.7116765,9.796474,2.670732
1438,1436608624680,0.6943185,9.835979,2.630629
1439,1436608624700,0.7044938,9.850345,2.6180596
1440,1436608624720,0.6973112,9.928156,2.617461
1441,1436608624737,0.6841431,9.968858,2.6372132
1442,1436608624757,0.623091,10.001778,2.6084828
1443,1436608624777,0.49559975,10.045472,2.5941176
1444,1436608624797,0.3597288,10.078991,2.5773582
1445,1436608624817,0.19692309,10.092158,2.5312698
1446,1436608624872,0.10175357,10.103531,2.5019407
1447,1436608624873,0.017956512,10.056845,2.4959552
1448,1436608624883,0.01436521,10.043676,2.4774003
1449,1436608624904,0.04249708,10.047866,2.4552538
1450,1436608624917,0.12868834,10.011953,2.4672248
1451,1436608624940,0.23942018,9.967062,2.5540147
1452,1436608624957,0.34715924,9.97185,2.5965118
1453,1436608624977,0.46507367,9.998186,2.6617537
1454,1436608624999,0.53450555,9.89344,2.6940753
1455,1436608625018,0.59376204,9.818023,2.7323828
1456,1436608625040,0.56084174,9.739014,2.6671407
1457,1436608625058,0.5363012,9.7324295,2.566584
1458,1436608625079,0.54288524,9.772532,2.552219
1459,1436608625098,0.59136784,9.841366,2.6360161
1460,1436608625120,0.66738373,9.907805,2.700061
1461,1436608625141,0.7493851,10.023924,2.7694929
1462,1436608625161,0.82121116,10.087969,2.7323828
1463,1436608625181,0.84575176,10.078991,2.759916
1464,1436608625201,0.88525605,10.019135,2.758719
1465,1436608625220,0.86729956,9.964667,2.6940753
1466,1436608625241,0.81402856,9.885659,2.6300306
1467,1436608625261,0.8403648,9.737817,2.5839422
1468,1436608625281,0.88765025,9.703699,2.5540147
1469,1436608625300,0.9792285,9.713276,2.5312698
1470,1436608625321,1.0648212,9.668983,2.5330653
1471,1436608625339,1.1240777,9.687539,2.533664
1472,1436608625359,1.1558008,9.795278,2.5737667
1473,1436608625378,1.1294646,9.808446,2.6461914
1474,1436608625401,1.0181342,9.775525,2.6725276
1475,1436608625421,0.86729956,9.800066,2.694674
1476,1436608625442,0.74998367,9.805453,2.629432
1477,1436608625460,0.6667852,9.7863,2.5582044
1478,1436608625480,0.6087258,9.83957,2.5929205
1479,1436608625498,0.5638345,9.874885,2.5354595
1480,1436608625520,0.5386954,9.81503,2.5659857
1481,1436608625540,0.55006784,9.835979,2.6001031
1482,1436608625558,0.55964464,9.83957,2.6072857
1483,1436608625607,0.6302736,9.821614,2.653374
1484,1436608625608,0.6967127,9.832388,2.7132292
1485,1436608625629,0.6955156,9.959879,2.741361
1486,1436608625638,0.60693014,9.953894,2.7521348
1487,1436608625660,0.45789108,9.876082,2.7407625
1488,1436608625679,0.3609259,9.837775,2.690484
1489,1436608625699,0.2717419,9.820416,2.6761189
1490,1436608625720,0.26515785,9.850943,2.6647465
1491,1436608625738,0.25378537,9.930551,2.6833014
1492,1436608625760,0.24181437,9.972448,2.6833014
1493,1436608625782,0.20709845,9.9928,2.7018566
1494,1436608625799,0.22505496,9.9928,2.7204118
1495,1436608625820,0.22385786,10.011354,2.7461493
1496,1436608625840,0.21906945,9.976639,2.7581203
1497,1436608625861,0.16280572,9.951499,2.7287915
1498,1436608625880,0.09696517,9.938332,2.7156234
1499,1436608625901,0.03172317,9.906608,2.717419
1500,1436608625921,-0.035913024,9.912594,2.707842
1501,1436608625940,-0.020949265,9.903615,2.6886885
1502,1436608625961,0.012569559,9.870096,2.7036524
1503,1436608625982,0.07182605,9.849147,2.705448
1504,1436608626001,0.16879122,9.821614,2.7407625
1505,1436608626019,0.23822308,9.818023,2.741361
1506,1436608626040,0.34117374,9.813833,2.7132292
1507,1436608626058,0.3854665,9.818023,2.7257986
1508,1436608626083,0.40521863,9.863512,2.7138276
1509,1436608626102,0.39743748,9.880272,2.681506
1510,1436608626119,0.39504328,9.865308,2.6868927
1511,1436608626141,0.3645172,9.903017,2.706645
1512,1436608626165,0.34117374,9.871892,2.7144263
1513,1436608626180,0.29149407,9.855731,2.722806
1514,1436608626202,0.25498247,9.87668,2.700061
1515,1436608626220,0.20530279,9.885659,2.6551697
1516,1436608626240,0.18555063,9.884461,2.6581624
1517,1436608626259,0.21188685,9.858126,2.6611552
1518,1436608626279,0.25558102,9.837775,2.6557682
1519,1436608626306,0.31244332,9.831789,2.677316
1520,1436608626393,0.35434186,9.850345,2.6839
1521,1436608626394,0.3681085,9.867104,2.6593595
1522,1436608626408,0.39624038,9.873089,2.6617537
1523,1436608626409,0.40880993,9.85633,2.7042508
1524,1436608626410,0.39145198,9.853935,2.665345
1525,1436608626424,0.3890578,9.868899,2.6737247
1526,1436608626452,0.38845924,9.874885,2.641403
1527,1436608626460,0.3800795,9.87668,2.6719291
1528,1436608626479,0.35793316,9.856929,2.6749218
1529,1436608626500,0.34715924,9.861118,2.678513
1530,1436608626520,0.34596214,9.883265,2.6473885
1531,1436608626563,0.338181,9.8916445,2.6180596
1532,1436608626564,0.3489549,9.86471,2.6437972
1533,1436608626580,0.3752911,9.83957,2.6569653
1534,1436608626600,0.38187516,9.929952,2.634819
1535,1436608626620,0.39564183,9.925761,2.6437972
1536,1436608626642,0.4321534,9.958083,2.634819
1537,1436608626662,0.45190558,9.973047,2.6491842
1538,1436608626680,0.46746787,9.946113,2.6258407
1539,1436608626702,0.45908818,9.932345,2.598906
1540,1436608626722,0.45489833,9.920375,2.5677812
1541,1436608626739,0.46447513,9.871294,2.566584
1542,1436608626760,0.4429273,9.895236,2.556409
1543,1436608626781,0.45489833,9.873688,2.5552118
1544,1436608626800,0.46267948,9.915586,2.5498247
1545,1436608626822,0.47884035,9.898229,2.5899277
1546,1436608626843,0.52253455,9.916184,2.5486276
1547,1436608626862,0.5398925,9.929952,2.5528176
1548,1436608626880,0.55844754,9.912594,2.6018987
1549,1436608626902,0.55246204,9.92636,2.6024973
1550,1436608626922,0.5398925,9.926959,2.5635915
1551,1436608626942,0.5351041,9.892841,2.5875335
1552,1436608626960,0.5279215,9.892242,2.569577
1553,1436608626983,0.55246204,9.850345,2.5863364
1554,1436608627000,0.5859809,9.880871,2.5833437
1555,1436608627020,0.623091,9.892841,2.554613
1556,1436608627040,0.6422446,9.919776,2.5354595
1557,1436608627148,0.6476316,9.901221,2.5504234
1558,1436608627149,0.64942724,9.907207,2.5516205
1559,1436608627150,0.6194997,9.8754835,2.5851393
1560,1436608627151,0.55485624,9.909601,2.586935
1561,1436608627152,0.47644615,9.901819,2.5953147
1562,1436608627162,0.46926352,9.901819,2.606687
1563,1436608627182,0.46267948,9.858724,2.6138697
1564,1436608627226,0.42796355,9.8754835,2.5785553
1565,1436608627227,0.427365,9.868899,2.586935
1566,1436608627239,0.46567222,9.811439,2.6198552
1567,1436608627261,0.55725044,9.782109,2.6018987
1568,1436608627281,0.57760113,9.869498,2.5743654
1569,1436608627300,0.5967548,9.845556,2.5438392
1570,1436608627322,0.5967548,9.83957,2.5743654
1571,1436608627341,0.5758055,9.892242,2.5905263
1572,1436608627363,0.54767364,9.934141,2.5713725
1573,1436608627383,0.55006784,9.925761,2.5929205
1574,1436608627403,0.545878,9.97185,2.5923219
1575,1436608627423,0.5327099,10.062231,2.60968
1576,1436608627440,0.49200845,9.982025,2.5773582
1577,1436608627461,0.4950012,10.020332,2.496554
1578,1436608627483,0.4770447,9.993997,2.5049336
1579,1436608627503,0.53091425,9.932345,2.5103204
1580,1436608627520,0.5781997,9.920375,2.4953568
1581,1436608627541,0.6099229,9.91798,2.5061307
1582,1436608627563,0.635062,9.906608,2.496554
1583,1436608627582,0.6769605,9.9233675,2.5103204
1584,1436608627603,0.7074866,9.93474,2.532467
1585,1436608627621,0.6751649,9.93893,2.5719712
1586,1436608627643,0.6560113,9.9550905,2.5570073
1587,1436608627663,0.6075287,9.950302,2.542642
1588,1436608627683,0.5758055,9.951499,2.5594015
1589,1436608627703,0.545878,9.949704,2.532467
1590,1436608627723,0.48123455,9.941922,2.5390508
1591,1436608627742,0.46746787,9.902418,2.5366566
1592,1436608627762,0.46507367,9.90601,2.5408466
1593,1436608627781,0.47405192,9.923966,2.5486276
1594,1436608627843,0.50996494,9.925163,2.5713725
1595,1436608627844,0.50996494,9.936536,2.5797524
1596,1436608627845,0.5243302,9.962872,2.5881321
1597,1436608627865,0.49081135,9.951499,2.582745
1598,1436608627881,0.48003745,9.933543,2.5863364
1599,1436608627902,0.4213795,9.939528,2.5809495
1600,1436608627920,0.38845924,9.909601,2.5839422
1601,1436608627940,0.37588966,9.885659,2.5839422
1602,1436608627963,0.38606504,9.896433,2.6060886
1603,1436608627981,0.42437226,9.87668,2.5893292
1604,1436608628002,0.45010993,9.918579,2.5809495
1605,1436608628022,0.4782418,9.909002,2.5791538
1606,1436608628041,0.48123455,9.911396,2.6090813
1607,1436608628064,0.44711718,9.8916445,2.5953147
1608,1436608628081,0.44472298,9.906608,2.5863364
1609,1436608628103,0.480636,9.882068,2.5839422
1610,1436608628121,0.5057751,9.849746,2.622848
1611,1436608628141,0.5057751,9.843162,2.5983074
1612,1436608628164,0.4866215,9.844358,2.586935
1613,1436608628182,0.51475334,9.850345,2.6138697
1614,1436608628203,0.5255273,9.845556,2.6509798
1615,1436608628221,0.52852005,9.89344,2.666542
1616,1436608628241,0.504578,9.878476,2.6617537
1617,1436608628262,0.50038815,9.879075,2.6270378
1618,1436608628283,0.4878186,9.89763,2.6120741
1619,1436608628304,0.50397944,9.935339,2.6234465
1620,1436608628324,0.48722005,9.892841,2.630629
1621,1436608628341,0.4938041,9.861118,2.6252422
1622,1436608628364,0.4285621,9.88925,2.6270378
1623,1436608628383,0.40102878,9.898827,2.630629
1624,1436608628403,0.3716998,9.877279,2.610877
1625,1436608628421,0.36511576,9.908403,2.634819
1626,1436608628442,0.29448682,9.948506,2.6162639
1627,1436608628464,0.30406362,9.94312,2.5917234
1628,1436608628483,0.33518824,9.929353,2.60549
1629,1436608628502,0.3196259,9.904813,2.5893292
1630,1436608628523,0.33159694,9.91798,2.574964
1631,1436608628541,0.36990416,9.898827,2.5611973
1632,1436608628589,0.38187516,9.919178,2.5725696
1633,1436608628590,0.40102878,9.922171,2.6048915
1634,1436608628608,0.41299978,9.89763,2.6030958
1635,1436608628622,0.45848963,9.884461,2.593519
1636,1436608628641,0.48722005,9.854534,2.5839422
1637,1436608628663,0.51595044,9.871294,2.5677812
1638,1436608628681,0.5410896,9.873089,2.5743654
1639,1436608628705,0.5494693,9.880871,2.6036944
1640,1436608628721,0.54527944,9.879673,2.6318262
1641,1436608628746,0.53809685,9.8683,2.6366146
1642,1436608628762,0.51834464,9.877279,2.6168625
1643,1436608628784,0.50278234,9.848549,2.6198552
1644,1436608628801,0.5057751,9.871892,2.5821466
1645,1436608628825,0.53330845,9.855731,2.5851393
1646,1436608628843,0.5410896,9.832987,2.6042929
1647,1436608628865,0.5686229,9.897031,2.641403
1648,1436608628885,0.54887074,9.838373,2.6605566
1649,1436608628903,0.53330845,9.892841,2.621651
1650,1436608628924,0.5153519,9.89763,2.56419
1651,1436608628946,0.50996494,9.9473095,2.5767596
1652,1436608628964,0.504578,9.873089,2.60968
1653,1436608628983,0.4902128,9.8683,2.645593
1654,1436608629002,0.46866497,9.886257,2.6360161
1655,1436608629025,0.45549688,9.873688,2.6102784
1656,1436608629041,0.46327803,9.850345,2.6048915
1657,1436608629064,0.46088383,9.868899,2.5995045
1658,1436608629087,0.4429273,9.855731,2.6264393
1659,1436608629103,0.4369418,9.855133,2.617461
1660,1436608629122,0.43993455,9.866506,2.6078842
1661,1436608629144,0.46746787,9.856929,2.6252422
1662,1436608629164,0.47345337,9.8754835,2.6276364
1663,1436608629183,0.4770447,9.89344,2.5875335
1664,1436608629203,0.51595044,9.925761,2.5462334
1665,1436608629222,0.5231331,9.846753,2.5863364
1666,1436608629245,0.56084174,9.873688,2.581548
1667,1436608629264,0.5327099,9.898229,2.5725696
1668,1436608629320,0.48482585,9.865308,2.5713725
1669,1436608629333,0.45190558,9.862315,2.5474305
1670,1436608629334,0.40880993,9.874885,2.5432408
1671,1436608629342,0.3669114,9.883265,2.5540147
1672,1436608629363,0.34955344,9.91798,2.5091233
1673,1436608629383,0.3824737,9.930551,2.5635915
1674,1436608629402,0.39444473,9.931149,2.5480292
1675,1436608629425,0.36511576,9.930551,2.5605986
1676,1436608629451,0.37229836,9.898827,2.5629928
1677,1436608629463,0.35314476,9.928156,2.5306711
1678,1436608629484,0.33039984,9.976639,2.5169046
1679,1436608629503,0.31423897,10.007763,2.517503
1680,1436608629522,0.30645782,10.097546,2.5234885
1681,1436608629545,0.3184288,10.16578,2.517503
1682,1436608629566,0.30047232,10.14543,2.6258407
1683,1436608629585,0.23822308,10.14124,2.6922798
1684,1436608629605,0.12988544,10.118495,2.7323828
1685,1436608629626,0.049081136,10.078392,2.719813
1686,1436608629645,-0.025139118,10.0508585,2.7269957
1687,1436608629665,-0.074818805,10.022727,2.7257986
1688,1436608629684,-0.107140526,9.977836,2.7395654
1689,1436608629706,-0.091578215,9.950901,2.719813
1690,1436608629722,-0.0688333,9.960478,2.695871
1691,1436608629749,0.01616086,9.913192,2.7287915
1692,1436608629766,0.091578215,9.8683,2.7114334
1693,1436608629785,0.18555063,9.848549,2.6701334
1694,1436608629805,0.26515785,9.800066,2.6258407
1695,1436608629825,0.31483752,9.734824,2.5797524
1696,1436608629845,0.3705027,9.73662,2.5911248
1697,1436608629872,0.38486794,9.729437,2.6078842
1698,1436608629882,0.39324763,9.753379,2.6372132
1699,1436608629902,0.3812766,9.800665,2.6252422
1700,1436608629922,0.3573346,9.826403,2.6078842
1701,1436608629942,0.34237084,9.867104,2.6240451
1702,1436608629963,0.37828386,9.913192,2.6018987
1703,1436608629986,0.40821138,9.865907,2.6491842
1704,1436608630024,0.45848963,9.829993,2.677316
1705,1436608630025,0.48841715,9.791088,2.6737247
1706,1436608630043,0.4902128,9.767744,2.6431987
1707,1436608630073,0.5494693,9.779117,2.6557682
1708,1436608630086,0.5470751,9.775525,2.6743233
1709,1436608630105,0.50038815,9.775525,2.7006595
1710,1436608630131,0.4177882,9.780912,2.7138276
1711,1436608630145,0.3465607,9.826403,2.7263973
1712,1436608630165,0.29149407,9.908403,2.705448
1713,1436608630186,0.29987377,9.906608,2.7371712
1714,1436608630204,0.28491,9.89344,2.7491422
1715,1436608630224,0.27952304,9.873089,2.7341783
1716,1436608630243,0.31064767,9.81922,2.7060466
1717,1436608630266,0.3298013,9.820416,2.7060466
1718,1436608630286,0.3196259,9.865907,2.6360161
1719,1436608630306,0.29987377,9.920973,2.6210523
1720,1436608630326,0.31603462,10.010158,2.6701334
1721,1436608630345,0.36511576,10.007763,2.7766755
1722,1436608630366,0.38067806,9.958682,2.8443117
1723,1436608630386,0.37948096,9.988011,2.8491
1724,1436608630403,0.35254622,9.988609,2.8095956
1725,1436608630426,0.3333926,9.888652,2.8042088
1726,1436608630445,0.3345897,9.7719345,2.8030117
1727,1436608630464,0.35194764,9.78989,2.7742813
1728,1436608630486,0.35434186,9.776723,2.7575219
1729,1436608630505,0.38486794,9.768343,2.7754784
1730,1436608630523,0.38845924,9.76954,2.790442
1731,1436608630543,0.38845924,9.803658,2.8377275
1732,1436608630563,0.38845924,9.840169,2.8365304
1733,1436608630589,0.38965634,9.853935,2.8173769
1734,1436608630609,0.415394,9.836577,2.7922378
1735,1436608630629,0.40462008,9.8994255,2.7395654
1736,1436608630646,0.39624038,9.891046,2.72939
1737,1436608630663,0.3716998,9.889849,2.7335799
1738,1436608630684,0.31543607,9.88506,2.7449522
1739,1436608630703,0.31124622,9.871892,2.7252002
1740,1436608630727,0.29448682,9.846154,2.7252002
1741,1436608630743,0.30166942,9.824607,2.7204118
1742,1436608630813,0.3597288,9.837176,2.7329812
1743,1436608630814,0.3764882,9.821015,2.7449522
1744,1436608630815,0.39564183,9.802461,2.7910407
1745,1436608630823,0.40162733,9.865907,2.7575219
1746,1436608630848,0.40043023,9.889849,2.7419596
1747,1436608630866,0.36870706,9.862315,2.7581203
1748,1436608630883,0.3609259,9.880272,2.7862523
1749,1436608630906,0.3681085,9.892841,2.7808652
1750,1436608630924,0.33638534,9.900622,2.790442
1751,1436608630946,0.3561375,9.895834,2.755726
1752,1436608630963,0.38845924,9.910199,2.742558
1753,1436608630986,0.42078096,9.906608,2.7419596
1754,1436608631003,0.41359833,9.898229,2.731784
1755,1436608631026,0.42796355,9.861717,2.7102363
1756,1436608631047,0.41479546,9.853935,2.698864
1757,1436608631066,0.44352585,9.8677025,2.7132292
1758,1436608631088,0.45190558,9.81503,2.7144263
1759,1436608631106,0.44891283,9.816826,2.7042508
1760,1436608631125,0.44951138,9.844358,2.7192147
1761,1436608631146,0.45609543,9.84795,2.7335799
1762,1436608631167,0.44592008,9.882666,2.730587
1763,1436608631186,0.44232875,9.882068,2.7114334
1764,1436608631204,0.43514615,9.876082,2.7257986
1765,1436608631227,0.47105917,9.852738,2.730587
1766,1436608631244,0.47046062,9.861717,2.7341783
1767,1436608631266,0.46866497,9.843162,2.7030537
1768,1436608631287,0.46627077,9.847352,2.7341783
1769,1436608631306,0.48841715,9.844957,2.72939
1770,1436608631327,0.4878186,9.8042555,2.7335799
1771,1436608631346,0.5009867,9.834184,2.718616
1772,1436608631367,0.4758476,9.833585,2.7234044
1773,1436608631387,0.49559975,9.857527,2.7102363
1774,1436608631407,0.51355624,9.8754835,2.710835
1775,1436608631425,0.5177461,9.831191,2.7222073
1776,1436608631444,0.55126494,9.850943,2.7491422
1777,1436608631464,0.55246204,9.882666,2.7563248
1778,1436608631546,0.55485624,9.898229,2.7485435
1779,1436608631547,0.5446809,9.928755,2.7275944
1780,1436608631548,0.557849,9.91439,2.734777
1781,1436608631549,0.55365914,9.864111,2.7491422
1782,1436608631566,0.545878,9.829993,2.782661
1783,1436608631587,0.53929394,9.825205,2.7521348
1784,1436608631604,0.54168814,9.841366,2.7311857
1785,1436608631626,0.51595044,9.848549,2.735974
1786,1436608631652,0.5141548,9.840768,2.7647045
1787,1436608631665,0.5129577,9.865907,2.779668
1788,1436608631686,0.48362875,9.913192,2.8072014
1789,1436608631705,0.51355624,9.906608,2.830545
1790,1436608631728,0.55605334,9.867104,2.8167782
1791,1436608631747,0.54767364,9.904813,2.7401638
1792,1436608631767,0.51595044,9.915586,2.6557682
1793,1436608631787,0.46746787,9.88506,2.6084828
1794,1436608631807,0.46208093,9.832987,2.6288335
1795,1436608631827,0.46806642,9.755175,2.670732
1796,1436608631847,0.44891283,9.668385,2.783858
1797,1436608631867,0.45070848,9.739613,2.7659016
1798,1436608631887,0.40880993,9.857527,2.7694929
1799,1436608631907,0.35254622,9.970653,2.7623103
1800,1436608631926,0.26156655,9.958682,2.7976246
1801,1436608631947,0.18136078,9.9712515,2.782661
1802,1436608631965,0.12150574,9.93893,2.7551277
1803,1436608631986,0.18315643,9.929952,2.730587
1804,1436608632007,0.22744916,9.883863,2.719813
1805,1436608632031,0.30945057,9.832388,2.707842
1806,1436608632049,0.3441665,9.81084,2.7503393
1807,1436608632074,0.34715924,9.8198185,2.7497406
1808,1436608632094,0.3549404,9.821015,2.794632
1809,1436608632106,0.41479546,9.857527,2.7527335
1810,1436608632126,0.49919105,9.874287,2.7832594
1811,1436608632146,0.54647654,9.879075,2.791639
1812,1436608632167,0.5542577,9.846753,2.790442
1813,1436608632186,0.5602432,9.830592,2.777274
1814,1436608632205,0.51355624,9.840768,2.753332
1815,1436608632258,0.47524905,9.8515415,2.72939
1816,1436608632259,0.40162733,9.867104,2.7527335
1817,1436608632274,0.33039984,9.834782,2.7748797
1818,1436608632285,0.2621651,9.8276,2.771887
1819,1436608632308,0.21906945,9.837176,2.7551277
1820,1436608632341,0.21547815,9.846154,2.7515364
1821,1436608632345,0.24779987,9.836577,2.795829
1822,1436608632366,0.2765303,9.868899,2.777274
1823,1436608632388,0.31304187,9.870695,2.7886465
1824,1436608632408,0.33997664,9.854534,2.7964275
1825,1436608632425,0.3842694,9.883863,2.7886465
1826,1436608632448,0.36391866,9.870096,2.777274
1827,1436608632464,0.34835634,9.86471,2.7910407
1828,1436608632488,0.35254622,9.86471,2.7593174
1829,1436608632508,0.33399114,9.853337,2.747945
1830,1436608632528,0.3274071,9.855133,2.7551277
1831,1436608632549,0.28790274,9.826403,2.7647045
1832,1436608632568,0.2693477,9.812635,2.7862523
1833,1436608632588,0.24779987,9.822811,2.8000188
1834,1436608632608,0.23942018,9.832987,2.7802668
1835,1436608632629,0.24420857,9.853935,2.7623103
1836,1436608632645,0.23882163,9.878476,2.7874494
1837,1436608632669,0.22924481,9.840768,2.7928362
1838,1436608632688,0.24121583,9.859921,2.8113914
1839,1436608632708,0.24061728,9.865308,2.8018146
1840,1436608632728,0.24241292,9.8677025,2.7688942
1841,1436608632748,0.27712885,9.867104,2.7635074
1842,1436608632766,0.27114335,9.82341,2.7922378
1843,1436608632787,0.24061728,9.85633,2.7808652
1844,1436608632808,0.23044191,9.849746,2.7814639
1845,1436608632829,0.24779987,9.837775,2.7844565
1846,1436608632849,0.25857377,9.837176,2.7940333
1847,1436608632869,0.27712885,9.824607,2.782661
1848,1436608632886,0.3226187,9.8198185,2.791639
1849,1436608632906,0.338181,9.838373,2.7665
1850,1436608633114,0.31902736,9.859921,2.7790697
1851,1436608633115,0.29568392,9.857527,2.7832594
1852,1436608633116,0.26036942,9.871294,2.7724855
1853,1436608633117,0.24121583,9.859921,2.7766755
1854,1436608633118,0.23223756,9.85633,2.7575219
1855,1436608633197,0.24600422,9.848549,2.758719
1856,1436608633198,0.24720132,9.879673,2.765303
1857,1436608633199,0.25917232,9.853337,2.779668
1858,1436608633200,0.2669535,9.870695,2.7766755
1859,1436608633201,0.25797522,9.873688,2.7724855
1860,1436608633202,0.272939,9.859921,2.7844565
1861,1436608633203,0.25558102,9.862914,2.783858
1862,1436608633204,0.27593175,9.867104,2.7605145
1863,1436608633205,0.2896984,9.866506,2.7617116
1864,1436608633305,0.30226797,9.861717,2.7593174
1865,1436608633306,0.31364042,9.836577,2.7485435
1866,1436608633307,0.31663316,9.848549,2.7455509
1867,1436608633308,0.32022446,9.84795,2.758719
1868,1436608633309,0.33518824,9.84795,2.7461493
1869,1436608633310,0.35194764,9.855731,2.747945
1870,1436608633328,0.34715924,9.8437605,2.7635074
1871,1436608633346,0.33877954,9.872491,2.754529
1872,1436608633366,0.32800564,9.864111,2.7365725
1873,1436608633386,0.31543607,9.841965,2.7419596
1874,1436608633406,0.3298013,9.866506,2.730587
1875,1436608633426,0.30945057,9.866506,2.742558
1876,1436608633446,0.28491,9.854534,2.7395654
1877,1436608633466,0.2693477,9.874287,2.7060466
1878,1436608633486,0.29448682,9.888053,2.7443538
1879,1436608633509,0.29448682,9.879673,2.7503393
1880,1436608633526,0.27712885,9.912594,2.7569232
1881,1436608633546,0.25558102,9.859921,2.7509377
1882,1436608633566,0.27353755,9.872491,2.7257986
1883,1436608633585,0.28790274,9.870695,2.7281928
1884,1436608633605,0.29807812,9.856929,2.718616
1885,1436608633626,0.3274071,9.850943,2.730587
1886,1436608633648,0.3393781,9.889849,2.7371712
1887,1436608633668,0.3333926,9.910798,2.72939
1888,1436608633685,0.31304187,9.894038,2.7269957
1889,1436608633710,0.30346507,9.882666,2.735974
1890,1436608633730,0.29628247,9.862914,2.719813
1891,1436608633746,0.31004912,9.859921,2.7234044
1892,1436608633765,0.31304187,9.870096,2.7419596
1893,1436608633787,0.31184477,9.885659,2.7383683
1894,1436608633807,0.29807812,9.87668,2.7365725
1895,1436608633828,0.30047232,9.913192,2.7383683
1896,1436608633845,0.2765303,9.915586,2.759916
1897,1436608633866,0.2621651,9.935339,2.7611132
1898,1436608633888,0.25139117,9.960478,2.7491422
1899,1436608633908,0.25318682,9.926959,2.7742813
1900,1436608633926,0.28491,9.913791,2.8048072
1901,1436608633946,0.3345897,9.962274,2.7976246
1902,1436608633969,0.31364042,9.89763,2.7868507
1903,1436608633989,0.34835634,9.939528,2.698864
1904,1436608634009,0.3764882,9.8677025,2.7036524
1905,1436608634029,0.39145198,9.791686,2.7114334
1906,1436608634048,0.3705027,9.765948,2.7443538
1907,1436608634067,0.35673606,9.746795,2.7090392
1908,1436608634088,0.34237084,9.758167,2.730587
1909,1436608634106,0.3405752,9.832987,2.7629087
1910,1436608634127,0.320823,9.825205,2.747945
1911,1436608634149,0.31902736,9.792285,2.7216089
1912,1436608634171,0.31483752,9.821015,2.7060466
1913,1436608634186,0.31543607,9.787497,2.6671407
1914,1436608634207,0.36032736,9.710882,2.6509798
1915,1436608634227,0.46148238,9.618706,2.6821043
1916,1436608634247,0.5363012,9.80665,2.6378117
1917,1436608634267,0.521936,9.895236,2.689287
1918,1436608634289,0.4297592,9.912594,2.7581203
1919,1436608634310,0.29209262,9.942521,2.7814639
1920,1436608634327,0.10414778,9.956886,2.7886465
1921,1436608634350,0.0035913025,9.883265,2.7922378
1922,1436608634367,0.01316811,9.89344,2.7222073
1923,1436608634387,0.061650693,9.8916445,2.6982653
1924,1436608634408,0.10654198,9.9473095,2.6850972
1925,1436608634427,0.11312603,9.927557,2.7024553
1926,1436608634449,0.13826515,9.873688,2.7419596
1927,1436608634498,0.16400282,9.848549,2.7748797
1928,1436608634499,0.22864626,9.870096,2.7263973
1929,1436608634506,0.3429694,9.828796,2.6755204
1930,1436608634526,0.43035775,9.849746,2.690484
1931,1436608634546,0.50038815,9.910199,2.7126305
1932,1436608634569,0.52732295,9.870695,2.7275944
1933,1436608634589,0.5363012,9.882666,2.7491422
1934,1436608634608,0.5315128,9.941324,2.7814639
1935,1436608634627,0.51954174,9.869498,2.7808652
1936,1436608634647,0.4997896,9.872491,2.758719
1937,1436608634670,0.42916065,9.81922,2.7018566
1938,1436608634690,0.29508537,9.801263,2.6431987
1939,1436608634709,0.18076223,9.853935,2.6192567
1940,1436608634729,0.12389994,9.833585,2.6803088
1941,1436608634749,0.12569559,9.818023,2.7222073
1942,1436608634771,0.12449849,9.862315,2.7551277
1943,1436608634790,0.12928689,10.0269165,2.758719
1944,1436608634810,0.10175357,9.997588,2.7431567
1945,1436608634830,0.095169514,9.987412,2.7192147
1946,1436608634851,0.12389994,9.961076,2.7443538
1947,1436608634869,0.13108255,9.900622,2.7449522
1948,1436608634890,0.17357962,9.895236,2.7335799
1949,1436608634907,0.18555063,9.828796,2.7090392
1950,1436608634927,0.22026655,9.7958765,2.6557682
1951,1436608634948,0.2693477,9.801263,2.6839
1952,1436608634976,0.30166942,9.843162,2.717419
1953,1436608634993,0.3417723,9.904214,2.7156234
1954,1436608635025,0.32142156,9.912594,2.7341783
1955,1436608635030,0.29388827,9.924564,2.7323828
1956,1436608635048,0.28311434,9.878476,2.734777
1957,1436608635067,0.29269117,9.889849,2.7419596
1958,1436608635087,0.33877954,9.888652,2.7563248
1959,1436608635119,0.35793316,9.882666,2.707842
1960,1436608635128,0.34955344,9.916184,2.6701334
1961,1436608635158,0.29149407,9.943718,2.6683378
1962,1436608635178,0.2681506,9.8994255,2.7060466
1963,1436608635189,0.25617957,9.813833,2.7168205
1964,1436608635207,0.22445641,9.821015,2.6856956
1965,1436608635227,0.23104046,9.807847,2.6761189
1966,1436608635247,0.31483752,9.838972,2.6509798
1967,1436608635267,0.3728969,9.90601,2.6952724
1968,1436608635293,0.45130703,9.910199,2.7377696
1969,1436608635313,0.46986207,9.891046,2.7814639
1970,1436608635329,0.49919105,9.889849,2.782661
1971,1436608635351,0.50278234,9.882666,2.7754784
1972,1436608635369,0.48722005,9.838373,2.7210102
1973,1436608635389,0.45190558,9.832987,2.682703
1974,1436608635411,0.47165772,9.803059,2.6964695
1975,1436608635431,0.5093664,9.815628,2.7024553
1976,1436608635450,0.5033809,9.853337,2.72939
1977,1436608635471,0.5081693,9.871892,2.697667
1978,1436608635491,0.4961983,9.883863,2.7162218
1979,1436608635508,0.4866215,9.8683,2.7515364
1980,1436608635529,0.48003745,9.840768,2.7485435
1981,1436608635551,0.46926352,9.85214,2.698864
1982,1436608635572,0.47345337,9.852738,2.6779146
1983,1436608635588,0.48362875,9.832987,2.7018566
1984,1436608635611,0.47225627,9.82341,2.700061
1985,1436608635630,0.41479546,9.840169,2.7096379
1986,1436608635651,0.38726214,9.858724,2.6731262
1987,1436608635670,0.3854665,9.907805,2.6880898
1988,1436608635689,0.39324763,9.903615,2.7204118
1989,1436608635710,0.41838676,9.900622,2.724003
1990,1436608635730,0.3597288,9.964667,2.7018566
1991,1436608635750,0.3369839,9.935937,2.6970682
1992,1436608635775,0.35673606,9.912594,2.7096379
1993,1436608635791,0.35075054,9.876082,2.712032
1994,1436608635811,0.3537433,9.864111,2.6779146
1995,1436608635830,0.3776853,9.879075,2.6461914
1996,1436608635851,0.39504328,9.880871,2.6641479
1997,1436608635911,0.42556936,9.880871,2.6994624
1998,1436608635912,0.4237737,9.918579,2.6940753
1999,1436608635913,0.39205053,9.907805,2.678513
2000,1436608635933,0.36990416,9.912594,2.681506
2001,1436608635949,0.3345897,9.879075,2.6701334
2002,1436608635969,0.31244332,9.844358,2.698864
2003,1436608635988,0.29269117,9.849147,2.6719291
2004,1436608636013,0.30825347,9.840768,2.7072437
2005,1436608636032,0.35913026,9.86471,2.6952724
2006,1436608636048,0.36152446,9.900622,2.6886885
2007,1436608636074,0.40581718,9.890448,2.7132292
2008,1436608636089,0.43394905,9.900024,2.712032
2009,1436608636110,0.45729253,9.903017,2.722806
2010,1436608636128,0.47465047,9.880871,2.7162218
2011,1436608636150,0.46507367,9.850943,2.6868927
2012,1436608636172,0.45130703,9.810242,2.6844985
2013,1436608636191,0.4429273,9.81084,2.658761
2014,1436608636211,0.4345476,9.820416,2.6928782
2015,1436608636230,0.43514615,9.834782,2.698864
2016,1436608636252,0.41299978,9.861118,2.7311857
2017,1436608636272,0.4261679,9.873089,2.695871
2018,1436608636292,0.4309563,9.88506,2.6928782
2019,1436608636311,0.46567222,9.876082,2.7216089
2020,1436608636330,0.4950012,9.868899,2.7252002
2021,1436608636352,0.4854244,9.873089,2.7150247
2022,1436608636371,0.5081693,9.877877,2.6916811
2023,1436608636390,0.47285482,9.870695,2.690484
2024,1436608636412,0.47465047,9.883863,2.6797101
2025,1436608636429,0.45669398,9.913192,2.6928782
2026,1436608636449,0.41359833,9.909002,2.706645
2027,1436608636469,0.3776853,9.886856,2.705448
2028,1436608636488,0.3309984,9.886856,2.657564
2029,1436608636510,0.2908955,9.8916445,2.6503813
2030,1436608636529,0.2777274,9.896433,2.633622
2031,1436608636579,0.27353755,9.920973,2.6443958
2032,1436608636580,0.29807812,9.950302,2.6629508
2033,1436608636592,0.30406362,9.964069,2.6629508
2034,1436608636660,0.30825347,9.917382,2.645593
2035,1436608636661,0.30346507,9.946113,2.6437972
2036,1436608636662,0.3196259,9.950302,2.666542
2037,1436608636670,0.32441434,9.878476,2.6599581
2038,1436608636697,0.32142156,9.887454,2.6635494
2039,1436608636710,0.31304187,9.865907,2.669535
2040,1436608636731,0.33159694,9.863512,2.682703
2041,1436608636750,0.34237084,9.812635,2.7012582
2042,1436608636770,0.36272156,9.832388,2.7222073
2043,1436608636789,0.3633201,9.830592,2.7150247
2044,1436608636810,0.36152446,9.844957,2.7048495
2045,1436608636831,0.35553896,9.855133,2.706645
2046,1436608636850,0.35673606,9.840169,2.7275944
2047,1436608636871,0.36032736,9.844957,2.706645
2048,1436608636892,0.3764882,9.861118,2.7048495
2049,1436608636912,0.41060558,9.834184,2.7257986
2050,1436608636932,0.41299978,9.817424,2.72939
2051,1436608636952,0.4249708,9.880272,2.712032
2052,1436608636970,0.42437226,9.902418,2.7156234
2053,1436608636989,0.44651863,9.940127,2.7042508
2054,1436608637010,0.44651863,9.932944,2.7042508
2055,1436608637032,0.41000703,9.888652,2.6862943
2056,1436608637049,0.36272156,9.834782,2.6833014
2057,1436608637074,0.30585927,9.786898,2.6479871
2058,1436608637089,0.28491,9.8198185,2.6509798
2059,1436608637110,0.29209262,9.853935,2.694674
2060,1436608637130,0.3357868,9.883265,2.7180176
2061,1436608637152,0.34237084,9.930551,2.6731262
2062,1436608637172,0.32800564,9.965266,2.6743233
2063,1436608637190,0.3728969,9.907207,2.6791117
2064,1436608637212,0.3824737,9.885659,2.7018566
2065,1436608637231,0.374094,9.87668,2.677316
2066,1436608637251,0.3890578,9.8515415,2.7030537
2067,1436608637271,0.41000703,9.862914,2.7006595
2068,1436608637292,0.40402153,9.840768,2.7162218
2069,1436608637316,0.39564183,9.8515415,2.7299886
2070,1436608637381,0.39983168,9.821015,2.7156234
2071,1436608637382,0.41060558,9.814431,2.7162218
2072,1436608637383,0.38486794,9.834184,2.7180176
2073,1436608637391,0.37588966,9.820416,2.7144263
2074,1436608637417,0.3681085,9.840768,2.7132292
2075,1436608637431,0.374094,9.860519,2.6964695
2076,1436608637451,0.3345897,9.933543,2.6844985
2077,1436608637484,0.3238158,9.930551,2.698864
2078,1436608637489,0.32800564,9.809643,2.7694929
2079,1436608637515,0.32022446,9.834184,2.7299886
2080,1436608637542,0.3196259,9.853337,2.6982653
2081,1436608637551,0.31244332,9.838972,2.6713305
2082,1436608637570,0.31543607,9.858126,2.6898856
2083,1436608637589,0.29987377,9.86471,2.7162218
2084,1436608637610,0.27952304,9.907207,2.722806
2085,1436608637630,0.2777274,9.928755,2.7090392
2086,1436608637650,0.28491,9.925163,2.6868927
2087,1436608637685,0.25857377,9.895236,2.7102363
2088,1436608637690,0.23104046,9.871892,2.6743233
2089,1436608637710,0.25019407,9.853337,2.6982653
2090,1436608637730,0.28072014,9.880871,2.6910827
2091,1436608637750,0.2777274,9.972448,2.6940753
2092,1436608637782,0.18255788,10.079589,2.710835
2093,1436608637791,0.074220255,10.080787,2.7389667
2094,1436608637812,-0.073023155,10.078392,2.742558
2095,1436608637833,-0.23104046,10.02153,2.6910827
2096,1436608637852,-0.29448682,9.910199,2.6144683
2097,1436608637871,-0.24001873,9.883265,2.5719712
2098,1436608637893,-0.16519992,9.887454,2.6192567
2099,1436608637913,0.008379706,9.906608,2.6515784
2100,1436608637933,0.1364695,9.92636,2.7299886
2101,1436608637953,0.22565351,9.926959,2.7970262
2102,1436608637973,0.30825347,9.986216,2.7940333
2103,1436608637995,0.2908955,10.0341,2.731784
2104,1436608638011,0.21547815,10.055647,2.7216089
2105,1436608638040,0.1376666,10.010158,2.7269957
2106,1436608638126,0.1412579,9.939528,2.7509377
2107,1436608638139,0.15203181,9.8754835,2.7132292
2108,1436608638140,0.15382746,9.858724,2.712032
2109,1436608638141,0.1604115,9.817424,2.7012582
2110,1436608638142,0.16340427,9.810242,2.6862943
2111,1436608638156,0.20410569,9.827001,2.7287915
2112,1436608638170,0.19692309,9.833585,2.7503393
2113,1436608638192,0.16519992,9.871294,2.7814639
2114,1436608638210,0.11851298,9.822212,2.7754784
2115,1436608638233,0.107140526,9.758766,2.7503393
2116,1436608638250,0.1388637,9.69532,2.6940753
2117,1436608638271,0.18914193,9.597756,2.6198552
2118,1436608638292,0.26276365,9.535507,2.5965118
2119,1436608638311,0.4309563,9.555858,2.6234465
2120,1436608638331,0.55964464,9.755175,2.6839
2121,1436608638351,0.5566519,9.770737,2.707842
2122,1436608638374,0.52971715,9.75697,2.717419
2123,1436608638392,0.47345337,9.729437,2.6970682
2124,1436608638414,0.34955344,9.69951,2.690484
2125,1436608638434,0.18255788,9.858724,2.724003
2126,1436608638452,0.016759412,10.018537,2.8006175
2127,1436608638473,-0.16460137,10.088568,2.858677
2128,1436608638494,-0.362123,10.120889,2.8802247
2129,1436608638512,-0.48243165,9.941324,2.8898015
2130,1436608638532,-0.50397944,9.861118,2.8323407
2131,1436608638552,-0.5177461,9.824008,2.7856536
2132,1436608638571,-0.46208093,9.785102,2.7269957
2133,1436608638593,-0.36511576,9.831191,2.7096379
2134,1436608638611,-0.23223756,9.792884,2.7299886
2135,1436608638633,-0.073621705,9.816227,2.7724855
2136,1436608638653,0.0700304,9.905411,2.8335378
2137,1436608638671,0.17118542,9.965266,2.8724434
2138,1436608638691,0.2136825,9.985617,2.8604724
2139,1436608638714,0.16699557,9.921572,2.8413188
2140,1436608638733,0.15981296,9.825205,2.795829
2141,1436608638754,0.1316811,9.807847,2.7497406
2142,1436608638771,0.05207389,9.853935,2.72939
2143,1436608638798,-0.022744916,9.879673,2.7096379
2144,1436608638871,-0.050876785,9.914988,2.7210102
2145,1436608638872,-0.061650693,9.953295,2.7682958
2146,1436608638873,-0.047285482,9.96347,2.783858
2147,1436608638874,-0.0047884034,9.878476,2.7814639
2148,1436608638891,0.029927522,9.848549,2.779668
2149,1436608638912,0.039504327,9.824008,2.7377696
2150,1436608638931,0.022744916,9.818023,2.7156234
2151,1436608638952,-0.017956512,9.82341,2.6761189
2152,1436608638971,0.020350715,9.844358,2.7042508
2153,1436608638994,0.029927522,9.884461,2.7581203
2154,1436608639012,-0.0077811554,9.909601,2.8030117
2155,1436608639034,-0.005985504,9.923966,2.7898436
2156,1436608639058,0.025139118,9.901221,2.7832594
2157,1436608639080,0.031124622,9.910199,2.7910407
2158,1436608639094,-0.023343466,9.914988,2.7629087
2159,1436608639114,-0.11372458,9.857527,2.7461493
2160,1436608639133,-0.17477672,9.818622,2.777274
2161,1436608639154,-0.23582886,9.837775,2.7742813
2162,1436608639175,-0.25558102,9.877279,2.7629087
2163,1436608639193,-0.27593175,9.8994255,2.7922378
2164,1436608639214,-0.2753332,9.920973,2.814384
2165,1436608639232,-0.29867667,9.909601,2.8221653
2166,1436608639252,-0.30166942,9.903017,2.8550856
2167,1436608639274,-0.2908955,9.902418,2.8538885
2168,1436608639292,-0.24540567,9.894038,2.870648
2169,1436608639313,-0.20470424,9.8677025,2.861071
2170,1436608639331,-0.16998832,9.821614,2.8413188
2171,1436608639354,-0.1604115,9.801263,2.8443117
2172,1436608639375,-0.15023616,9.853337,2.8281507
2173,1436608639394,-0.15023616,9.862914,2.8562827
2174,1436608639415,-0.11492168,9.840169,2.89459
2175,1436608639434,-0.09696517,9.888652,2.938284
2176,1436608639453,-0.05267244,9.858126,2.938284
2177,1436608639473,-0.05267244,9.858126,2.9221232
2178,1436608639495,0.019752163,9.791686,2.930503
2179,1436608639515,0.005985504,9.752781,2.932897
2180,1436608639583,-0.04070143,9.727043,2.9221232
2181,1436608639584,-0.075417355,9.710882,2.9179332
2182,1436608639585,-0.076614454,9.704897,2.9322984
2183,1436608639593,-0.092176765,9.712079,2.9251158
2184,1436608639620,-0.12868834,9.759365,2.9125464
2185,1436608639633,-0.1388637,9.771336,2.9311013
2186,1436608639653,-0.14425065,9.733627,2.8981812
2187,1436608639675,-0.108936176,9.752781,2.8724434
2188,1436608639693,-0.025737667,9.762956,2.8616695
2189,1436608639713,0.0700304,9.795278,2.8299465
2190,1436608639732,0.16639702,9.759365,2.871845
2191,1436608639755,0.22266077,9.754577,2.8772318
2192,1436608639772,0.26036942,9.788095,2.8772318
2193,1436608639792,0.30885202,9.694721,2.854487
2194,1436608639814,0.3645172,9.737218,2.8616695
2195,1436608639835,0.3645172,9.788693,2.903568
2196,1436608639856,0.34237084,9.755774,2.9083564
2197,1436608639874,0.30286652,9.827001,2.8904
2198,1436608639895,0.28431144,9.873688,2.891597
2199,1436608639916,0.23642741,9.908403,2.8760347
2200,1436608639935,0.19692309,9.886257,2.8491
2201,1436608639956,0.17477672,9.868899,2.8089972
2202,1436608639972,0.1412579,9.912594,2.7252002
2203,1436608639995,0.08080431,9.894637,2.7030537
2204,1436608640016,0.06943185,9.829395,2.731784
2205,1436608640038,0.06823475,9.824008,2.7790697
2206,1436608640057,0.036511578,9.846154,2.7814639
2207,1436608640077,0.0676362,9.874287,2.7766755
2208,1436608640095,0.089782566,9.884461,2.791639
2209,1436608640113,0.12330139,9.9473095,2.8000188
2210,1436608640135,0.109534726,9.928755,2.818574
2211,1436608640155,0.093373865,9.918579,2.80361
2212,1436608640176,0.10414778,9.916783,2.8179753
2213,1436608640196,0.14664486,9.882666,2.7982233
2214,1436608640213,0.18734628,9.84795,2.8030117
2215,1436608640234,0.19393034,9.835381,2.7982233
2216,1436608640290,0.19991584,9.813833,2.806603
2217,1436608640303,0.21308395,9.820416,2.7928362
2218,1436608640304,0.24001873,9.809643,2.7868507
2219,1436608640312,0.2777274,9.8042555,2.8167782
2220,1436608640333,0.2705448,9.7958765,2.8161798
2221,1436608640355,0.27712885,9.812037,2.8275523
2222,1436608640373,0.2753332,9.827001,2.8491
2223,1436608640393,0.30346507,9.837176,2.8269536
2224,1436608640420,0.32142156,9.849147,2.8365304
2225,1436608640436,0.30346507,9.860519,2.8383262
2226,1436608640454,0.25797522,9.900024,2.765303
2227,1436608640474,0.22864626,9.925163,2.7311857
2228,1436608640495,0.22565351,9.873688,2.7335799
2229,1436608640512,0.207697,9.840169,2.741361
2230,1436608640533,0.17956513,9.889849,2.7287915
2231,1436608640553,0.16519992,9.882666,2.706645
2232,1436608640576,0.20231004,9.88506,2.724003
2233,1436608640595,0.19632454,9.894637,2.7551277
2234,1436608640618,0.16819267,9.858724,2.7790697
2235,1436608640636,0.16400282,9.89763,2.7647045
2236,1436608640656,0.15203181,9.926959,2.779668
2237,1436608640676,0.15622166,9.940725,2.8042088
2238,1436608640694,0.14185645,9.913192,2.8149827
2239,1436608640716,0.11971009,9.889849,2.8293478
2240,1436608640736,0.11971009,9.841366,2.8054059
2241,1436608640755,0.13706805,9.821614,2.782661
2242,1436608640775,0.16938977,9.836577,2.7724855
2243,1436608640798,0.1921347,9.8515415,2.783858
2244,1436608640816,0.20111294,9.826403,2.8119898
2245,1436608640836,0.22685061,9.846154,2.8191724
2246,1436608640856,0.20590134,9.855731,2.8167782
2247,1436608640885,0.22325931,9.853935,2.7934349
2248,1436608640894,0.23104046,9.85214,2.7964275
2249,1436608640913,0.24001873,9.961675,2.8095956
2250,1436608640933,0.25438392,10.018537,2.8341362
2251,1436608640953,0.26276365,10.128671,2.8616695
2252,1436608640996,0.31364042,10.109517,2.9550436
2253,1436608640997,0.3669114,9.994595,3.0585926
2254,1436608641017,0.2112883,9.8683,3.019687
2255,1436608641033,0.0047884034,9.757569,2.8963854
2256,1436608641055,-0.16819267,9.713875,2.7431567
2257,1436608641078,-0.27712885,9.68275,2.6396074
2258,1436608641105,-0.2693477,9.72824,2.5779567
2259,1436608641114,-0.19572599,9.772532,2.5330653
2260,1436608641133,-0.061052144,9.7479925,2.5761611
2261,1436608641165,0.088585466,9.7084875,2.6515784
2262,1436608641183,0.2741361,9.721058,2.7473464
2263,1436608641193,0.41180268,9.704298,2.8137856
2264,1436608641214,0.50278234,9.710882,2.8353333
2265,1436608641234,0.5482722,9.695918,2.8287494
2266,1436608641256,0.55964464,9.7324295,2.8341362
2267,1436608641276,0.5386954,9.837775,2.8101943
2268,1436608641296,0.5201403,9.855133,2.8119898
2269,1436608641316,0.57281274,9.865907,2.8113914
2270,1436608641337,0.58897364,9.834184,2.7964275
2271,1436608641356,0.59855044,9.73662,2.7856536
2272,1436608641377,0.5542577,9.785102,2.7521348
2273,1436608641397,0.49559975,9.747394,2.7617116
2274,1436608641417,0.42796355,9.68694,2.8299465
2275,1436608641438,0.36032736,9.64145,2.8443117
2276,1436608641455,0.31543607,9.601946,2.818574
2277,1436608641476,0.24779987,9.600749,2.7802668
2278,1436608641494,0.22325931,9.557653,2.7880478
2279,1436608641513,0.2825158,9.541492,2.8119898
2280,1436608641533,0.3585317,9.644443,2.7970262
2281,1436608641554,0.45669398,9.730635,2.8042088
2282,1436608641573,0.4985925,9.813833,2.7617116
2283,1436608641593,0.5506664,9.98442,2.7275944
2284,1436608641616,0.5267244,10.027515,2.697667
2285,1436608641634,0.52373165,10.038289,2.7162218
2286,1436608641654,0.45729253,10.053253,2.6982653
2287,1436608641673,0.40402153,10.068815,2.6797101
2288,1436608641697,0.28790274,10.070012,2.6258407
2289,1436608641714,0.17657238,10.05864,2.606687
2290,1436608641768,0.050278235,10.076596,2.5647886
2291,1436608641769,-0.05805939,10.136452,2.520496
2292,1436608641783,-0.130484,10.222044,2.4941597
2293,1436608641794,-0.18854338,10.254965,2.496554
2294,1436608641820,-0.17896658,10.241198,2.5570073
2295,1436608641835,-0.11133038,10.264542,2.5851393
2296,1436608641855,-0.045489833,10.222643,2.621651
2297,1436608641877,0.034117375,10.191518,2.6282349
2298,1436608641896,0.034715924,10.105327,2.5809495
2299,1436608641915,0.06823475,10.014347,2.5240872
2300,1436608641934,0.092775315,9.928755,2.520496
2301,1436608641956,0.16400282,9.874287,2.5091233
2302,1436608641974,0.2837129,9.850345,2.533664
2303,1436608641997,0.40462008,9.835979,2.556409
2304,1436608642020,0.4997896,9.916184,2.6060886
2305,1436608642035,0.5542577,9.98442,2.6258407
2306,1436608642056,0.57041854,10.075399,2.6102784
2307,1436608642080,0.55844754,10.279505,2.5965118
2308,1436608642096,0.51235914,10.134057,2.7287915
2309,1436608642115,0.4369418,10.077195,2.7856536
2310,1436608642137,0.30047232,9.932345,2.8018146
2311,1436608642159,0.12389994,9.77792,2.746748
2312,1436608642177,-0.094570965,9.64983,2.6683378
2313,1436608642197,-0.22445641,9.581595,2.6264393
2314,1436608642215,-0.27832595,9.613318,2.5647886
2315,1436608642236,-0.25198972,9.693524,2.5300727
2316,1436608642256,-0.12270284,9.736021,2.5779567
2317,1436608642278,0.061650693,9.89344,2.6527755
2318,1436608642298,0.22685061,9.833585,2.742558
2319,1436608642318,0.35075054,9.833585,2.719813
2320,1436608642338,0.38367084,9.857527,2.7222073
2321,1436608642356,0.4297592,9.889849,2.694674
2322,1436608642376,0.42556936,9.888053,2.6880898
2323,1436608642397,0.36870706,9.958083,2.6384103
2324,1436608642415,0.30945057,9.859323,2.6288335
2325,1436608642439,0.26994625,9.742605,2.6324248
2326,1436608642501,0.29328972,9.702502,2.6042929
2327,1436608642502,0.26755205,9.660006,2.6378117
2328,1436608642503,0.2885013,9.79827,2.6384103
2329,1436608642515,0.30286652,9.87668,2.6797101
2330,1436608642537,0.3274071,10.010158,2.710835
2331,1436608642554,0.31064767,10.055647,2.7575219
2332,1436608642575,0.2801216,10.000581,2.7730842
2333,1436608642595,0.29688102,9.992201,2.7575219
2334,1436608642617,0.26874915,9.970055,2.7042508
2335,1436608642635,0.26515785,9.953894,2.682703
2336,1436608642657,0.24540567,9.975441,2.598906
2337,1436608642678,0.26755205,9.887454,2.630629
2338,1436608642695,0.30107087,9.877877,2.6479871
2339,1436608642718,0.26755205,9.91439,2.6420016
2340,1436608642738,0.19273324,9.90601,2.6611552
2341,1436608642758,0.14724341,9.88925,2.6916811
2342,1436608642778,0.14724341,9.949704,2.694674
2343,1436608642798,0.20829555,9.950302,2.7234044
2344,1436608642818,0.30945057,9.922769,2.7473464
2345,1436608642838,0.38606504,9.953295,2.7407625
2346,1436608642858,0.46866497,9.932944,2.7617116
2347,1436608642876,0.49919105,9.977237,2.7263973
2348,1436608642898,0.45190558,9.968858,2.700061
2349,1436608642918,0.39444473,9.918579,2.6964695
2350,1436608642937,0.34356794,9.862914,2.7024553
2351,1436608642958,0.31364042,9.809045,2.6396074
2352,1436608642977,0.33039984,9.801862,2.5965118
2353,1436608642998,0.39803603,9.76116,2.6402059
2354,1436608643019,0.4818331,9.750985,2.7180176
2355,1436608643041,0.52492875,9.768942,2.8161798
2356,1436608643057,0.55126494,9.731233,2.843713
2357,1436608643078,0.54408234,9.743802,2.8933928
2358,1436608643097,0.55006784,9.744401,2.9173348
2359,1436608643117,0.5883751,9.720459,2.8993783
2360,1436608643144,0.5919664,9.751583,2.8532898
2361,1436608643202,0.5614403,9.824008,2.8125885
2362,1436608643203,0.49799395,9.900622,2.7395654
2363,1436608643204,0.44113165,9.916184,2.7257986
2364,1436608643219,0.41958386,9.901221,2.695871
2365,1436608643236,0.4261679,10.032304,2.681506
2366,1436608643255,0.39743748,10.097546,2.6611552
2367,1436608643276,0.34715924,10.013748,2.7820623
2368,1436608643299,0.30286652,10.026319,2.854487
2369,1436608643316,0.2645593,9.885659,2.9179332
2370,1436608643336,0.28670564,9.733627,2.9514523
2371,1436608643356,0.3645172,9.565434,2.973
2372,1436608643377,0.4830302,9.466075,2.979584
2373,1436608643398,0.62368953,9.440337,3.008913
2374,1436608643417,0.7320272,9.451111,3.028665
2375,1436608643437,0.7697359,9.506178,3.0298622
2376,1436608643459,0.777517,9.6049385,2.9987376
2377,1436608643479,0.8050503,9.63726,2.9891608
2378,1436608643499,0.82779527,9.7240505,2.939481
2379,1436608643519,0.8295909,9.750386,2.9352913
2380,1436608643539,0.8415619,9.646238,2.9550436
2381,1436608643556,0.79607207,9.552865,2.9149406
2382,1436608643579,0.7870938,9.4972,2.8766334
2383,1436608643597,0.75357497,9.475053,2.8161798
2384,1436608643619,0.74878657,9.540894,2.802413
2385,1436608643638,0.7858967,9.572019,2.8682537
2386,1436608643658,0.830788,9.665392,2.8999767
2387,1436608643677,0.8571242,9.750386,2.8933928
2388,1436608643699,0.8607155,9.816826,2.8909986
2389,1436608643719,0.8583213,9.869498,2.8568811
2390,1436608643739,0.86610246,9.916783,2.8179753
2391,1436608643760,0.85532856,9.924564,2.8203697
2392,1436608643779,0.8170213,9.923966,2.7880478
2393,1436608643799,0.801459,9.920973,2.7748797
2394,1436608643816,0.82360536,9.878476,2.7419596
2395,1436608643837,0.84575176,9.925163,2.6886885
2396,1436608643856,0.8319851,9.953894,2.6539726
2397,1436608643879,0.7858967,9.989806,2.6390088
2398,1436608643921,0.6841431,10.055647,2.6246436
2399,1436608643922,0.5746084,10.0748005,2.5959132
2400,1436608643943,0.4369418,10.029311,2.5833437
2401,1436608643957,0.33279404,10.023325,2.6013002
2402,1436608643977,0.24600422,10.011953,2.6150668
2403,1436608643996,0.20290859,9.957485,2.6557682
2404,1436608644017,0.22685061,9.925163,2.6671407
2405,1436608644038,0.2825158,9.928755,2.6779146
2406,1436608644056,0.3513491,9.915586,2.657564
2407,1436608644078,0.38606504,9.931747,2.653374
2408,1436608644096,0.40521863,9.946113,2.633622
2409,1436608644120,0.4309563,9.968858,2.6120741
2410,1436608644138,0.45190558,9.992201,2.5492263
2411,1436608644159,0.46148238,10.040684,2.5139117
2412,1436608644179,0.44232875,10.155605,2.48578
2413,1436608644199,0.41240123,10.248381,2.4510639
2414,1436608644218,0.36750996,10.180145,2.508525
2415,1436608644240,0.29568392,10.055647,2.5408466
2416,1436608644259,0.24540567,10.033501,2.5755625
2417,1436608644279,0.20530279,9.94312,2.5929205
2418,1436608644299,0.17776948,9.934141,2.6234465
2419,1436608644319,0.19393034,9.931747,2.6396074
2420,1436608644337,0.21787235,9.874885,2.7383683
2421,1436608644359,0.24480712,9.828198,2.767697
2422,1436608644379,0.23942018,9.830592,2.7748797
2423,1436608644397,0.23343466,9.894038,2.7192147
2424,1436608644417,0.20470424,9.900622,2.6701334
2425,1436608644438,0.19273324,9.878476,2.6743233
2426,1436608644460,0.20949265,9.841965,2.6797101
2427,1436608644481,0.2208651,9.801862,2.6431987
2428,1436608644502,0.30406362,9.76954,2.6264393
2429,1436608644520,0.42317516,9.720459,2.6725276
2430,1436608644538,0.533907,9.7162695,2.7006595
2431,1436608644556,0.61411273,9.841965,2.6952724
2432,1436608644579,0.6823475,9.935339,2.6791117
2433,1436608644599,0.6919243,9.949105,2.689287
2434,1436608644617,0.6721721,9.905411,2.7030537
2435,1436608644671,0.60932434,9.814431,2.7138276
2436,1436608644672,0.5291186,9.752182,2.665345
2437,1436608644687,0.5021838,9.752182,2.6102784
2438,1436608644697,0.5201403,9.745,2.6013002
2439,1436608644719,0.5770026,9.760562,2.5959132
2440,1436608644738,0.6847417,9.827001,2.6437972
2441,1436608644756,0.75836337,9.89763,2.700061
2442,1436608644779,0.79726917,9.943718,2.7443538
2443,1436608644797,0.8182184,9.965266,2.7778726
2444,1436608644817,0.8086416,9.943718,2.7527335
2445,1436608644840,0.74399817,9.93893,2.7329812
2446,1436608644858,0.6961141,9.901221,2.6461914
2447,1436608644876,0.6338649,9.883863,2.5953147
2448,1436608644900,0.5710171,9.962274,2.5318682
2449,1436608644920,0.5177461,9.9473095,2.521693
2450,1436608644940,0.46627077,9.958682,2.5384524
2451,1436608644960,0.46088383,9.955689,2.5845408
2452,1436608644980,0.4345476,9.926959,2.617461
2453,1436608645000,0.4201824,9.8916445,2.6713305
2454,1436608645020,0.41838676,9.959281,2.6779146
2455,1436608645040,0.4285621,9.959281,2.694674
2456,1436608645059,0.46567222,9.890448,2.7192147
2457,1436608645080,0.439336,9.886257,2.7395654
2458,1436608645097,0.3788824,9.871892,2.6844985
2459,1436608645119,0.35913026,9.8276,2.7252002
2460,1436608645137,0.37948096,9.798869,2.7802668
2461,1436608645157,0.43993455,9.779716,2.7862523
2462,1436608645182,0.47644615,9.886257,2.7084408
2463,1436608645203,0.46327803,9.905411,2.6300306
2464,1436608645223,0.50517654,10.085575,2.5516205
2465,1436608645241,0.53689975,10.053253,2.565387
2466,1436608645257,0.5793968,9.98442,2.6749218
2467,1436608645279,0.60453594,10.020332,2.6767175
2468,1436608645297,0.5470751,10.047267,2.6396074
2469,1436608645318,0.5315128,10.001179,2.665345
2470,1436608645337,0.53211135,9.949105,2.724003
2471,1436608645389,0.55006784,9.986216,2.7455509
2472,1436608645390,0.492607,10.086772,2.7952304
2473,1436608645404,0.4405331,10.055049,2.8377275
2474,1436608645418,0.38067806,9.974244,2.9765913
2475,1436608645438,0.33039984,9.895236,3.0232782
2476,1436608645457,0.2753332,9.812037,3.0148985
2477,1436608645477,0.2681506,9.7324295,2.9203274
2478,1436608645499,0.27593175,9.6049385,2.8963854
2479,1436608645520,0.33638534,9.585785,2.8562827
2480,1436608645539,0.34596214,9.64983,2.8287494
2481,1436608645558,0.43394905,9.831191,2.7766755
2482,1436608645580,0.7781156,9.785102,2.7934349
2483,1436608645599,1.4652514,9.619304,3.0867245
2484,1436608645617,1.9339164,9.799467,3.3859997
2485,1436608645640,2.0057425,9.864111,3.4278982
2486,1436608645660,2.0578163,9.739014,3.335123
2487,1436608645680,2.1517887,9.634268,3.2824504
2488,1436608645701,2.0141222,9.509769,3.2860417
2489,1436608645721,1.7310078,9.420585,3.192668
2490,1436608645741,1.4012065,9.297882,3.0065188
2491,1436608645761,1.2258313,9.291298,2.9281087
2492,1436608645782,1.210269,9.260174,2.9682117
2493,1436608645800,1.1701661,9.291298,3.140594
2494,1436608645821,1.1366472,9.355343,3.217807
2495,1436608645837,1.1025299,9.366715,3.1070752
2496,1436608645858,1.0947487,9.399037,3.0071173
2497,1436608645878,1.2731167,9.509171,2.983774
2498,1436608645902,1.4221559,9.5732155,3.1399956
2499,1436608645923,1.4389153,9.546281,3.3704374
2500,1436608645943,1.4981717,9.588778,3.5673606
2501,1436608645961,1.5185224,9.629479,3.6152446
2502,1436608645978,1.4119805,9.715671,3.555988
2503,1436608645998,1.2922704,9.68275,3.4769795
2504,1436608646018,1.2904748,9.59177,3.4290953
2505,1436608646040,1.4383167,9.603143,3.345897
2506,1436608646145,1.501763,9.444528,3.3039982
2507,1436608646146,1.4508862,9.348161,3.2782607
2508,1436608646147,1.340753,9.368511,3.1741128
2509,1436608646148,1.2569559,9.339781,3.0855274
2510,1436608646149,1.2743138,9.454104,3.0220811
2511,1436608646161,1.2497733,9.623494,3.0478187
2512,1436608646179,1.1935096,9.605537,3.1052797
2513,1436608646199,1.0779893,9.634866,3.2369606
2514,1436608646218,0.9516952,9.730036,3.3195608
2515,1436608646242,0.83497787,9.791686,3.2902317
2516,1436608646259,0.79607207,9.743802,3.2716765
2517,1436608646278,0.7811083,9.744401,3.2746694
2518,1436608646299,0.8110358,9.792285,3.2543187
2519,1436608646319,0.81642276,9.824008,3.217807
2520,1436608646341,0.8230068,9.831789,3.1238346
2521,1436608646361,0.84216046,9.829395,3.0963013
2522,1436608646381,0.86969376,9.7402115,3.0945058
2523,1436608646401,0.8948329,9.762358,2.9867666
2524,1436608646421,0.8924387,9.749788,2.837129
2525,1436608646440,0.94211835,9.470863,2.7856536
2526,1436608646460,1.0402806,9.339781,2.783858
2527,1436608646480,1.0115502,9.351153,2.6725276
2528,1436608646498,0.92296475,9.488221,2.553416
2529,1436608646519,0.8984242,9.679757,2.658761
2530,1436608646539,0.88405895,9.907207,2.8688521
2531,1436608646589,0.82719666,10.073005,2.8760347
2532,1436608646590,0.6452374,10.255563,2.8856115
2533,1436608646601,0.44771573,10.3214035,2.8814218
2534,1436608646620,0.27114335,10.470443,2.8443117
2535,1436608646642,0.15203181,10.432734,2.7970262
2536,1436608646662,0.16280572,10.280104,2.6970682
2537,1436608646680,0.23283611,10.125079,2.622848
2538,1436608646702,0.29688102,9.96347,2.5270798
2539,1436608646722,0.42078096,9.897031,2.4121583
2540,1436608646755,0.57520694,9.858126,2.3409307
2541,1436608646761,0.6859388,9.842564,2.3714569
2542,1436608646779,0.7637503,9.940127,2.3948002
2543,1436608646798,0.78410107,9.97604,2.456451
2544,1436608646825,0.7697359,10.005369,2.4995465
2545,1436608646853,0.75237787,10.044873,2.5288756
2546,1436608646859,0.7218518,9.97185,2.6168625
2547,1436608646879,0.6721721,10.005369,2.5767596
2548,1436608646899,0.64583594,10.020332,2.4953568
2549,1436608646919,0.6368576,10.007165,2.4779987
2550,1436608646939,0.6679823,10.002377,2.496554
2551,1436608646971,0.6596026,9.988609,2.5582044
2552,1436608646990,0.6655881,9.93474,2.5917234
2553,1436608646999,0.65541273,9.900622,2.5971103
2554,1436608647019,0.6787562,9.838972,2.569577
2555,1436608647041,0.7026982,9.773131,2.5516205
2556,1436608647063,0.7224504,9.754577,2.5839422
2557,1436608647079,0.7074866,9.724648,2.5929205
2558,1436608647099,0.7020996,9.70789,2.6048915
2559,1436608647120,0.70509243,9.794081,2.5881321
2560,1436608647142,0.6895301,9.8042555,2.5713725
2561,1436608647162,0.6793547,9.858724,2.633622
2562,1436608647182,0.62728083,9.91439,2.6036944
2563,1436608647202,0.5919664,9.957485,2.5995045
2564,1436608647222,0.61291564,9.919178,2.622848
2565,1436608647240,0.6607997,9.929353,2.5779567
2566,1436608647261,0.7152678,9.938332,2.5779567
2567,1436608647282,0.7338228,9.872491,2.5647886
2568,1436608647302,0.7398083,9.872491,2.520496
2569,1436608647322,0.78649527,9.8198185,2.5019407
2570,1436608647340,0.82779527,9.780912,2.5222914
2571,1436608647362,0.8690952,9.809045,2.544438
2572,1436608647382,0.84694886,9.821614,2.5785553
2573,1436608647402,0.8038532,9.89344,2.5839422
2574,1436608647422,0.75956047,9.911995,2.5683799
2575,1436608647440,0.7284359,9.907207,2.6138697
2576,1436608647463,0.7020996,9.918579,2.5803509
2577,1436608647480,0.64463884,9.949704,2.5923219
2578,1436608647501,0.6548142,10.002377,2.56419
2579,1436608647520,0.6631939,9.970055,2.641403
2580,1436608647542,0.66858083,9.907805,2.6737247
2581,1436608647606,0.64703304,9.908403,2.6617537
2582,1436608647607,0.60932434,9.862315,2.6042929
2583,1436608647608,0.5279215,9.86471,2.546832
2584,1436608647620,0.5081693,9.858126,2.504335
2585,1436608647642,0.54408234,9.879075,2.4486697
2586,1436608647659,0.62967503,9.840169,2.468422
2587,1436608647679,0.7637503,9.816826,2.5474305
2588,1436608647700,0.80445176,9.820416,2.5623944
2589,1436608647722,0.81761986,9.808446,2.5863364
2590,1436608647740,0.7386112,9.828796,2.586935
2591,1436608647760,0.6302736,9.877877,2.554613
2592,1436608647781,0.5542577,9.888053,2.5659857
2593,1436608647803,0.4770447,9.972448,2.510919
2594,1436608647823,0.4297592,9.998186,2.497751
2595,1436608647840,0.39683893,10.005369,2.52289
2596,1436608647860,0.40701428,10.007763,2.546832
2597,1436608647883,0.42078096,9.942521,2.542642
2598,1436608647903,0.44113165,9.934141,2.5474305
2599,1436608647923,0.43634325,9.909002,2.546832
2600,1436608647943,0.41060558,9.888652,2.516306
2601,1436608647963,0.39743748,9.871892,2.5492263
2602,1436608647982,0.3800795,9.8916445,2.5384524
2603,1436608648003,0.38845924,9.919776,2.5582044
2604,1436608648023,0.39564183,9.920973,2.5570073
2605,1436608648041,0.39863458,9.989806,2.566584
2606,1436608648063,0.38067806,10.0269165,2.5689783
2607,1436608648083,0.3728969,10.039486,2.5725696
2608,1436608648105,0.37229836,10.036493,2.5797524
2609,1436608648123,0.35194764,10.003573,2.581548
2610,1436608648143,0.31364042,9.983223,2.5635915
2611,1436608648163,0.2885013,9.996989,2.542642
2612,1436608648183,0.28431144,9.952697,2.5504234
2613,1436608648202,0.29867667,9.905411,2.5743654
2614,1436608648222,0.31124622,9.931149,2.581548
2615,1436608648250,0.32321724,9.920375,2.6276364
2616,1436608648303,0.37708676,9.938332,2.645593
2617,1436608648304,0.3878607,9.999383,2.6384103
2618,1436608648305,0.40282443,9.986216,2.6150668
2619,1436608648326,0.39264908,9.962872,2.5623944
2620,1436608648340,0.40521863,9.940725,2.4983494
2621,1436608648361,0.41718966,9.837176,2.4732103
2622,1436608648380,0.46746787,9.8042555,2.4881742
2623,1436608648400,0.50757074,9.800665,2.5007436
2624,1436608648421,0.5303157,9.795278,2.5258827
2625,1436608648440,0.5781997,9.809643,2.5737667
2626,1436608648462,0.6075287,9.834184,2.5911248
2627,1436608648481,0.6422446,9.859323,2.5791538
2628,1436608648503,0.6985083,9.90601,2.6156654
2629,1436608648522,0.7386112,9.953894,2.634819
2630,1436608648541,0.7272388,9.932944,2.6683378
2631,1436608648563,0.6691794,9.880272,2.6821043
2632,1436608648581,0.60812724,9.884461,2.6366146
2633,1436608648604,0.5291186,9.8198185,2.5983074
2634,1436608648624,0.50637364,9.804854,2.5510218
2635,1436608648642,0.54647654,9.827001,2.529474
2636,1436608648664,0.5931635,9.856929,2.5378537
2637,1436608648682,0.6368576,9.877279,2.5492263
2638,1436608648707,0.6356605,9.909002,2.5725696
2639,1436608648724,0.6619968,9.926959,2.5605986
2640,1436608648742,0.65900403,9.904214,2.5779567
2641,1436608648764,0.700304,9.867104,2.5797524
2642,1436608648784,0.7224504,9.8683,2.5659857
2643,1436608648803,0.7200562,9.846154,2.546832
2644,1436608648823,0.736217,9.841965,2.552219
2645,1436608648843,0.7200562,9.865308,2.5540147
2646,1436608648863,0.717662,9.849746,2.5737667
2647,1436608648884,0.7009025,9.870695,2.5671828
2648,1436608648904,0.62847793,9.900622,2.5761611
2649,1436608648924,0.5303157,9.937134,2.5803509
2650,1436608648942,0.48961425,9.938332,2.56419
2651,1436608648963,0.40581718,9.93893,2.56419
2652,1436608649050,0.36990416,9.929353,2.5611973
2653,1436608649051,0.34596214,9.942521,2.5384524
2654,1436608649052,0.31902736,9.920973,2.5061307
2655,1436608649053,0.34596214,9.91798,2.5181017
2656,1436608649072,0.39803603,9.907207,2.5270798
2657,1436608649083,0.4309563,9.88925,2.5558102
2658,1436608649114,0.49200845,9.848549,2.5486276
2659,1436608649121,0.52732295,9.834184,2.546832
2660,1436608649143,0.57760113,9.837176,2.5258827
2661,1436608649176,0.56802434,9.896433,2.4779987
2662,1436608649182,0.5895722,10.040684,2.469619
2663,1436608649203,0.61890113,10.017939,2.5276785
2664,1436608649222,0.6536171,9.958083,2.5881321
2665,1436608649244,0.6206968,9.969456,2.594716
2666,1436608649264,0.48602295,10.008362,2.581548
2667,1436608649285,0.3172317,10.076596,2.5312698
2668,1436608649303,0.1945289,10.174759,2.5210943
2669,1436608649325,0.09935937,10.131064,2.552219
2670,1436608649345,0.08259996,10.085575,2.6013002
2671,1436608649363,0.040102877,10.025121,2.581548
2672,1436608649384,0.019153614,9.9951935,2.5677812
2673,1436608649405,-0.048482586,9.973047,2.528277
2674,1436608649424,-0.095169514,10.041881,2.508525
2675,1436608649442,-0.12449849,10.073604,2.5151088
2676,1436608649462,-0.045489833,10.059238,2.5803509
2677,1436608649484,0.025737667,10.05445,2.6557682
2678,1436608649502,0.048482586,10.084377,2.7096379
2679,1436608649522,0.08499416,10.080787,2.7216089
2680,1436608649541,0.07182605,10.023325,2.7323828
2681,1436608649567,0.038905777,9.970653,2.7850552
2682,1436608649588,0.031124622,9.920375,2.7527335
2683,1436608649604,0.039504327,9.896433,2.7138276
2684,1436608649625,0.10235212,9.902418,2.705448
2685,1436608649642,0.2172738,9.897031,2.7407625
2686,1436608649663,0.2837129,9.886257,2.7222073
2687,1436608649682,0.34237084,9.831789,2.7335799
2688,1436608649702,0.39085343,9.809643,2.7527335
2689,1436608649725,0.4357447,9.734824,2.759916
2690,1436608649791,0.5117606,9.727641,2.7593174
2691,1436608649792,0.5823896,9.736021,2.7629087
2692,1436608649793,0.6326678,9.725247,2.77069
2693,1436608649801,0.6667852,9.730036,2.795829
2694,1436608649827,0.7128736,9.647436,2.8060043
2695,1436608649842,0.7386112,9.609129,2.8473043
2696,1436608649862,0.78529817,9.585785,2.8329391
2697,1436608649884,0.82121116,9.610924,2.8221653
2698,1436608649903,0.93254155,9.51336,2.9167361
2699,1436608649924,0.9864111,9.490017,2.9299042
2700,1436608649942,1.0127473,9.503783,2.939481
2701,1436608649965,0.9816227,9.552865,2.9041667
2702,1436608649982,0.9259575,9.661202,2.8233624
2703,1436608650005,0.87927055,9.771336,2.7659016
2704,1436608650026,0.8158242,9.776723,2.765303
2705,1436608650043,0.75716627,9.820416,2.741361
2706,1436608650070,0.6841431,9.829993,2.7407625
2707,1436608650083,0.5847838,9.813234,2.746748
2708,1436608650104,0.5374983,9.853935,2.7353754
2709,1436608650122,0.46208093,9.85214,2.7754784
2710,1436608650144,0.3465607,9.916783,2.7802668
2711,1436608650163,0.24181437,9.958083,2.7659016
2712,1436608650186,0.15203181,9.88925,2.7593174
2713,1436608650205,0.08738836,9.913192,2.7311857
2714,1436608650224,0.06344634,9.930551,2.6809072
2715,1436608650245,0.09816227,9.931149,2.6318262
2716,1436608650265,0.16579847,9.920973,2.6485856
2717,1436608650285,0.19153613,9.865308,2.6994624
2718,1436608650305,0.20530279,9.791686,2.718616
2719,1436608650326,0.23642741,9.738416,2.7006595
2720,1436608650346,0.30226797,9.724648,2.6809072
2721,1436608650365,0.40701428,9.722255,2.6473885
2722,1436608650385,0.47884035,9.677961,2.6671407
2723,1436608650404,0.55126494,9.603742,2.6868927
2724,1436608650431,0.6715736,9.661202,2.6408045
2725,1436608650500,0.76075757,9.712079,2.6144683
2726,1436608650503,0.85293436,9.7402115,2.622848
2727,1436608650504,0.931943,9.76535,2.6024973
2728,1436608650505,1.0013748,9.826403,2.60549
2729,1436608650526,1.0259154,9.831789,2.5594015
2730,1436608650545,1.0127473,9.882068,2.5270798
2731,1436608650562,0.973243,9.938332,2.496554
2732,1436608650596,0.8984242,9.953295,2.4366987
2733,1436608650607,0.78290397,9.970653,2.4384944
2734,1436608650633,0.6464345,10.074203,2.3948002
2735,1436608650643,0.5363012,10.087969,2.3876176
2736,1436608650670,0.43514615,10.141838,2.3511062
2737,1436608650683,0.33877954,10.199299,2.3050177
2738,1436608650706,0.22924481,10.208278,2.2319946
2739,1436608650726,0.1448492,10.216658,2.2026656
2740,1436608650746,0.092775315,10.189722,2.183512
2741,1436608650766,0.049081136,10.157401,2.1960814
2742,1436608650785,0.044292733,10.227431,2.1972785
2743,1436608650806,0.05267244,10.271125,2.2397757
2744,1436608650826,0.06584055,10.272921,2.2661119
2745,1436608650843,0.08439561,10.247183,2.2870612
2746,1436608650866,0.031124622,10.191518,2.327164
2747,1436608650886,-0.044891283,10.143634,2.315193
2748,1436608650904,-0.089184016,10.068815,2.2906525
2749,1436608650925,-0.095169514,10.0269165,2.2541409
2750,1436608650945,-0.076015905,10.111911,2.202067
2751,1436608650967,0.036511578,10.094553,2.256535
2752,1436608650985,0.1933318,10.03769,2.28347
2753,1436608651006,0.31543607,10.033501,2.31639
2754,1436608651025,0.40701428,10.005967,2.3397336
2755,1436608651042,0.5189432,9.97604,2.369661
2756,1436608651071,0.5506664,10.012551,2.404377
2757,1436608651088,0.52253455,10.030508,2.4115596
2758,1436608651107,0.51714754,9.96766,2.381632
2759,1436608651127,0.51355624,9.90601,2.3864205
2760,1436608651145,0.5518635,9.916783,2.3918076
2761,1436608651167,0.5494693,9.904214,2.4636335
2762,1436608651216,0.4997896,9.888053,2.521693
2763,1436608651217,0.40402153,9.968858,2.4851813
2764,1436608651226,0.26276365,10.076596,2.4558525
2765,1436608651243,0.12150574,10.049662,2.4408886
2766,1436608651264,0.015562311,10.081984,2.3900118
2767,1436608651288,-0.05267244,10.223241,2.3157916
2768,1436608651303,-0.0700304,10.172963,2.2948422
2769,1436608651323,-0.047285482,10.221446,2.2080526
2770,1436608651343,-0.076614454,10.247782,2.1751323
2771,1436608651366,-0.039504327,10.17416,2.1787236
2772,1436608651390,0.017357962,10.097546,2.2762873
2773,1436608651404,0.049679685,10.117298,2.3666685
2774,1436608651429,0.08439561,10.059238,2.469619
2775,1436608651446,0.074220255,9.982624,2.5767596
2776,1436608651466,0.061650693,9.959281,2.6880898
2777,1436608651486,0.02813187,9.910798,2.7581203
2778,1436608651506,0.012569559,9.862315,2.7928362
2779,1436608651527,0.018555064,9.844358,2.7730842
2780,1436608651546,0.025737667,9.813833,2.742558
2781,1436608651567,-0.010175358,9.820416,2.6234465
2782,1436608651586,0.06344634,9.809643,2.5713725
2783,1436608651607,0.15203181,9.792884,2.505532
2784,1436608651623,0.24181437,9.838373,2.4995465
2785,1436608651643,0.35314476,9.837775,2.4983494
2786,1436608651663,0.48482585,9.855731,2.5540147
2787,1436608651685,0.6242881,9.886257,2.6539726
2788,1436608651706,0.6907272,9.83957,2.724003
2789,1436608651729,0.7392098,9.779117,2.7443538
2790,1436608651749,0.748188,9.7402115,2.7581203
2791,1436608651769,0.736217,9.702502,2.72939
2792,1436608651786,0.7679402,9.657013,2.7042508
2793,1436608651803,0.79367787,9.654618,2.7269957
2794,1436608651824,0.80445176,9.704298,2.7431567
2795,1436608651849,0.81283146,9.739613,2.7617116
2796,1436608651874,0.80924016,9.726444,2.7808652
2797,1436608651884,0.83138657,9.733627,2.7880478
2798,1436608651927,0.8439561,9.7084875,2.7820623
2799,1436608651928,0.8283938,9.69532,2.7665
2800,1436608651949,0.82001406,9.675568,2.7641058
2801,1436608651965,0.82899237,9.69951,2.731784
2802,1436608651986,0.85413146,9.698911,2.7126305
2803,1436608652005,0.9115923,9.685743,2.7605145
2804,1436608652026,0.95468795,9.688736,2.7575219
2805,1436608652046,0.9935937,9.717466,2.7712884
2806,1436608652067,1.0103531,9.783905,2.7335799
2807,1436608652085,1.0115502,9.814431,2.7431567
2808,1436608652104,0.99538934,9.857527,2.7497406
2809,1436608652131,0.9780314,9.923966,2.7395654
2810,1436608652144,0.95588505,9.952697,2.6850972
2811,1436608652167,0.87807345,9.977836,2.694674
2812,1436608652187,0.8062474,9.9790325,2.7030537
2813,1436608652207,0.7637503,9.968259,2.6797101
2814,1436608652227,0.7134721,9.909601,2.717419
2815,1436608652247,0.694917,9.880272,2.7371712
2816,1436608652267,0.61411273,9.886856,2.7581203
2817,1436608652287,0.4770447,9.939528,2.77069
2818,1436608652307,0.374094,9.992201,2.7724855
2819,1436608652327,0.25498247,9.94312,2.8341362
2820,1436608652347,0.13467385,9.949105,2.8874073
2821,1436608652364,0.06823475,9.809643,2.8844144
2822,1436608652387,0.034715924,9.707291,2.8550856
2823,1436608652408,0.089782566,9.808446,2.7994204
2824,1436608652428,0.13467385,9.864111,2.759916
2825,1436608652447,0.23104046,9.857527,2.7581203
2826,1436608652467,0.34356794,9.80665,2.8107927
2827,1436608652487,0.48482585,9.657013,2.8939912
2828,1436608652507,0.6679823,9.522937,2.932897
2829,1436608652527,0.7793127,9.599552,2.8778305
2830,1436608652549,0.8218097,9.69532,2.8323407
2831,1436608652586,0.7721301,9.692925,2.8263552
2832,1436608652587,0.66259533,9.720459,2.8137856
2833,1436608652605,0.4997896,9.656414,2.8257565
2834,1436608652626,0.3645172,9.661801,2.7712884
2835,1436608652665,0.26396075,9.715671,2.707842
2836,1436608652666,0.13706805,9.8198185,2.7407625
2837,1436608652687,-0.019153614,9.838972,2.7682958
2838,1436608652705,-0.17657238,9.863512,2.7682958
2839,1436608652729,-0.36032736,9.892841,2.747945
2840,1436608652745,-0.55246204,9.97185,2.7234044
2841,1436608652793,-0.75956047,10.038888,2.7126305
2842,1436608652794,-0.9552865,10.192117,2.658761
2843,1436608652812,-1.0474633,10.355521,2.6264393
2844,1436608652826,-0.90620536,10.198701,2.6677392
2845,1436608652845,-0.57281274,10.088568,2.706645
2846,1436608652866,-0.2100912,10.040085,2.7575219
2847,1436608652886,0.038307227,9.931747,2.771887
2848,1436608652908,0.10534488,9.879673,2.7647045
2849,1436608652928,0.11671733,9.742006,2.7138276
2850,1436608652948,0.142455,9.562442,2.6162639
2851,1436608652968,0.18555063,9.504981,2.5611973
2852,1436608652988,0.24480712,9.5732155,2.4121583
2853,1436608653008,0.23582886,9.715072,2.344522
2854,1436608653032,0.15861586,9.860519,2.4265234
2855,1436608653047,0.026934769,9.948506,2.6001031
2856,1436608653082,-0.035314474,9.962872,2.7299886
2857,1436608653088,-0.034117375,10.055647,2.72939
2858,1436608653106,0.015562311,10.143036,2.6623523
2859,1436608653127,0.08020575,10.224439,2.554613
2860,1436608653147,0.12090719,10.16578,2.5049336
2861,1436608653168,0.11971009,10.101137,2.492364
2862,1436608653188,0.14305355,10.055049,2.4959552
2863,1436608653208,0.05207389,10.01734,2.4708161
2864,1436608653230,-0.05746084,9.937733,2.4486697
2865,1436608653248,-0.054468088,9.905411,2.441487
2866,1436608653269,0.040102877,9.834782,2.5306711
2867,1436608653287,0.2220622,9.809045,2.6072857
2868,1436608653306,0.38067806,9.944317,2.565387
2869,1436608653326,0.4997896,10.036493,2.5372553
2870,1436608653346,0.58897364,10.00477,2.5839422
2871,1436608653393,0.6434417,10.0269165,2.566584
2872,1436608653394,0.5770026,10.028712,2.533664
2873,1436608653415,0.49440265,10.037092,2.542642
2874,1436608653426,0.40641573,10.077195,2.52289
2875,1436608653447,0.29448682,9.999383,2.5881321
2876,1436608653466,0.24480712,9.938332,2.5809495
2877,1436608653487,0.2693477,9.843162,2.5462334
2878,1436608653507,0.38486794,9.8515415,2.5552118
2879,1436608653538,0.45848963,9.758766,2.5312698
2880,1436608653545,0.5979519,9.731832,2.4774003
2881,1436608653569,0.7092823,9.743204,2.4821887
2882,1436608653589,0.7739257,9.831789,2.4791958
2883,1436608653605,0.83138657,9.858724,2.463035
2884,1436608653627,0.9211691,9.821614,2.475006
2885,1436608653645,1.0073603,9.83957,2.5019407
2886,1436608653670,1.09834,9.859323,2.5540147
2887,1436608653687,1.127669,9.871892,2.553416
2888,1436608653706,1.1839328,9.842564,2.5354595
2889,1436608653728,1.2437878,9.7402115,2.552219
2890,1436608653748,1.2707225,9.671378,2.5839422
2891,1436608653766,1.2132617,9.707291,2.6036944
2892,1436608653787,1.1049241,9.818023,2.6240451
2893,1436608653809,0.96306765,9.900024,2.6803088
2894,1436608653826,0.80086046,10.004171,2.6886885
2895,1436608653848,0.6757634,10.076596,2.6761189
2896,1436608653868,0.59615624,10.077195,2.6659436
2897,1436608653888,0.635062,10.014946,2.618658
2898,1436608653908,0.7302315,9.879075,2.6018987
2899,1436608653928,0.8774749,9.791088,2.5677812
2900,1436608653948,0.9959879,9.718663,2.533664
2901,1436608653968,1.1174936,9.781511,2.475006
2902,1436608653987,1.1941081,9.763555,2.509722
2903,1436608654008,1.2563573,9.771336,2.5264814
2904,1436608654032,1.2599486,9.813833,2.5408466
2905,1436608654051,1.1546037,9.885659,2.556409
2906,1436608654066,1.0199299,9.887454,2.5474305
2907,1436608654160,0.878672,9.902418,2.5863364
2908,1436608654161,0.6991069,9.913791,2.5731683
2909,1436608654162,0.5398925,9.930551,2.586935
2910,1436608654163,0.40940848,9.944916,2.5683799
2911,1436608654192,0.27952304,9.944317,2.610877
2912,1436608654193,0.16879122,9.907805,2.5683799
2913,1436608654207,0.12629414,9.841366,2.5396495
2914,1436608654227,0.08439561,9.853337,2.509722
2915,1436608654246,0.050278235,9.886257,2.4881742
2916,1436608654268,0.05805939,9.8916445,2.534861
2917,1436608654287,0.110731825,9.859921,2.6264393
2918,1436608654308,0.1436521,9.884461,2.6360161
2919,1436608654327,0.1592144,9.869498,2.645593
2920,1436608654348,0.1352724,9.97185,2.6114755
2921,1436608654367,0.0796072,9.96347,2.6312277
2922,1436608654388,0.03232172,9.9712515,2.6426
2923,1436608654408,0.0047884034,9.9790325,2.6264393
2924,1436608654429,-0.06584055,9.998186,2.6420016
2925,1436608654448,-0.090979666,9.957485,2.6449943
2926,1436608654468,-0.11552023,9.923966,2.6599581
2927,1436608654489,-0.1400608,9.925761,2.6701334
2928,1436608654509,-0.15622166,9.877279,2.6569653
2929,1436608654529,-0.12330139,9.866506,2.6431987
2930,1436608654550,-0.16819267,9.879075,2.5971103
2931,1436608654569,-0.17417817,9.921572,2.597709
2932,1436608654586,-0.17058687,9.8916445,2.5809495
2933,1436608654606,-0.12808979,9.848549,2.6390088
2934,1436608654627,-0.038307227,9.824607,2.6402059
2935,1436608654647,0.038905777,9.832987,2.64679
2936,1436608654667,0.15023616,9.877877,2.5983074
2937,1436608654687,0.219668,9.901819,2.6426
2938,1436608654706,0.2765303,9.915586,2.6599581
2939,1436608654727,0.30346507,9.917382,2.6629508
2940,1436608654747,0.3321955,9.919178,2.641403
2941,1436608654767,0.3417723,9.919776,2.6366146
2942,1436608654787,0.3728969,9.907207,2.6162639
2943,1436608654806,0.40641573,9.906608,2.6024973
2944,1436608654827,0.4321534,9.908403,2.617461
2945,1436608654859,0.4782418,9.891046,2.5929205
2946,1436608654869,0.5255273,9.8916445,2.6144683
2947,1436608654886,0.55365914,9.902418,2.6426
2948,1436608654907,0.61052144,9.922769,2.6300306
2949,1436608654927,0.66498953,9.932944,2.6354175
2950,1436608654947,0.7044938,9.916783,2.653374
2951,1436608654967,0.7302315,9.911396,2.654571
2952,1436608654995,0.7577648,9.886257,2.6497827
2953,1436608655007,0.75596917,9.903615,2.6503813
2954,1436608655030,0.7661445,9.925163,2.6180596
2955,1436608655047,0.78888947,9.909002,2.6168625
2956,1436608655067,0.7793127,9.890448,2.630629
2957,1436608655085,0.7565677,9.900024,2.6168625
2958,1436608655107,0.7422025,9.909002,2.6001031
2959,1436608655127,0.7392098,9.932944,2.581548
2960,1436608655149,0.7092823,9.965864,2.5893292
2961,1436608655169,0.6422446,9.964667,2.6007016
2962,1436608655189,0.58777654,9.935937,2.6222494
2963,1436608655211,0.51595044,9.936536,2.5953147
2964,1436608655231,0.44651863,9.909002,2.5863364
2965,1436608655249,0.40940848,9.895834,2.5905263
2966,1436608655270,0.40940848,9.88506,2.5821466
2967,1436608655288,0.4381389,9.913791,2.5881321
2968,1436608655311,0.47405192,9.926959,2.6001031
2969,1436608655328,0.5129577,9.934141,2.6384103
2970,1436608655348,0.5590461,9.941922,2.6276364
2971,1436608655368,0.6003461,9.958083,2.5911248
2972,1436608655389,0.58897364,9.988011,2.5917234
2973,1436608655412,0.5626374,9.970653,2.5995045
2974,1436608655432,0.5279215,9.93474,2.6168625
2975,1436608655449,0.45848963,9.928156,2.630629
2976,1436608655468,0.427365,9.90601,2.6036944
2977,1436608655488,0.38067806,9.926959,2.5863364
2978,1436608655508,0.37229836,9.929952,2.5905263
2979,1436608655528,0.36870706,9.920375,2.6030958
2980,1436608655549,0.39444473,9.900024,2.6114755
2981,1436608655608,0.38606504,9.920375,2.6581624
2982,1436608655609,0.39025488,9.962274,2.6521769
2983,1436608655610,0.39564183,9.965266,2.6288335
2984,1436608655629,0.39085343,9.938332,2.6246436
2985,1436608655648,0.3854665,9.937733,2.6318262
2986,1436608655667,0.39205053,9.922171,2.6312277
2987,1436608655694,0.37349546,9.920375,2.6210523
2988,1436608655725,0.39264908,9.910199,2.6491842
2989,1436608655728,0.39205053,9.891046,2.6497827
2990,1436608655768,0.38965634,9.870695,2.6641479
2991,1436608655769,0.3657143,9.88506,2.6563668
2992,1436608655794,0.3489549,9.861118,2.6288335
2993,1436608655808,0.3429694,9.857527,2.6617537
2994,1436608655831,0.3298013,9.882068,2.694674
2995,1436608655848,0.31184477,9.862315,2.7030537
2996,1436608655868,0.28550854,9.882666,2.653374
2997,1436608655890,0.28550854,9.886257,2.6521769
2998,1436608655911,0.30526072,9.850345,2.6671407
2999,1436608655931,0.2777274,9.853337,2.6952724
3000,1436608655951,0.23104046,9.853935,2.6689363
3001,1436608655970,0.22505496,9.840169,2.6312277
3002,1436608655990,0.29209262,9.833585,2.6521769
3003,1436608656011,0.3800795,9.837775,2.6725276
3004,1436608656036,0.44951138,9.84795,2.6366146
3005,1436608656048,0.52253455,9.897031,2.6473885
3006,1436608656081,0.6039374,9.920375,2.6300306
3007,1436608656089,0.6757634,9.876082,2.6479871
3008,1436608656110,0.7170634,9.886856,2.645593
3009,1436608656129,0.75477207,9.850345,2.633622
3010,1436608656150,0.7751228,9.834782,2.6264393
3011,1436608656168,0.79846627,9.818622,2.6264393
3012,1436608656188,0.81343,9.82341,2.618658
3013,1436608656208,0.8218097,9.829395,2.6162639
3014,1436608656228,0.87089086,9.895834,2.5875335
3015,1436608656250,0.87208796,9.901221,2.6030958
3016,1436608656270,0.8678981,9.908403,2.6264393
3017,1436608656289,0.8451532,9.882068,2.6036944
3018,1436608656309,0.82121116,9.837176,2.5773582
3019,1436608656337,0.81881696,9.813234,2.5773582
3020,1436608656382,0.82599956,9.840169,2.5552118
3021,1436608656386,0.83138657,9.859921,2.5611973
3022,1436608656389,0.83617496,9.865907,2.5767596
3023,1436608656409,0.8475474,9.904214,2.5953147
3024,1436608656429,0.83617496,9.910199,2.5953147
3025,1436608656449,0.82899237,9.890448,2.5803509
3026,1436608656468,0.8242039,9.861717,2.570774
3027,1436608656488,0.8086416,9.835381,2.5659857
3028,1436608656510,0.82899237,9.844957,2.5360582
3029,1436608656528,0.8463503,9.859921,2.5821466
3030,1436608656550,0.8182184,9.892841,2.5737667
3031,1436608656593,0.7930793,9.88925,2.5803509
3032,1436608656594,0.80205756,9.901221,2.5791538
3033,1436608656610,0.81163436,9.900622,2.5737667
3034,1436608656631,0.8050503,9.862914,2.5570073
3035,1436608656651,0.78290397,9.925163,2.546832
3036,1436608656670,0.7505822,9.900024,2.5366566
3037,1436608656690,0.74998367,9.886257,2.546832
3038,1436608656710,0.748188,9.912594,2.5540147
3039,1436608656731,0.7625532,9.896433,2.5354595
3040,1436608656751,0.7799112,9.892242,2.5258827
3041,1436608656770,0.80445176,9.903017,2.5234885
3042,1436608656791,0.80086046,9.888652,2.533664
3043,1436608656812,0.79367787,9.898827,2.556409
3044,1436608656832,0.78529817,9.903615,2.5378537
3045,1436608656851,0.7577648,9.881469,2.5366566
3046,1436608656869,0.75477207,9.87668,2.5300727
3047,1436608656890,0.7338228,9.895834,2.5169046
3048,1436608656912,0.741604,9.870695,2.517503
3049,1436608656932,0.7565677,9.868899,2.517503
3050,1436608656954,0.76315176,9.856929,2.5061307
3051,1436608656970,0.75956047,9.859921,2.4899697
3052,1436608656989,0.78529817,9.862914,2.484583
3053,1436608657009,0.82899237,9.880871,2.4971523
3054,1436608657032,0.8631097,9.883265,2.5252843
3055,1436608657049,0.83617496,9.934141,2.5300727
3056,1436608657150,0.80445176,9.9473095,2.5079262
3057,1436608657151,0.7386112,9.957485,2.5222914
3058,1436608657152,0.6793547,9.938332,2.4851813
3059,1436608657153,0.60932434,9.945514,2.4953568
3060,1436608657154,0.55485624,9.930551,2.463035
3061,1436608657169,0.5518635,9.935937,2.4708161
3062,1436608657189,0.55485624,9.941324,2.4504654
3063,1436608657209,0.5955577,9.962872,2.4504654
3064,1436608657229,0.6422446,9.9790325,2.472612
3065,1436608657249,0.6751649,9.988609,2.5037365
3066,1436608657270,0.66498953,9.98442,2.4893713
3067,1436608657290,0.6901286,9.995792,2.48159
3068,1436608657310,0.7092823,9.962274,2.4827871
3069,1436608657330,0.7128736,9.954493,2.4911668
3070,1436608657352,0.6793547,9.977237,2.473809
3071,1436608657372,0.6087258,9.955689,2.460641
3072,1436608657392,0.55605334,9.932345,2.4785974
3073,1436608657412,0.5351041,9.962274,2.4953568
3074,1436608657430,0.516549,9.964069,2.5013423
3075,1436608657450,0.5315128,9.918579,2.5133133
3076,1436608657469,0.5434838,9.871294,2.5192988
3077,1436608657499,0.56982,9.915586,2.5839422
3078,1436608657519,0.59495914,9.978435,2.544438
3079,1436608657544,0.5907693,9.993997,2.4666264
3080,1436608657550,0.6242881,9.964667,2.445677
3081,1436608657569,0.682946,9.861118,2.4654293
3082,1436608657589,0.7308301,9.817424,2.4516625
3083,1436608657609,0.7763199,9.831789,2.4666264
3084,1436608657629,0.78888947,9.829395,2.4779987
3085,1436608657651,0.7918822,9.861118,2.4983494
3086,1436608657672,0.8086416,9.880272,2.5013423
3087,1436608657698,0.7787141,9.91798,2.5570073
3088,1436608657709,0.7392098,9.965266,2.5498247
3089,1436608657729,0.6751649,9.982624,2.5276785
3090,1436608657749,0.5835867,9.909002,2.5366566
3091,1436608657770,0.5201403,9.934141,2.533664
3092,1436608657842,0.47524905,9.916783,2.5091233
3093,1436608657843,0.45729253,9.900622,2.5258827
3094,1436608657844,0.4973954,9.886856,2.5378537
3095,1436608657855,0.5446809,9.911995,2.5594015
3096,1436608657869,0.56563014,9.928156,2.5833437
3097,1436608657889,0.56563014,9.944317,2.570774
3098,1436608657911,0.54887074,9.926959,2.5905263
3099,1436608657931,0.5093664,9.939528,2.5965118
3100,1436608657949,0.50757074,9.925761,2.586935
3101,1436608657970,0.48722005,9.91798,2.6013002
3102,1436608657990,0.46627077,9.921572,2.6204538
3103,1436608658011,0.45130703,9.914988,2.6192567
3104,1436608658034,0.47524905,9.903017,2.6078842
3105,1436608658051,0.4914099,9.887454,2.6270378
3106,1436608658071,0.50637364,9.88925,2.5863364
3107,1436608658090,0.5141548,9.859921,2.5851393
3108,1436608658111,0.5710171,9.844957,2.5767596
3109,1436608658131,0.6428431,9.829993,2.5450363
3110,1436608658149,0.7218518,9.846154,2.5905263
3111,1436608658169,0.80804306,9.840169,2.5995045
3112,1436608658189,0.83856916,9.892242,2.6072857
3113,1436608658210,0.84934306,9.857527,2.6276364
3114,1436608658233,0.8110358,9.856929,2.6204538
3115,1436608658250,0.7757214,9.84795,2.606687
3116,1436608658270,0.7541735,9.825804,2.5965118
3117,1436608658293,0.7152678,9.834782,2.6240451
3118,1436608658313,0.7062895,9.864111,2.6120741
3119,1436608658331,0.6853402,9.8754835,2.5833437
3120,1436608658350,0.66858083,9.866506,2.6048915
3121,1436608658375,0.6769605,9.841366,2.6144683
3122,1436608658389,0.6667852,9.865308,2.6024973
3123,1436608658412,0.682946,9.855731,2.6252422
3124,1436608658433,0.7398083,9.834782,2.621651
3125,1436608658451,0.7685388,9.946711,2.6168625
3126,1436608658472,0.78649527,9.882068,2.6078842
3127,1436608658491,0.7811083,9.822212,2.6007016
3128,1436608658511,0.7577648,9.807249,2.6144683
3129,1436608658532,0.66858083,9.800066,2.6060886
3130,1436608658582,0.57520694,9.809643,2.6324248
3131,1436608658583,0.48482585,9.850943,2.630629
3132,1436608658599,0.38307226,9.947908,2.622848
3133,1436608658610,0.25318682,10.027515,2.6001031
3134,1436608658632,0.14305355,10.09156,2.5558102
3135,1436608658650,0.06284779,10.092757,2.5151088
3136,1436608658671,0.0077811554,10.043676,2.5222914
3137,1436608658690,-0.0047884034,10.019135,2.5360582
3138,1436608658714,0.04129998,9.979631,2.570774
3139,1436608658733,0.1388637,9.937134,2.5384524
3140,1436608658754,0.29628247,9.929952,2.56419
3141,1436608658771,0.4309563,9.871892,2.5971103
3142,1436608658791,0.5410896,9.879075,2.598906
3143,1436608658811,0.65242,9.911995,2.566584
3144,1436608658834,0.7248446,9.832987,2.5719712
3145,1436608658851,0.8170213,9.8916445,2.546832
3146,1436608658872,0.8463503,9.871294,2.5851393
3147,1436608658892,0.8810662,9.832388,2.5803509
3148,1436608658911,0.8631097,9.838373,2.5929205
3149,1436608658934,0.78769237,9.843162,2.544438
3150,1436608658951,0.6733692,9.865907,2.520496
3151,1436608658977,0.5303157,9.891046,2.5342624
3152,1436608658994,0.3728969,9.90601,2.5181017
3153,1436608659012,0.24241292,9.964667,2.5558102
3154,1436608659032,0.12928689,9.987412,2.5677812
3155,1436608659057,0.08619126,10.008362,2.5791538
3156,1436608659078,0.0724246,10.028113,2.5875335
3157,1436608659093,0.09935937,10.016143,2.5839422
3158,1436608659111,0.15682021,9.941922,2.586935
3159,1436608659131,0.25797522,9.838373,2.6198552
3160,1436608659158,0.3716998,9.8042555,2.5941176
3161,1436608659172,0.47764325,9.763555,2.5929205
3162,1436608659196,0.60333884,9.746197,2.6126726
3163,1436608659213,0.7038953,9.812635,2.6497827
3164,1436608659236,0.7823054,9.796474,2.6701334
3165,1436608659306,0.86251116,9.853935,2.682703
3166,1436608659307,0.84934306,9.832987,2.7018566
3167,1436608659311,0.7966706,9.814431,2.6886885
3168,1436608659312,0.6242881,9.83957,2.610877
3169,1436608659331,0.35314476,9.852738,2.5623944
3170,1436608659352,0.10414778,9.874287,2.5755625
3171,1436608659371,-0.08020575,9.996989,2.5121162
3172,1436608659396,-0.1448492,10.058042,2.4947581
3173,1436608659411,-0.23104046,10.074203,2.516306
3174,1436608659432,-0.23762453,10.063428,2.5252843
3175,1436608659453,-0.11611878,10.028712,2.5181017
3176,1436608659471,0.0676362,9.946711,2.529474
3177,1436608659494,0.25558102,9.956886,2.5366566
3178,1436608659515,0.35553896,9.946711,2.5570073
3179,1436608659531,0.37229836,9.90601,2.6180596
3180,1436608659552,0.43155485,9.848549,2.6150668
3181,1436608659572,0.4950012,9.844957,2.6258407
3182,1436608659593,0.5117606,9.821015,2.5779567
3183,1436608659615,0.53570265,9.810242,2.565387
3184,1436608659633,0.5835867,9.871294,2.566584
3185,1436608659654,0.6362591,9.81922,2.5701754
3186,1436608659672,0.60693014,9.8683,2.5701754
3187,1436608659693,0.5153519,9.897031,2.5833437
3188,1436608659719,0.39264908,9.932345,2.5498247
3189,1436608659733,0.22505496,9.956287,2.5157075
3190,1436608659754,0.08559271,9.965864,2.5139117
3191,1436608659772,0.024540568,9.937134,2.48578
3192,1436608659794,0.06404489,9.926959,2.4893713
3193,1436608659815,0.17657238,9.970653,2.521693
3194,1436608659831,0.32561144,9.964069,2.5570073
3195,1436608659853,0.41299978,9.930551,2.5839422
3196,1436608659872,0.46746787,9.956287,2.6234465
3197,1436608659894,0.5351041,9.911995,2.6509798
3198,1436608659915,0.52373165,9.872491,2.6102784
3199,1436608659934,0.480636,9.965266,2.5240872
3200,1436608659953,0.38187516,9.9951935,2.4534583
3201,1436608659984,0.35553896,9.911396,2.4762032
3202,1436608660058,0.36272156,9.903615,2.5306711
3203,1436608660059,0.39803603,9.932944,2.5300727
3204,1436608660060,0.43394905,9.934141,2.4911668
3205,1436608660061,0.48841715,9.897031,2.473809
3206,1436608660098,0.54049104,9.841366,2.5198972
3207,1436608660099,0.5746084,9.829993,2.5552118
3208,1436608660127,0.5859809,9.84795,2.570774
3209,1436608660132,0.6051345,9.902418,2.5839422
3210,1436608660172,0.5847838,9.974244,2.5785553
3211,1436608660173,0.52373165,10.016742,2.5767596
3212,1436608660192,0.46866497,9.983821,2.5899277
3213,1436608660215,0.4261679,9.946113,2.5851393
3214,1436608660232,0.38187516,9.978435,2.5462334
3215,1436608660255,0.39264908,9.910798,2.5396495
3216,1436608660276,0.43155485,9.883265,2.5516205
3217,1436608660295,0.46986207,9.865308,2.5552118
3218,1436608660315,0.5129577,9.834782,2.5941176
3219,1436608660334,0.58298814,9.856929,2.6042929
3220,1436608660355,0.6290765,9.921572,2.633622
3221,1436608660376,0.6715736,9.970055,2.6473885
3222,1436608660395,0.6386533,10.030508,2.6258407
3223,1436608660421,0.60932434,10.006566,2.598906
3224,1436608660433,0.59136784,9.949105,2.5594015
3225,1436608660454,0.54288524,9.930551,2.5270798
3226,1436608660476,0.47345337,9.961076,2.5318682
3227,1436608660495,0.39205053,9.978435,2.5851393
3228,1436608660515,0.32142156,10.024523,2.6503813
3229,1436608660535,0.2705448,10.093954,2.7036524
3230,1436608660554,0.26635495,10.114903,2.705448
3231,1436608660576,0.29628247,10.032304,2.72939
3232,1436608660595,0.37229836,9.950901,2.6886885
3233,1436608660615,0.46208093,9.849147,2.653374
3234,1436608660632,0.581791,9.762956,2.60968
3235,1436608660655,0.7134721,9.723452,2.574964
3236,1436608660675,0.7882909,9.633071,2.5540147
3237,1436608660693,0.8265981,9.606734,2.5061307
3238,1436608660721,0.801459,9.56723,2.497751
3239,1436608660782,0.7769185,9.522339,2.469619
3240,1436608660783,0.7074866,9.545084,2.4552538
3241,1436608660784,0.65062433,9.651626,2.456451
3242,1436608660800,0.6194997,9.882666,2.4492683
3243,1436608660813,0.6075287,10.011953,2.4959552
3244,1436608660832,0.6344634,10.34355,2.5941176
3245,1436608660852,0.64942724,10.699089,2.7138276
3246,1436608660878,0.6751649,10.843938,2.847903
3247,1436608660893,0.6464345,10.700885,2.9047651
3248,1436608660914,0.51714754,10.315418,2.7748797
3249,1436608660933,0.40162733,9.835381,2.6342204
3250,1436608660953,0.33518824,9.541492,2.4612393
3251,1436608660978,0.31244332,9.456498,2.3020248
3252,1436608660996,0.31364042,9.533113,2.2972364
3253,1436608661016,0.4441244,9.738416,2.4013844
3254,1436608661034,0.6147113,9.922171,2.6024973
3255,1436608661055,0.7505822,10.037092,2.7084408
3256,1436608661079,0.83138657,10.064626,2.7491422
3257,1436608661096,0.8762778,9.9951935,2.689287
3258,1436608661114,0.8774749,9.892841,2.5845408
3259,1436608661136,0.86849666,9.76535,2.5306711
3260,1436608661157,0.84455466,9.647436,2.4666264
3261,1436608661175,0.85173726,9.612122,2.4774003
3262,1436608661196,0.8900445,9.646837,2.5031378
3263,1436608661217,0.9540894,9.714474,2.5025394
3264,1436608661236,1.0145429,9.7803135,2.5594015
3265,1436608661256,1.0552444,9.820416,2.5839422
3266,1436608661276,1.0378864,9.77792,2.5767596
3267,1436608661295,0.9864111,9.677363,2.606687
3268,1436608661314,0.91099375,9.827001,2.5486276
3269,1436608661333,0.8415619,9.931747,2.4887726
3270,1436608661357,0.83497787,9.964667,2.4983494
3271,1436608661378,0.89782566,10.096349,2.4366987
3272,1436608661397,0.9983821,10.21127,2.369661
3273,1436608661416,1.1959038,10.157999,2.3307555
3274,1436608661437,1.3790601,9.994595,2.331354
3275,1436608661490,1.5831659,9.8677025,2.3517046
3276,1436608661491,1.7872716,9.731233,2.3523033
3277,1436608661497,1.8555063,9.655815,2.3594859
3278,1436608661513,2.0266917,9.589975,2.267309
3279,1436608661534,2.1218612,9.554062,2.2661119
3280,1436608661555,2.1057005,9.548675,2.2697031
3281,1436608661573,2.0907366,9.645041,2.3038206
3282,1436608661593,2.022502,9.745598,2.3451207
3283,1436608661613,1.934515,9.83957,2.3822308
3284,1436608661646,1.8626889,9.925163,2.4061728
3285,1436608661659,1.7717092,9.953894,2.4121583
3286,1436608661687,1.6286557,9.974244,2.4528596
3287,1436608661694,1.4287399,10.005369,2.4558525
3288,1436608661714,1.240795,10.035296,2.415151
3289,1436608661734,1.0067618,9.97185,2.35769
3290,1436608661756,0.8110358,9.897031,2.309806
3291,1436608661776,0.664391,9.855133,2.3133974
3292,1436608661796,0.55246204,9.8198185,2.3080103
3293,1436608661816,0.54887074,9.847352,2.3648727
3294,1436608661836,0.5967548,9.91439,2.4313118
3295,1436608661856,0.65900403,9.979631,2.5013423
3296,1436608661876,0.7457938,10.015544,2.5617957
3297,1436608661894,0.81522566,9.983821,2.5605986
3298,1436608661916,0.8726865,10.004171,2.5552118
3299,1436608661936,0.9624691,9.944916,2.5486276
3300,1436608661955,1.0097545,9.935339,2.520496
3301,1436608661977,0.98820674,9.941922,2.4762032
3302,1436608661997,0.97025025,9.898827,2.4612393
3303,1436608662016,0.89423436,9.900622,2.4779987
3304,1436608662035,0.83378077,9.909601,2.492364
3305,1436608662056,0.79726917,9.951499,2.4881742
3306,1436608662081,0.78050977,9.980229,2.521693
3307,1436608662097,0.7769185,9.981427,2.5779567
3308,1436608662117,0.74998367,9.959281,2.6090813
3309,1436608662136,0.7314286,9.900622,2.5983074
3310,1436608662157,0.7356185,9.849746,2.554613
3311,1436608662176,0.7445967,9.844957,2.554613
3312,1436608662194,0.7577648,9.858126,2.542642
3313,1436608662226,0.7224504,9.869498,2.5133133
3314,1436608662275,0.7152678,9.907805,2.520496
3315,1436608662276,0.741604,9.931747,2.5408466
3316,1436608662277,0.7661445,9.91439,2.553416
3317,1436608662294,0.7823054,9.910199,2.5683799
3318,1436608662314,0.7823054,9.886257,2.5689783
3319,1436608662334,0.80684596,9.858724,2.5498247
3320,1436608662354,0.8194155,9.853337,2.5378537
3321,1436608662379,0.8283938,9.864111,2.5594015
3322,1436608662395,0.8451532,9.861717,2.5881321
3323,1436608662416,0.8451532,9.85214,2.5683799
3324,1436608662435,0.79607207,9.884461,2.582745
3325,1436608662455,0.7858967,9.8916445,2.5683799
3326,1436608662478,0.7428011,9.886856,2.5833437
3327,1436608662497,0.7386112,9.855133,2.5785553
3328,1436608662517,0.7080852,9.8437605,2.5953147
3329,1436608662537,0.7152678,9.817424,2.6114755
3330,1436608662554,0.6967127,9.830592,2.610877
3331,1436608662577,0.6901286,9.855731,2.6240451
3332,1436608662597,0.7188591,9.901819,2.6629508
3333,1436608662617,0.7290344,9.926959,2.6581624
3334,1436608662637,0.7517793,9.929952,2.6629508
3335,1436608662657,0.7667431,9.907207,2.6461914
3336,1436608662676,0.7565677,9.880272,2.64679
3337,1436608662697,0.7224504,9.809045,2.629432
3338,1436608662717,0.6967127,9.787497,2.5863364
3339,1436608662737,0.7338228,9.801862,2.6048915
3340,1436608662757,0.81283146,9.7863,2.6276364
3341,1436608662777,0.88765025,9.803059,2.6581624
3342,1436608662796,0.9068039,9.877279,2.6420016
3343,1436608662817,0.8984242,9.931747,2.6449943
3344,1436608662837,0.89064306,9.932944,2.6647465
3345,1436608662857,0.78170687,9.952098,2.653374
3346,1436608662877,0.6326678,9.934141,2.552219
3347,1436608662899,0.57281274,9.913192,2.533664
3348,1436608662916,0.5303157,9.813234,2.5312698
3349,1436608662943,0.51116204,9.794081,2.5594015
3350,1436608663041,0.45848963,9.84795,2.5683799
3351,1436608663042,0.45429978,9.836577,2.586935
3352,1436608663043,0.47285482,9.862315,2.6090813
3353,1436608663044,0.5279215,9.920375,2.6300306
3354,1436608663045,0.53211135,9.939528,2.630629
3355,1436608663144,0.52373165,9.898827,2.6156654
3356,1436608663171,0.60453594,9.947908,2.5647886
3357,1436608663172,0.6793547,9.931747,2.610877
3358,1436608663173,0.75596917,9.850345,2.6485856
3359,1436608663174,0.81343,9.84795,2.6617537
3360,1436608663175,0.8439561,9.920375,2.6527755
3361,1436608663176,0.83497787,10.002377,2.630629
3362,1436608663238,0.82240826,10.199299,2.6180596
3363,1436608663239,0.7781156,10.195109,2.6647465
3364,1436608663240,0.6775591,10.152014,2.621651
3365,1436608663260,0.49799395,10.316615,2.4516625
3366,1436608663275,0.46866497,10.207679,2.4678235
3367,1436608663296,0.62368953,10.129269,2.570774
3368,1436608663318,0.7266402,10.178948,2.5605986
3369,1436608663338,0.7763199,10.298658,2.48578
3370,1436608663358,0.7032967,9.8042555,2.582745
3371,1436608663379,0.6123171,9.325416,2.7688942
3372,1436608663398,0.52732295,9.211093,2.734777
3373,1436608663416,0.45729253,9.186552,2.6048915
3374,1436608663435,0.55485624,9.415796,2.4702177
3375,1436608663455,0.85652566,9.669582,2.5450363
3376,1436608663477,1.0642227,9.705495,2.7018566
3377,1436608663497,1.0720038,9.754577,2.8742392
3378,1436608663518,0.96067345,9.837176,2.938284
3379,1436608663535,0.9211691,9.958682,2.8461072
3380,1436608663556,0.84455466,10.002377,2.7210102
3381,1436608663575,0.6278794,9.879075,2.593519
3382,1436608663595,0.4902128,9.834782,2.5570073
3383,1436608663616,0.23403321,9.797073,2.5629928
3384,1436608663635,-0.047884032,9.892841,2.5121162
3385,1436608663655,-0.22385786,9.999982,2.4911668
3386,1436608663677,-0.23223756,10.195109,2.594716
3387,1436608663697,-0.12509704,10.338163,2.7365725
3388,1436608663717,-0.036511578,10.501567,2.767697
3389,1436608663737,0.0053869537,10.348937,2.7497406
3390,1436608663760,-0.04249708,10.187328,2.6719291
3391,1436608663823,-0.0700304,10.036493,2.5552118
3392,1436608663824,-0.050278235,9.8437605,2.4917655
3393,1436608663825,0.06584055,9.554062,2.5007436
3394,1436608663836,0.3309984,9.442133,2.5731683
3395,1436608663858,0.58119243,9.3978405,2.6671407
3396,1436608663892,0.8062474,9.442133,2.735974
3397,1436608663895,0.9475053,9.596559,2.7491422
3398,1436608663917,1.0869676,9.796474,2.7299886
3399,1436608663939,1.1641805,9.852738,2.7168205
3400,1436608663959,1.2629414,9.85214,2.6910827
3401,1436608663976,1.3186066,9.785701,2.6689363
3402,1436608663998,1.3012487,9.73662,2.6270378
3403,1436608664015,1.2060791,9.8198185,2.545635
3404,1436608664037,1.0474633,9.978435,2.497751
3405,1436608664057,0.83258367,10.158598,2.4570496
3406,1436608664079,0.56203884,10.200497,2.496554
3407,1436608664097,0.26036942,10.099341,2.5600002
3408,1436608664115,0.006584055,10.061034,2.5887306
3409,1436608664139,-0.19871874,10.070012,2.6060886
3410,1436608664159,-0.2801216,10.053253,2.6821043
3411,1436608664180,-0.3238158,10.018537,2.7246015
3412,1436608664196,-0.32022446,10.079589,2.724003
3413,1436608664219,-0.2825158,10.01734,2.7509377
3414,1436608664238,-0.2148796,9.909601,2.7581203
3415,1436608664259,-0.10235212,9.847352,2.7234044
3416,1436608664279,0.09935937,9.716867,2.6593595
3417,1436608664299,0.219668,9.655815,2.6581624
3418,1436608664319,0.5033809,9.698911,2.5773582
3419,1436608664338,0.7727286,9.672575,2.5594015
3420,1436608664359,1.0737995,9.580399,2.5923219
3421,1436608664379,1.3760674,9.536704,2.5911248
3422,1436608664399,1.6047137,9.588778,2.5983074
3423,1436608664420,1.7435774,9.548675,2.6342204
3424,1436608664439,1.7782934,9.540296,2.6671407
3425,1436608664460,1.7465701,9.492412,2.6737247
3426,1436608664525,1.632247,9.481039,2.6138697
3427,1436608664526,1.4856021,9.61272,2.5510218
3428,1436608664527,1.3365631,9.7162695,2.5689783
3429,1436608664536,1.2473791,9.7958765,2.6036944
3430,1436608664565,1.146224,9.983223,2.6461914
3431,1436608664577,1.0193313,10.155006,2.5995045
3432,1436608664597,0.92057055,10.171167,2.5689783
3433,1436608664618,0.8762778,10.152014,2.541445
3434,1436608664638,0.84216046,10.117298,2.5139117
3435,1436608664658,0.7649474,10.055647,2.5366566
3436,1436608664677,0.6751649,10.102933,2.4636335
3437,1436608664699,0.55246204,10.01315,2.505532
3438,1436608664717,0.46746787,9.843162,2.5049336
3439,1436608664739,0.40940848,9.810242,2.4612393
3440,1436608664759,0.4417302,9.794679,2.3756466
3441,1436608664779,0.55485624,9.743204,2.3630772
3442,1436608664799,0.7062895,9.81084,2.3959973
3443,1436608664819,0.7637503,9.915586,2.4546554
3444,1436608664839,0.7613561,10.052056,2.5246856
3445,1436608664859,0.7128736,10.149021,2.6102784
3446,1436608664879,0.641646,10.12448,2.653374
3447,1436608664900,0.55246204,10.053253,2.6449943
3448,1436608664916,0.45370123,10.0508585,2.5923219
3449,1436608664940,0.35075054,10.102933,2.4708161
3450,1436608664956,0.17717093,10.140641,2.3750482
3451,1436608664976,0.04129998,10.134656,2.3331497
3452,1436608664996,-0.045489833,10.09156,2.3253684
3453,1436608665022,-0.1340753,10.036493,2.3600843
3454,1436608665041,-0.14544775,10.02572,2.3319526
3455,1436608665057,-0.04369418,9.880871,2.3828292
3456,1436608665077,0.1412579,9.858126,2.4067712
3457,1436608665097,0.32561144,9.826403,2.4774003
3458,1436608665119,0.54049104,9.850943,2.4839842
3459,1436608665137,0.6835446,9.925761,2.4791958
3460,1436608665158,0.7230489,9.949704,2.4779987
3461,1436608665177,0.7188591,9.961675,2.5025394
3462,1436608665250,0.6853402,9.895236,2.4905684
3463,1436608665251,0.6206968,9.83957,2.4654293
3464,1436608665252,0.58298814,9.794081,2.4223335
3465,1436608665260,0.5590461,9.77373,2.3481133
3466,1436608665279,0.52373165,9.784504,2.3295584
3467,1436608665300,0.51834464,9.909002,2.3475149
3468,1436608665316,0.45848963,9.953295,2.4361002
3469,1436608665337,0.40162733,10.014946,2.520496
3470,1436608665370,0.29987377,9.946113,2.557606
3471,1436608665378,0.23104046,9.852738,2.5683799
3472,1436608665399,0.14903906,9.850943,2.5558102
3473,1436608665418,0.059855044,9.828796,2.5342624
3474,1436608665440,-0.095169514,9.974843,2.4522612
3475,1436608665460,-0.207697,10.149021,2.3930047
3476,1436608665480,-0.2896984,10.195109,2.380435
3477,1436608665500,-0.2896984,10.201694,2.3995886
3478,1436608665520,-0.26994625,10.166978,2.3942018
3479,1436608665540,-0.21787235,10.210671,2.3020248
3480,1436608665558,-0.110133275,10.138845,2.2948422
3481,1436608665580,0.038905777,10.0269165,2.3289597
3482,1436608665600,0.16280572,9.996989,2.3888147
3483,1436608665620,0.25617957,9.973646,2.3971944
3484,1436608665641,0.31184477,9.943718,2.4133554
3485,1436608665660,0.3477578,9.939528,2.4366987
3486,1436608665680,0.3824737,9.928755,2.4229321
3487,1436608665697,0.3716998,9.856929,2.4438813
3488,1436608665717,0.40342298,9.932345,2.4480712
3489,1436608665737,0.46028528,9.8754835,2.4253263
3490,1436608665757,0.5566519,9.939528,2.3678656
3491,1436608665781,0.6398504,9.910199,2.3750482
3492,1436608665802,0.7200562,9.874287,2.3989902
3493,1436608665819,0.7404069,9.989806,2.3750482
3494,1436608665838,0.7015011,10.168773,2.3690627
3495,1436608665857,0.6171055,10.030508,2.4863784
3496,1436608665879,0.5470751,9.979631,2.5264814
3497,1436608665898,0.50158525,9.952098,2.4504654
3498,1436608665982,0.48362875,9.937733,2.3439236
3499,1436608665983,0.54887074,9.936536,2.2703018
3500,1436608665984,0.5943606,9.876082,2.307412
3501,1436608665985,0.6404489,9.850345,2.3427265
3502,1436608665997,0.712275,9.913791,2.3834279
3503,1436608666020,0.7918822,9.935937,2.396596
3504,1436608666074,0.842759,9.925163,2.4181437
3505,1436608666075,0.85652566,9.931149,2.4450784
3506,1436608666081,0.84575176,9.913791,2.4133554
3507,1436608666097,0.7757214,9.964667,2.3714569
3508,1436608666119,0.6727707,9.978435,2.3481133
3509,1436608666141,0.5518635,10.000581,2.3666685
3510,1436608666158,0.48841715,9.964667,2.4271219
3511,1436608666181,0.39564183,9.998785,2.4654293
3512,1436608666197,0.29029694,10.105926,2.4331074
3513,1436608666219,0.20290859,10.242394,2.396596
3514,1436608666240,0.13706805,10.200497,2.4953568
3515,1436608666260,0.077811554,10.133459,2.552219
3516,1436608666281,0.018555064,10.064027,2.6168625
3517,1436608666301,-0.0700304,9.998785,2.6072857
3518,1436608666321,-0.095169514,9.999383,2.5420437
3519,1436608666340,-0.11252748,10.009559,2.542642
3520,1436608666361,-0.1316811,9.9473095,2.5731683
3521,1436608666381,-0.12629414,9.91439,2.6084828
3522,1436608666401,-0.16220717,9.901221,2.6126726
3523,1436608666418,-0.26156655,9.791686,2.724003
3524,1436608666437,-0.39324763,9.871294,2.697667
3525,1436608666457,-0.38606504,10.007763,2.5121162
3526,1436608666483,-0.05207389,9.947908,2.4193408
3527,1436608666503,0.5351041,10.050261,2.3529017
3528,1436608666520,1.1450269,10.004171,2.432509
3529,1436608666541,1.6861166,9.793482,2.621651
3530,1436608666558,1.9375077,9.688137,2.6461914
3531,1436608666609,1.9267339,9.60853,2.6868927
3532,1436608666610,1.7112557,9.578004,2.6557682
3533,1436608666630,1.4802152,9.455899,2.6162639
3534,1436608666684,1.3491327,9.452907,2.5498247
3535,1436608666685,1.3006501,9.522937,2.5240872
3536,1436608666686,1.2719196,9.64564,2.510919
3537,1436608666704,1.2683283,9.724648,2.5528176
3538,1436608666719,1.287482,9.733627,2.5917234
3539,1436608666738,1.3198037,9.812635,2.5492263
3540,1436608666758,1.3227965,9.865907,2.4959552
3541,1436608666778,1.246182,9.9233675,2.4959552
3542,1436608666800,1.0929531,9.952098,2.4893713
3543,1436608666819,0.87807345,9.8683,2.509722
3544,1436608666839,0.6901286,9.849147,2.4947581
3545,1436608666859,0.5895722,9.914988,2.4654293
3546,1436608666879,0.5979519,9.903017,2.4827871
3547,1436608666901,0.6171055,9.871294,2.4917655
3548,1436608666921,0.6476316,9.937733,2.4971523
3549,1436608666941,0.6356605,9.847352,2.544438
3550,1436608666960,0.65062433,9.76116,2.5605986
3551,1436608666981,0.6817489,9.884461,2.5157075
3552,1436608667001,0.7260417,9.895236,2.4486697
3553,1436608667021,0.78410107,9.883265,2.4468741
3554,1436608667040,0.86251116,9.986216,2.4115596
3555,1436608667058,0.96426475,10.017939,2.4528596
3556,1436608667081,0.99060094,10.003573,2.517503
3557,1436608667098,1.0307038,9.972448,2.5246856
3558,1436608667119,1.0079589,10.001179,2.528277
3559,1436608667139,0.85532856,10.009559,2.5354595
3560,1436608667159,0.74998367,9.9473095,2.5594015
3561,1436608667180,0.635062,9.863512,2.5995045
3562,1436608667202,0.6171055,9.82341,2.645593
3563,1436608667220,0.64823014,9.932944,2.633622
3564,1436608667241,0.7230489,10.095152,2.6048915
3565,1436608667260,0.6847417,10.15381,2.593519
3566,1436608667279,0.670975,10.196306,2.6844985
3567,1436608667300,0.74519527,10.041881,2.7503393
3568,1436608667320,0.83976626,9.968259,2.882619
3569,1436608667341,0.9576807,9.979631,3.0023289
3570,1436608667365,1.039682,9.923966,3.091513
3571,1436608667427,1.0779893,9.8276,3.0747535
3572,1436608667428,1.0534488,9.844358,2.9454668
3573,1436608667429,1.0283096,9.762956,2.831742
3574,1436608667444,0.95827925,9.705495,2.9340942
3575,1436608667459,0.8074445,9.897031,3.0119057
3576,1436608667480,0.52612585,10.076596,2.9658175
3577,1436608667499,0.350152,9.9790325,2.9712043
3578,1436608667525,0.34237084,9.910199,2.954445
3579,1436608667540,0.39384618,9.803059,3.0011318
3580,1436608667561,0.45250413,9.663596,3.1172507
3581,1436608667580,0.58538234,9.7402115,3.1896753
3582,1436608667600,0.76195467,9.476251,3.3213563
3583,1436608667620,0.92057055,9.343372,3.38181
3584,1436608667640,0.9756372,9.383475,3.447052
3585,1436608667662,0.92895025,9.440936,3.3081882
3586,1436608667680,0.8475474,9.388264,3.301604
3587,1436608667702,0.7990648,9.351153,3.4063504
3588,1436608667722,0.78410107,9.419388,3.4739866
3589,1436608667742,0.80445176,9.605537,3.4356794
3590,1436608667762,0.8343793,9.450513,3.4171243
3591,1436608667780,0.85532856,9.364322,3.4835634
3592,1436608667802,0.87089086,9.607931,3.4392707
3593,1436608667821,0.84335756,9.478046,3.3051953
3594,1436608667840,0.86849666,9.217078,3.205836
3595,1436608667862,0.9127894,9.1590185,3.1896753
3596,1436608667882,0.9804256,9.364322,3.229778
3597,1436608667900,0.97743285,9.51336,3.2393548
3598,1436608667922,0.8924387,9.564238,3.2692823
3599,1436608667939,0.81642276,9.691729,3.2920272
3600,1436608667959,0.8002619,9.737218,3.2190042
3601,1436608667980,0.82599956,9.803658,3.2213984
3602,1436608668002,0.85473,9.729437,3.1914709
3603,1436608668020,0.91219085,9.626487,3.1399956
3604,1436608668040,0.96665895,9.643246,3.0023289
3605,1436608668062,1.0241197,9.628283,2.8999767
3606,1436608668089,1.0594343,9.646837,2.8904
3607,1436608668145,1.0301052,9.7863,2.9317
3608,1436608668146,0.9624691,9.910199,2.9520507
3609,1436608668147,0.866701,10.072407,2.9059622
3610,1436608668167,0.7691373,10.152613,2.8592753
3611,1436608668180,0.6775591,10.246585,2.855684
3612,1436608668208,0.6751649,10.282497,2.8323407
3613,1436608668220,0.7062895,10.259154,2.7808652
3614,1436608668240,0.7733272,10.161591,2.7509377
3615,1436608668260,0.82480246,10.055647,2.7036524
3616,1436608668280,0.866701,10.011953,2.5929205
3617,1436608668302,0.84814596,9.937733,2.4785974
3618,1436608668322,0.84335756,9.877279,2.367267
3619,1436608668340,0.8451532,9.844957,2.292448
3620,1436608668363,0.8936358,9.922171,2.2840683
3621,1436608668383,0.93732995,9.941324,2.3397336
3622,1436608668403,1.0223241,9.939528,2.404377
3623,1436608668423,1.0576386,9.93893,2.486977
3624,1436608668440,1.122282,10.031107,2.5049336
3625,1436608668463,1.1563994,10.016742,2.5013423
3626,1436608668483,1.1432313,10.093356,2.5019407
3627,1436608668503,1.0851719,10.20289,2.5067291
3628,1436608668523,1.06123,10.149021,2.5887306
3629,1436608668541,0.98581254,10.220248,2.586935
3630,1436608668561,0.98341835,10.14543,2.5851393
3631,1436608668583,1.0223241,10.046669,2.581548
3632,1436608668603,1.0528502,10.044274,2.52289
3633,1436608668623,1.039682,9.944317,2.504335
3634,1436608668643,1.0241197,9.765948,2.5959132
3635,1436608668661,0.9995792,9.690532,2.6282349
3636,1436608668681,0.9163807,9.578004,2.6443958
3637,1436608668703,0.91937345,9.436746,2.6408045
3638,1436608668723,1.06123,9.399037,2.6509798
3639,1436608668743,1.2755109,9.454702,2.7443538
3640,1436608668761,1.4395138,9.60853,2.771887
3641,1436608668796,1.5616181,9.762956,2.7976246
3642,1436608668800,1.6178818,9.761759,2.8772318
3643,1436608668823,1.596334,9.63726,2.9137435
3644,1436608668867,1.5999253,9.559449,2.9113493
3645,1436608668868,1.5682021,9.554661,2.8054059
3646,1436608668883,1.5239093,9.491813,2.794632
3647,1436608668900,1.5185224,9.508572,2.7383683
3648,1436608668920,1.4987702,9.646238,2.7281928
3649,1436608668941,1.4083891,9.766547,2.7694929
3650,1436608668960,1.2366052,9.800066,2.8933928
3651,1436608668984,1.103727,9.846154,2.9358897
3652,1436608669011,1.0911574,9.8276,2.9227216
3653,1436608669033,1.1216835,9.83957,2.8808231
3654,1436608669040,1.1821371,9.901221,2.9125464
3655,1436608669061,1.1905168,9.8754835,2.9358897
3656,1436608669081,1.1623849,9.829395,2.966416
3657,1436608669102,1.0869676,9.874287,2.9891608
3658,1436608669122,0.9780314,9.865907,3.0178912
3659,1436608669141,0.7691373,9.880272,2.9819782
3660,1436608669164,0.62847793,9.863512,2.882619
3661,1436608669182,0.37708676,9.846753,2.8407204
3662,1436608669204,0.24720132,9.828198,2.7641058
3663,1436608669223,0.20231004,9.779716,2.7485435
3664,1436608669241,0.19572599,9.745598,2.710835
3665,1436608669262,0.23762453,9.6923275,2.6964695
3666,1436608669282,0.3824737,9.625289,2.7629087
3667,1436608669301,0.5255273,9.727043,2.790442
3668,1436608669324,0.57760113,9.837775,2.858677
3669,1436608669342,0.57161564,9.926959,2.9173348
3670,1436608669364,0.48602295,9.957485,3.0292637
3671,1436608669384,0.34955344,10.029909,3.0304608
3672,1436608669403,0.29269117,10.078392,2.9580362
3673,1436608669423,0.32920274,10.1065235,2.9430726
3674,1436608669443,0.4357447,10.052654,3.0460231
3675,1436608669463,0.5105635,9.955689,3.110068
3676,1436608669483,0.5374983,9.890448,3.0909145
3677,1436608669504,0.53211135,9.79827,2.9921536
3678,1436608669521,0.5033809,9.733627,2.8981812
3679,1436608669543,0.41120413,9.701904,2.8341362
3680,1436608669574,0.31902736,9.648633,2.778471
3681,1436608669642,0.2669535,9.660006,2.7335799
3682,1436608669643,0.27353755,9.668385,2.77069
3683,1436608669644,0.31902736,9.689334,2.823961
3684,1436608669645,0.41120413,9.702502,2.8592753
3685,1436608669664,0.49200845,9.742605,2.878429
3686,1436608669681,0.53689975,9.800066,2.8778305
3687,1436608669701,0.5823896,9.783905,2.8658595
3688,1436608669725,0.6075287,9.774927,2.867655
3689,1436608669744,0.6572084,9.77373,2.9227216
3690,1436608669768,0.6440403,9.774927,2.9113493
3691,1436608669781,0.59615624,9.822212,2.9029696
3692,1436608669801,0.56563014,9.824607,2.847903
3693,1436608669821,0.58298814,9.84795,2.847903
3694,1436608669841,0.6290765,9.834184,2.895787
3695,1436608669861,0.62368953,9.850943,2.9161377
3696,1436608669881,0.6242881,9.8754835,2.8724434
3697,1436608669902,0.6464345,9.888652,2.8514943
3698,1436608669922,0.6697779,9.871294,2.8514943
3699,1436608669941,0.6973112,9.838972,2.8401217
3700,1436608669961,0.700304,9.794679,2.8592753
3701,1436608669982,0.664391,9.774328,2.8622682
3702,1436608670001,0.6422446,9.753379,2.8538885
3703,1436608670021,0.59495914,9.745598,2.867655
3704,1436608670041,0.5793968,9.768343,2.8449101
3705,1436608670061,0.6015432,9.727043,2.873042
3706,1436608670081,0.59256494,9.829993,2.819771
3707,1436608670101,0.6667852,10.068815,2.7886465
3708,1436608670123,0.7140707,10.134057,2.8514943
3709,1436608670142,0.7990648,9.97185,2.9939492
3710,1436608670161,1.0576386,9.927557,3.091513
3711,1436608670182,1.271321,10.026319,2.980781
3712,1436608670202,1.3880384,9.846753,2.9203274
3713,1436608670221,1.541866,9.601946,2.9562407
3714,1436608670242,1.7244238,9.522339,2.8341362
3715,1436608670262,1.7591397,9.334992,2.7419596
3716,1436608670281,1.6603789,9.24521,2.746748
3717,1436608670307,1.4867992,9.330204,2.7365725
3718,1436608670330,1.3317747,9.486425,2.7688942
3719,1436608670342,1.1935096,9.551667,2.878429
3720,1436608670361,0.9151836,9.668983,2.9813797
3721,1436608670382,0.7188591,9.861717,3.0777464
3722,1436608670404,0.55126494,9.988609,3.0759506
3723,1436608670422,0.48003745,10.110115,3.007716
3724,1436608670442,0.44532153,10.031107,3.0232782
3725,1436608670462,0.47105917,9.958682,3.0478187
3726,1436608670482,0.45729253,9.909601,3.019687
3727,1436608670508,0.45190558,9.8198185,2.9921536
3728,1436608670521,0.43993455,9.829395,3.0053217
3729,1436608670543,0.42197806,9.841965,3.0238767
3730,1436608670563,0.43035775,9.79827,3.0472202
3731,1436608670581,0.41958386,9.775525,2.9753942
3732,1436608670601,0.43634325,9.801263,2.9855695
3733,1436608670622,0.4902128,9.81084,2.9777884
3734,1436608670641,0.49799395,9.801263,2.9909565
3735,1436608670661,0.5081693,9.808446,2.996942
3736,1436608670681,0.5009867,9.8198185,2.992752
3737,1436608670701,0.46567222,9.767146,2.9532478
3738,1436608670721,0.44352585,9.760562,2.9281087
3739,1436608670741,0.46507367,9.774328,2.9496565
3740,1436608670761,0.4902128,9.806051,2.9765913
3741,1436608670781,0.48722005,9.782109,2.9777884
3742,1436608670801,0.5021838,9.782708,2.9975405
3743,1436608670821,0.49919105,9.788693,3.0017304
3744,1436608670842,0.46627077,9.782109,2.9777884
3745,1436608670862,0.44891283,9.771336,2.9616275
3746,1436608670882,0.4345476,9.754577,2.9562407
3747,1436608670902,0.41180268,9.763555,2.949058
3748,1436608670923,0.3693056,9.754577,2.9269116
3749,1436608670942,0.3489549,9.798869,2.8844144
3750,1436608670963,0.38067806,9.759365,2.9047651
3751,1436608670982,0.36870706,9.773131,2.9346926
3752,1436608671001,0.3489549,9.80665,2.9364884
3753,1436608671021,0.338181,9.858724,2.9203274
3754,1436608671041,0.3321955,9.88506,2.9029696
3755,1436608671061,0.32680854,9.901221,2.914342
3756,1436608671082,0.30585927,9.901221,2.8904
3757,1436608671102,0.25019407,9.859323,2.8832173
3758,1436608671122,0.24121583,9.829395,2.8616695
3759,1436608671142,0.23582886,9.798869,2.8951883
3760,1436608671162,0.24480712,9.764751,2.918532
3761,1436608671183,0.25438392,9.770139,2.9269116
3762,1436608671202,0.26515785,9.7958765,2.9203274
3763,1436608671222,0.29269117,9.779716,2.9107506
3764,1436608671242,0.30406362,9.722853,2.9287071
3765,1436608671262,0.35254622,9.691729,2.9167361
3766,1436608671282,0.38307226,9.65821,2.8880057
3767,1436608671302,0.34117374,9.68275,2.9059622
3768,1436608671322,0.36990416,9.727043,2.8616695
3769,1436608671342,0.42916065,9.69113,2.8562827
3770,1436608671362,0.4357447,9.742006,2.8688521
3771,1436608671382,0.338181,9.805453,2.871845
3772,1436608671402,0.24600422,9.901819,2.858677
3773,1436608671422,0.1376666,9.887454,2.866458
3774,1436608671442,0.036511578,9.874287,2.858677
3775,1436608671463,-0.047884032,9.940725,2.80361
3776,1436608671484,-0.022146367,9.935339,2.747945
3777,1436608671504,0.044292733,9.907805,2.753332
3778,1436608671522,0.1400608,9.894038,2.7515364
3779,1436608671542,0.29807812,9.822212,2.7760768
3780,1436608671562,0.47046062,9.797672,2.7670987
3781,1436608671583,0.6266823,9.868899,2.7868507
3782,1436608671603,0.7410054,9.887454,2.777274
3783,1436608671625,0.7769185,9.909002,2.794632
3784,1436608671643,0.7613561,9.9473095,2.758719
3785,1436608671683,0.6907272,9.960478,2.7449522
3786,1436608671684,0.59376204,9.951499,2.7072437
3787,1436608671772,0.5255273,9.92636,2.7323828
3788,1436608671773,0.43754035,9.970055,2.7377696
3789,1436608671774,0.31483752,9.9951935,2.7527335
3790,1436608671775,0.19512744,10.001179,2.7485435
3791,1436608671783,0.13227965,10.023924,2.742558
3792,1436608671805,0.05686229,10.002377,2.7497406
3793,1436608671823,0.018555064,9.931747,2.7724855
3794,1436608671843,0.046088383,9.949105,2.7335799
3795,1436608671863,0.108337626,9.886257,2.7485435
3796,1436608671883,0.18435353,9.835979,2.7605145
3797,1436608671903,0.26036942,9.878476,2.7623103
3798,1436608671923,0.3854665,9.882666,2.753332
3799,1436608671944,0.43155485,9.861717,2.7563248
3800,1436608671963,0.54767364,9.835979,2.7605145
3801,1436608671983,0.6434417,9.829395,2.7335799
3802,1436608672003,0.6440403,9.749189,2.722806
3803,1436608672024,0.61770403,9.746795,2.7569232
3804,1436608672049,0.56563014,9.713875,2.7760768
3805,1436608672063,0.52373165,9.716867,2.8030117
3806,1436608672086,0.50637364,9.878476,2.771887
3807,1436608672102,0.46866497,10.00477,2.7443538
3808,1436608672123,0.39444473,10.113108,2.6982653
3809,1436608672143,0.29867667,10.140641,2.6982653
3810,1436608672164,0.19931729,10.120291,2.6629508
3811,1436608672183,0.09935937,10.061034,2.634819
3812,1436608672203,0.008379706,10.002377,2.6222494
3813,1436608672223,-0.044891283,9.956287,2.6372132
3814,1436608672246,-0.04369418,9.967062,2.6671407
3815,1436608672265,0.05746084,9.902418,2.705448
3816,1436608672283,0.12330139,9.959879,2.710835
3817,1436608672303,0.16400282,10.003573,2.7473464
3818,1436608672323,0.17417817,9.992201,2.7617116
3819,1436608672343,0.16759412,9.936536,2.783858
3820,1436608672363,0.14305355,9.950302,2.8233624
3821,1436608672383,0.08439561,9.939528,2.7084408
3822,1436608672403,0.08499416,9.965266,2.6198552
3823,1436608672423,0.12808979,9.957485,2.6396074
3824,1436608672444,0.22026655,9.8754835,2.6779146
3825,1436608672465,0.30526072,9.997588,2.7581203
3826,1436608672483,0.3513491,9.989806,2.859874
3827,1436608672504,0.4165911,9.978435,2.902371
3828,1436608672523,0.46627077,9.988011,2.8987796
3829,1436608672545,0.45429978,9.946711,2.9257145
3830,1436608672563,0.45310268,9.936536,2.9340942
3831,1436608672583,0.45549688,9.859921,2.9203274
3832,1436608672603,0.4285621,9.801862,2.919729
3833,1436608672623,0.45070848,9.772532,2.8951883
3834,1436608672643,0.5201403,9.710882,2.8933928
3835,1436608672663,0.57281274,9.6845455,2.8904
3836,1436608672683,0.66738373,9.67856,2.8898015
3837,1436608672703,0.7254431,9.654019,2.9071593
3838,1436608672723,0.770933,9.631873,2.9430726
3839,1436608672744,0.7721301,9.651626,2.9334955
3840,1436608672763,0.79248077,9.692925,2.9107506
3841,1436608672783,0.80445176,9.610326,2.9520507
3842,1436608672803,0.8265981,9.606734,2.9532478
3843,1436608672823,0.80325466,9.67856,2.8975825
3844,1436608672843,0.7930793,9.903615,2.858677
3845,1436608672863,0.7781156,9.75697,2.9173348
3846,1436608672884,0.75596917,9.7084875,2.9137435
3847,1436608672904,0.6931214,9.657013,2.8341362
3848,1436608672924,0.7248446,9.378687,2.8078
3849,1436608672944,0.93134445,9.136273,2.8215668
3850,1436608672964,1.1408371,9.088988,2.8886044
3851,1436608672985,1.3198037,9.197925,2.9011738
3852,1436608673005,1.4856021,9.369708,2.9017725
3853,1436608673025,1.5957354,9.539098,2.8670566
3854,1436608673048,1.5849615,9.703101,2.867655
3855,1436608673064,1.5197195,9.790489,2.8473043
3856,1436608673086,1.4957775,9.845556,2.8078
3857,1436608673129,1.4478935,9.81503,2.7365725
3858,1436608673130,1.3934253,9.745,2.6791117
3859,1436608673146,1.3012487,9.660604,2.6168625
3860,1436608673164,1.2611457,9.629479,2.5941176
3861,1436608673186,1.2174516,9.642049,2.5737667
3862,1436608673204,1.1330559,9.76116,2.4827871
3863,1436608673225,1.1162965,9.877877,2.4355016
3864,1436608673245,1.1432313,9.989806,2.4468741
3865,1436608673265,1.1791444,10.0508585,2.492364
3866,1436608673285,1.2066777,10.1226845,2.5480292
3867,1436608673305,1.2282255,10.1544075,2.5288756
3868,1436608673326,1.2515689,10.165182,2.4756045
3869,1436608673346,1.2964603,10.098145,2.461838
3870,1436608673364,1.3515269,10.063428,2.44448
3871,1436608673386,1.3796587,10.081984,2.4672248
3872,1436608673405,1.3611037,10.126875,2.4331074
3873,1436608673425,1.3431472,10.12448,2.417545
3874,1436608673446,1.2880806,10.105926,2.4007857
3875,1436608673468,1.2126632,10.049063,2.35769
3876,1436608673488,1.1121067,9.993997,2.345719
3877,1436608673508,1.0169371,9.999982,2.3493104
3878,1436608673528,0.96785605,10.020332,2.3391352
3879,1436608673547,0.9247604,10.034698,2.3277626
3880,1436608673568,0.90740246,10.056246,2.3630772
3881,1436608673585,0.8798691,10.123882,2.3995886
3882,1436608673613,0.83138657,10.117298,2.4259248
3883,1436608673625,0.82001406,10.139444,2.4277205
3884,1436608673645,0.81881696,10.093954,2.4546554
3885,1436608673668,0.83976626,10.078392,2.4690206
3886,1436608673690,0.878672,10.018537,2.461838
3887,1436608673707,0.95349085,9.901819,2.4887726
3888,1436608673725,0.98341835,9.81922,2.5306711
3889,1436608673746,1.0181342,9.791088,2.5234885
3890,1436608673766,1.0977415,9.8042555,2.528277
3891,1436608673787,1.1851299,9.828796,2.5486276
3892,1436608673805,1.2114661,9.835979,2.5312698
3893,1436608673871,1.2389994,9.8437605,2.5396495
3894,1436608673872,1.2066777,9.877279,2.496554
3895,1436608673873,1.1426327,9.850345,2.4887726
3896,1436608673890,1.0360907,9.81503,2.4791958
3897,1436608673906,0.9780314,9.755774,2.5145104
3898,1436608673927,0.9768343,9.731233,2.5701754
3899,1436608673945,0.93014735,9.716867,2.569577
3900,1436608673965,0.89423436,9.767744,2.5851393
3901,1436608673985,0.88046765,9.898229,2.565387
3902,1436608674007,0.79367787,10.0029745,2.558803
3903,1436608674026,0.7266402,9.958083,2.5396495
3904,1436608674048,0.6769605,9.900622,2.5438392
3905,1436608674065,0.6572084,9.89763,2.5528176
3906,1436608674089,0.65541273,9.86471,2.5450363
3907,1436608674106,0.62488663,9.759963,2.5797524
3908,1436608674128,0.6027403,9.737817,2.6024973
3909,1436608674148,0.54288524,9.663596,2.6234465
3910,1436608674166,0.5243302,9.718064,2.60968
3911,1436608674189,0.557849,9.776723,2.677316
3912,1436608674208,0.5955577,9.81922,2.712032
3913,1436608674227,0.5793968,9.859323,2.7407625
3914,1436608674245,0.6063316,9.844358,2.767697
3915,1436608674268,0.5686229,9.863512,2.7808652
3916,1436608674286,0.52133745,9.888053,2.7156234
3917,1436608674308,0.46387658,9.829395,2.7234044
3918,1436608674327,0.39923313,9.816826,2.7341783
3919,1436608674346,0.33518824,9.847352,2.724003
3920,1436608674366,0.260968,9.844957,2.7269957
3921,1436608674388,0.20410569,9.876082,2.7192147
3922,1436608674408,0.14724341,9.9473095,2.706645
3923,1436608674428,0.10354923,9.913192,2.743755
3924,1436608674448,0.11851298,9.858724,2.7449522
3925,1436608674467,0.14903906,9.901819,2.7515364
3926,1436608674486,0.15981296,9.860519,2.7150247
3927,1436608674506,0.25139117,9.935937,2.7084408
3928,1436608674527,0.35553896,9.910199,2.7263973
3929,1436608674552,0.45789108,9.930551,2.7515364
3930,1436608674626,0.5243302,9.941324,2.7790697
3931,1436608674627,0.5662287,9.980229,2.8072014
3932,1436608674628,0.53809685,10.010756,2.7808652
3933,1436608674629,0.45669398,10.0341,2.765303
3934,1436608674651,0.34835634,9.993997,2.7515364
3935,1436608674679,0.23762453,9.9550905,2.7527335
3936,1436608674686,0.17118542,9.916783,2.7455509
3937,1436608674706,0.12270284,9.940127,2.7335799
3938,1436608674734,0.093972415,9.894038,2.7629087
3939,1436608674752,0.11851298,9.871294,2.753332
3940,1436608674767,0.15682021,9.878476,2.7407625
3941,1436608674786,0.18854338,9.863512,2.7491422
3942,1436608674809,0.26276365,9.855731,2.7724855
3943,1436608674828,0.3172317,9.874885,2.7353754
3944,1436608674848,0.3890578,9.859323,2.7455509
3945,1436608674869,0.46447513,9.8437605,2.7257986
3946,1436608674888,0.5153519,9.828198,2.742558
3947,1436608674908,0.53091425,9.837176,2.7491422
3948,1436608674928,0.54887074,9.881469,2.734777
3949,1436608674948,0.5746084,9.855133,2.754529
3950,1436608674968,0.5770026,9.847352,2.7569232
3951,1436608674989,0.5638345,9.817424,2.7551277
3952,1436608675007,0.52492875,9.812037,2.7222073
3953,1436608675031,0.5303157,9.834184,2.7132292
3954,1436608675047,0.56323594,9.81922,2.7090392
3955,1436608675073,0.59136784,9.822212,2.6970682
3956,1436608675087,0.62728083,9.825804,2.7012582
3957,1436608675109,0.6907272,9.85214,2.6952724
3958,1436608675129,0.7410054,9.870096,2.689287
3959,1436608675149,0.7799112,9.878476,2.7138276
3960,1436608675169,0.81761986,9.847352,2.7144263
3961,1436608675189,0.84455466,9.895834,2.7341783
3962,1436608675207,0.80924016,9.919776,2.707842
3963,1436608675227,0.777517,9.886257,2.7246015
3964,1436608675276,0.7182605,9.859323,2.7138276
3965,1436608675277,0.6266823,9.849746,2.6982653
3966,1436608675307,0.5758055,9.842564,2.7204118
3967,1436608675308,0.5231331,9.879673,2.7156234
3968,1436608675399,0.45250413,9.895236,2.6809072
3969,1436608675400,0.4429273,9.876082,2.670732
3970,1436608675401,0.4225766,9.871294,2.6611552
3971,1436608675402,0.41479546,9.887454,2.7084408
3972,1436608675413,0.37708676,9.931747,2.7192147
3973,1436608675426,0.3513491,9.912594,2.6833014
3974,1436608675446,0.39384618,9.873688,2.6982653
3975,1436608675466,0.46686932,9.861118,2.7168205
3976,1436608675490,0.5093664,9.852738,2.710835
3977,1436608675507,0.59974754,9.903017,2.7156234
3978,1436608675527,0.6751649,9.910199,2.7323828
3979,1436608675553,0.6757634,9.93893,2.724003
3980,1436608675567,0.6811504,9.936536,2.677316
3981,1436608675588,0.66618663,9.905411,2.6641479
3982,1436608675609,0.6428431,9.840768,2.6330233
3983,1436608675630,0.58897364,9.80665,2.6449943
3984,1436608675649,0.55006784,9.754577,2.6300306
3985,1436608675670,0.49799395,9.746795,2.6156654
3986,1436608675690,0.49200845,9.800665,2.64679
3987,1436608675710,0.5363012,9.825205,2.7036524
3988,1436608675730,0.51954174,9.872491,2.698864
3989,1436608675750,0.51355624,9.888053,2.710835
3990,1436608675770,0.50397944,9.867104,2.730587
3991,1436608675787,0.51954174,9.872491,2.7521348
3992,1436608675809,0.47884035,9.858126,2.742558
3993,1436608675829,0.44771573,9.846753,2.7138276
3994,1436608675849,0.41958386,9.861118,2.719813
3995,1436608675869,0.39743748,9.833585,2.7126305
3996,1436608675889,0.41180268,9.795278,2.7096379
3997,1436608675909,0.46327803,9.800665,2.718616
3998,1436608675929,0.50637364,9.816826,2.7018566
3999,1436608675949,0.5770026,9.838972,2.6677392
4000,1436608675969,0.59256494,9.884461,2.6647465
4001,1436608675992,0.6087258,9.882666,2.6563668
4002,1436608676008,0.6434417,9.895236,2.6312277
4003,1436608676032,0.6889315,9.898827,2.6521769
4004,1436608676149,0.664391,9.915586,2.693477
4005,1436608676150,0.6410475,9.919178,2.6755204
4006,1436608676151,0.6147113,9.909002,2.6856956
4007,1436608676152,0.60333884,9.941324,2.653374
4008,1436608676153,0.62129533,9.904813,2.6797101
4009,1436608676154,0.6428431,9.879075,2.6880898
4010,1436608676168,0.6584055,9.907207,2.712032
4011,1436608676187,0.7068881,9.887454,2.6713305
4012,1436608676207,0.7368156,9.88925,2.6850972
4013,1436608676227,0.75596917,9.8683,2.6874914
4014,1436608676250,0.7769185,9.867104,2.677316
4015,1436608676269,0.7811083,9.855133,2.6850972
4016,1436608676287,0.8062474,9.861717,2.6755204
4017,1436608676308,0.81283146,9.842564,2.6880898
4018,1436608676329,0.8343793,9.852738,2.6737247
4019,1436608676348,0.8391677,9.831789,2.6689363
4020,1436608676368,0.82480246,9.905411,2.6611552
4021,1436608676390,0.7763199,9.889849,2.6282349
4022,1436608676410,0.75836337,9.883863,2.6007016
4023,1436608676430,0.7493851,9.842564,2.6090813
4024,1436608676449,0.7691373,9.809643,2.6396074
4025,1436608676470,0.80205756,9.825804,2.6396074
4026,1436608676490,0.86131406,9.844358,2.6318262
4027,1436608676510,0.89184016,9.880272,2.6581624
4028,1436608676531,0.91338795,9.88506,2.6767175
4029,1436608676551,0.90620536,9.891046,2.6797101
4030,1436608676569,0.86610246,9.870695,2.6515784
4031,1436608676612,0.830788,9.836577,2.6402059
4032,1436608676613,0.81283146,9.840768,2.6372132
4033,1436608676629,0.7703344,9.824008,2.6677392
4034,1436608676649,0.7026982,9.82341,2.6569653
4035,1436608676670,0.66020113,9.861118,2.645593
4036,1436608676690,0.6440403,9.858126,2.6809072
4037,1436608676711,0.61112,9.873089,2.6868927
4038,1436608676731,0.5542577,9.89344,2.6701334
4039,1436608676750,0.5327099,9.8515415,2.6581624
4040,1436608676770,0.50637364,9.85633,2.645593
4041,1436608676790,0.52253455,9.86471,2.6557682
4042,1436608676809,0.5746084,9.834782,2.6515784
4043,1436608676829,0.6374562,9.891046,2.633622
4044,1436608676891,0.6793547,9.8994255,2.6641479
4045,1436608676892,0.7080852,9.944916,2.6521769
4046,1436608676893,0.7302315,9.943718,2.6509798
4047,1436608676914,0.7170634,9.93474,2.6635494
4048,1436608676929,0.6835446,9.900024,2.6701334
4049,1436608676948,0.63206923,9.865308,2.693477
4050,1436608676968,0.61171854,9.861118,2.6671407
4051,1436608676988,0.55126494,9.913791,2.6497827
4052,1436608677009,0.51355624,9.914988,2.7102363
4053,1436608677031,0.5386954,9.888652,2.7329812
4054,1436608677048,0.5315128,9.910199,2.7138276
4055,1436608677079,0.4973954,9.896433,2.6515784
4056,1436608677089,0.48123455,9.921572,2.5611973
4057,1436608677110,0.4818331,9.894038,2.5689783
4058,1436608677128,0.49440265,9.850345,2.6420016
4059,1436608677150,0.504578,9.83957,2.6509798
4060,1436608677169,0.5327099,9.862315,2.666542
4061,1436608677190,0.5919664,9.858126,2.6623523
4062,1436608677211,0.63087213,9.898229,2.693477
4063,1436608677230,0.58298814,9.8994255,2.7150247
4064,1436608677250,0.5201403,9.887454,2.6922798
4065,1436608677274,0.47465047,9.874287,2.6689363
4066,1436608677290,0.51235914,9.869498,2.6910827
4067,1436608677309,0.57879823,9.837176,2.7162218
4068,1436608677330,0.641646,9.822811,2.7299886
4069,1436608677350,0.66858083,9.837775,2.6844985
4070,1436608677369,0.6985083,9.8683,2.6833014
4071,1436608677389,0.6793547,9.88506,2.7168205
4072,1436608677411,0.65541273,9.885659,2.741361
4073,1436608677432,0.57879823,9.898229,2.7090392
4074,1436608677453,0.50876784,9.865308,2.6743233
4075,1436608677473,0.4938041,9.85214,2.6599581
4076,1436608677509,0.50158525,9.848549,2.6372132
4077,1436608677510,0.5303157,9.864111,2.6809072
4078,1436608677536,0.57400984,9.887454,2.6821043
4079,1436608677558,0.57760113,9.928755,2.7030537
4080,1436608677568,0.58897364,9.928156,2.6898856
4081,1436608677589,0.59855044,9.909601,2.6916811
4082,1436608677636,0.6159084,9.934141,2.6713305
4083,1436608677637,0.6380547,9.906608,2.7012582
4084,1436608677648,0.6242881,9.916184,2.6797101
4085,1436608677669,0.60573304,9.862914,2.6635494
4086,1436608677689,0.581791,9.822811,2.6713305
4087,1436608677709,0.55964464,9.812635,2.633622
4088,1436608677729,0.6183026,9.814431,2.6479871
4089,1436608677752,0.66020113,9.815628,2.682703
4090,1436608677769,0.7098808,9.879075,2.6821043
4091,1436608677789,0.736217,9.8916445,2.6809072
4092,1436608677809,0.7272388,9.906608,2.669535
4093,1436608677829,0.7158663,9.91798,2.6611552
4094,1436608677849,0.66738373,9.894637,2.6599581
4095,1436608677869,0.63087213,9.86471,2.6719291
4096,1436608677889,0.5781997,9.846154,2.7006595
4097,1436608677909,0.52612585,9.870695,2.6647465
4098,1436608677929,0.45609543,9.873688,2.6755204
4099,1436608677949,0.41299978,9.911995,2.6731262
4100,1436608677969,0.40222588,9.942521,2.6880898
4101,1436608677989,0.40940848,9.934141,2.705448
4102,1436608678009,0.45669398,9.904214,2.7216089
4103,1436608678030,0.504578,9.903017,2.735974
4104,1436608678049,0.5446809,9.888053,2.719813
4105,1436608678070,0.5805939,9.901221,2.6833014
4106,1436608678089,0.65780693,9.841366,2.7030537
4107,1436608678109,0.6955156,9.808446,2.7341783
4108,1436608678129,0.7266402,9.82341,2.712032
4109,1436608678149,0.712275,9.828198,2.6809072
4110,1436608678169,0.7380127,9.841965,2.6635494
4111,1436608678192,0.7637503,9.84795,2.7138276
4112,1436608678209,0.7966706,9.827001,2.7503393
4113,1436608678230,0.7942764,9.859323,2.730587
4114,1436608678250,0.76434886,9.857527,2.6940753
4115,1436608678270,0.7338228,9.837775,2.6952724
4116,1436608678302,0.7224504,9.86471,2.6916811
4117,1436608678308,0.6781576,9.840768,2.6839
4118,1436608678328,0.6386533,9.838972,2.718616
4119,1436608678348,0.59735334,9.829993,2.735974
4120,1436608678369,0.56682724,9.849147,2.705448
4121,1436608678389,0.56802434,9.896433,2.6964695
4122,1436608678412,0.5883751,9.896433,2.7168205
4123,1436608678430,0.63206923,9.877279,2.7515364
4124,1436608678450,0.6500258,9.861118,2.7569232
4125,1436608678473,0.6745663,9.854534,2.742558
4126,1436608678493,0.66379243,9.876082,2.7012582
4127,1436608678509,0.7134721,9.856929,2.7168205
4128,1436608678530,0.7266402,9.855133,2.7641058
4129,1436608678552,0.7116765,9.868899,2.7754784
4130,1436608678570,0.6841431,9.895236,2.765303
4131,1436608678590,0.62249243,9.876082,2.7281928
4132,1436608678613,0.61112,9.8916445,2.7246015
4133,1436608678633,0.55006784,9.877877,2.7521348
4134,1436608678650,0.49919105,9.87668,2.7252002
4135,1436608678671,0.4902128,9.86471,2.72939
4136,1436608678692,0.4782418,9.87668,2.7431567
4137,1436608678713,0.480636,9.884461,2.7269957
4138,1436608678732,0.4878186,9.905411,2.7335799
4139,1436608678750,0.47165772,9.896433,2.7335799
4140,1436608678771,0.50038815,9.906608,2.7431567
4141,1436608678793,0.5279215,9.916184,2.7730842
4142,1436608678813,0.51954174,9.89763,2.7635074
4143,1436608678833,0.50517654,9.898229,2.7473464
4144,1436608678853,0.49081135,9.885659,2.7760768
4145,1436608678872,0.47105917,9.876082,2.7569232
4146,1436608678893,0.41000703,9.844957,2.7670987
4147,1436608678914,0.38845924,9.822811,2.735974
4148,1436608678967,0.36990416,9.82341,2.734777
4149,1436608678980,0.39205053,9.840768,2.6982653
4150,1436608678981,0.44891283,9.8198185,2.7150247
4151,1436608678990,0.4985925,9.813833,2.7485435
4152,1436608679020,0.59615624,9.843162,2.7222073
4153,1436608679032,0.6278794,9.864111,2.7126305
4154,1436608679050,0.670975,9.8683,2.7252002
4155,1436608679070,0.6739678,9.862914,2.7114334
4156,1436608679090,0.670975,9.8683,2.7024553
4157,1436608679110,0.64463884,9.859921,2.731784
4158,1436608679131,0.6135142,9.848549,2.710835
4159,1436608679158,0.5883751,9.871892,2.7048495
4160,1436608679171,0.55725044,9.870096,2.710835
4161,1436608679193,0.533907,9.883265,2.698864
4162,1436608679213,0.51714754,9.8754835,2.722806
4163,1436608679231,0.47405192,9.872491,2.7581203
4164,1436608679253,0.43634325,9.859921,2.7407625
4165,1436608679271,0.41718966,9.85633,2.7060466
4166,1436608679291,0.4297592,9.85633,2.7102363
4167,1436608679313,0.45370123,9.856929,2.7269957
4168,1436608679331,0.47345337,9.86471,2.7192147
4169,1436608679353,0.4842273,9.861717,2.710835
4170,1436608679373,0.51475334,9.874885,2.7311857
4171,1436608679397,0.53091425,9.879075,2.7234044
4172,1436608679414,0.56443304,9.860519,2.7222073
4173,1436608679431,0.557849,9.8683,2.7287915
4174,1436608679453,0.5279215,9.882068,2.7036524
4175,1436608679473,0.49081135,9.877877,2.6940753
4176,1436608679493,0.46627077,9.870096,2.7114334
4177,1436608679513,0.46028528,9.855133,2.731784
4178,1436608679532,0.43634325,9.861717,2.7377696
4179,1436608679554,0.40701428,9.872491,2.741361
4180,1436608679571,0.3645172,9.8916445,2.7084408
4181,1436608679594,0.38845924,9.897031,2.7048495
4182,1436608679614,0.415394,9.923966,2.710835
4183,1436608679632,0.4165911,9.912594,2.7377696
4184,1436608679660,0.4417302,9.889849,2.767697
4185,1436608679714,0.4369418,9.86471,2.7329812
4186,1436608679715,0.42317516,9.841965,2.706645
4187,1436608679716,0.44232875,9.821015,2.6880898
4188,1436608679736,0.45669398,9.8198185,2.7042508
4189,1436608679751,0.45669398,9.844957,2.7275944
4190,1436608679771,0.45489833,9.861717,2.7252002
4191,1436608679791,0.4261679,9.900622,2.7287915
4192,1436608679811,0.39264908,9.935937,2.7401638
4193,1436608679833,0.34715924,9.909601,2.7551277
4194,1436608679852,0.32142156,9.890448,2.7395654
4195,1436608679872,0.30825347,9.871892,2.7431567
4196,1436608679891,0.33399114,9.832388,2.7383683
4197,1436608679913,0.3429694,9.847352,2.7281928
4198,1436608679931,0.37469256,9.855133,2.7246015
4199,1436608679954,0.415394,9.863512,2.7132292
4200,1436608679972,0.47524905,9.885659,2.7252002
4201,1436608679993,0.521936,9.885659,2.7449522
4202,1436608680018,0.54767364,9.8677025,2.7389667
4203,1436608680034,0.5847838,9.853935,2.7096379
4204,1436608680054,0.62847793,9.812037,2.7030537
4205,1436608680074,0.6362591,9.838972,2.6880898
4206,1436608680094,0.6218939,9.842564,2.7114334
4207,1436608680114,0.61171854,9.871892,2.705448
4208,1436608680132,0.6051345,9.895236,2.7018566
4209,1436608680154,0.54168814,9.884461,2.7126305
4210,1436608680175,0.4878186,9.867104,2.697667
4211,1436608680197,0.427365,9.853935,2.710835
4212,1436608680215,0.3854665,9.848549,2.6898856
4213,1436608680235,0.36032736,9.852738,2.6970682
4214,1436608680254,0.3393781,9.88506,2.6916811
4215,1436608680273,0.3441665,9.909601,2.717419
4216,1436608680292,0.362123,9.909601,2.722806
4217,1436608680315,0.39624038,9.918579,2.734777
4218,1436608680337,0.4177882,9.919178,2.7168205
4219,1436608680360,0.44113165,9.8994255,2.7263973
4220,1436608680372,0.46327803,9.876082,2.6940753
4221,1436608680392,0.48602295,9.866506,2.6928782
4222,1436608680434,0.48961425,9.871892,2.7084408
4223,1436608680449,0.45729253,9.838373,2.681506
4224,1436608680452,0.47465047,9.865907,2.6719291
4225,1436608680471,0.5081693,9.852738,2.6862943
4226,1436608680491,0.50637364,9.850345,2.719813
4227,1436608680512,0.5518635,9.840768,2.7257986
4228,1436608680532,0.52612585,9.892242,2.6982653
4229,1436608680551,0.52492875,9.904214,2.6940753
4230,1436608680576,0.50517654,9.906608,2.6910827
4231,1436608680592,0.47524905,9.87668,2.707842
4232,1436608680612,0.45190558,9.844358,2.7144263
4233,1436608680631,0.45429978,9.83957,2.710835
4234,1436608680652,0.4854244,9.84795,2.6952724
4235,1436608680675,0.5057751,9.870096,2.7222073
4236,1436608680696,0.5267244,9.842564,2.72939
4237,1436608680712,0.51714754,9.861118,2.7246015
4238,1436608680732,0.545878,9.831191,2.698864
4239,1436608680752,0.5482722,9.844358,2.6910827
4240,1436608680773,0.58119243,9.873089,2.6898856
4241,1436608680796,0.6344634,9.842564,2.7132292
4242,1436608680814,0.65301853,9.858724,2.7036524
4243,1436608680835,0.66858083,9.8683,2.7036524
4244,1436608680856,0.66618663,9.8683,2.7090392
4245,1436608680872,0.6027403,9.855731,2.693477
4246,1436608680895,0.5746084,9.862914,2.678513
4247,1436608680915,0.5602432,9.867104,2.6868927
4248,1436608680935,0.52253455,9.8677025,2.6880898
4249,1436608680955,0.5117606,9.862315,2.6731262
4250,1436608680974,0.4973954,9.856929,2.6569653
4251,1436608680995,0.49679685,9.868899,2.658761
4252,1436608681016,0.4973954,9.854534,2.6539726
4253,1436608681035,0.49679685,9.879673,2.6360161
4254,1436608681056,0.4890157,9.894637,2.658761
4255,1436608681078,0.49679685,9.89763,2.6569653
4256,1436608681097,0.48243165,9.897031,2.6515784
4257,1436608681133,0.4985925,9.920973,2.633622
4258,1436608681134,0.4973954,9.922769,2.6402059
4259,1436608681177,0.47884035,9.920973,2.6611552
4260,1436608681178,0.46986207,9.91798,2.6479871
4261,1436608681196,0.43993455,9.891046,2.6282349
4262,1436608681212,0.47764325,9.921572,2.6132712
4263,1436608681232,0.50637364,9.923966,2.6234465
4264,1436608681252,0.5363012,9.896433,2.6378117
4265,1436608681272,0.57041854,9.930551,2.6473885
4266,1436608681298,0.5955577,9.950901,2.6270378
4267,1436608681312,0.6039374,9.964069,2.6180596
4268,1436608681336,0.5967548,9.934141,2.6354175
4269,1436608681359,0.56982,9.931747,2.6431987
4270,1436608681373,0.5722142,9.898229,2.6402059
4271,1436608681393,0.59017074,9.920973,2.633622
4272,1436608681416,0.581791,9.968858,2.6408045
4273,1436608681436,0.57041854,9.943718,2.666542
4274,1436608681455,0.5835867,9.909601,2.6521769
4275,1436608681476,0.56982,9.919178,2.6737247
4276,1436608681496,0.54527944,9.892242,2.6839
4277,1436608681516,0.55844754,9.863512,2.6683378
4278,1436608681536,0.5919664,9.878476,2.6725276
4279,1436608681554,0.61890113,9.835381,2.698864
4280,1436608681576,0.6500258,9.83957,2.7180176
4281,1436608681595,0.641646,9.858724,2.7018566
4282,1436608681616,0.65900403,9.861717,2.705448
4283,1436608681633,0.64583594,9.828796,2.7311857
4284,1436608681653,0.6344634,9.828796,2.7102363
4285,1436608681672,0.6326678,9.810242,2.7252002
4286,1436608681696,0.6027403,9.8042555,2.7491422
4287,1436608681716,0.5758055,9.840169,2.694674
4288,1436608681736,0.55485624,9.801862,2.710835
4289,1436608681756,0.56084174,9.818023,2.6886885
4290,1436608681773,0.5734113,9.815628,2.7281928
4291,1436608681793,0.581791,9.829395,2.734777
4292,1436608681813,0.56802434,9.859323,2.7204118
4293,1436608681836,0.54887074,9.847352,2.7144263
4294,1436608681853,0.54288524,9.878476,2.7192147
4295,1436608681903,0.51834464,9.863512,2.7281928
4296,1436608681904,0.49440265,9.869498,2.7156234
4297,1436608681925,0.45250413,9.84795,2.6886885
4298,1436608681933,0.45549688,9.858126,2.698864
4299,1436608681957,0.48722005,9.873688,2.7030537
4300,1436608681974,0.4973954,9.876082,2.6982653
4301,1436608681993,0.5177461,9.870096,2.694674
4302,1436608682017,0.54527944,9.888053,2.698864
4303,1436608682034,0.5602432,9.932345,2.706645
4304,1436608682055,0.54647654,9.928755,2.6779146
4305,1436608682085,0.54168814,9.898229,2.6952724
4306,1436608682093,0.533907,9.884461,2.7012582
4307,1436608682113,0.53689975,9.8754835,2.6803088
4308,1436608682136,0.5291186,9.886856,2.6659436
4309,1436608682156,0.5662287,9.902418,2.6809072
4310,1436608682176,0.5722142,9.876082,2.6844985
4311,1436608682196,0.58897364,9.888053,2.6982653
4312,1436608682216,0.60214174,9.892242,2.682703
4313,1436608682236,0.61890113,9.895236,2.700061
4314,1436608682256,0.6278794,9.87668,2.6671407
4315,1436608682276,0.6715736,9.889849,2.6701334
4316,1436608682296,0.6757634,9.866506,2.690484
4317,1436608682315,0.6374562,9.873089,2.6725276
4318,1436608682333,0.61171854,9.866506,2.6635494
4319,1436608682356,0.59495914,9.869498,2.6581624
4320,1436608682374,0.58657944,9.889849,2.6479871
4321,1436608682393,0.55844754,9.87668,2.6605566
4322,1436608682413,0.56682724,9.871892,2.6671407
4323,1436608682436,0.5590461,9.877877,2.6623523
4324,1436608682456,0.54887074,9.894038,2.6719291
4325,1436608682476,0.5446809,9.862914,2.6623523
4326,1436608682497,0.56323594,9.848549,2.6473885
4327,1436608682515,0.56682724,9.8683,2.669535
4328,1436608682533,0.5650316,9.864111,2.693477
4329,1436608682555,0.55605334,9.865907,2.6683378
4330,1436608682577,0.5722142,9.8916445,2.6539726
4331,1436608682594,0.5931635,9.874885,2.6809072
4332,1436608682646,0.56443304,9.873688,2.677316
4333,1436608682647,0.5243302,9.8677025,2.6761189
4334,1436608682661,0.47644615,9.85633,2.6485856
4335,1436608682673,0.46567222,9.863512,2.6318262
4336,1436608682696,0.50038815,9.873688,2.6521769
4337,1436608682713,0.4902128,9.86471,2.670732
4338,1436608682735,0.533907,9.848549,2.6623523
4339,1436608682755,0.55126494,9.907207,2.6420016
4340,1436608682776,0.5315128,9.923966,2.6509798
4341,1436608682794,0.50278234,9.927557,2.6396074
4342,1436608682817,0.44891283,9.912594,2.641403
4343,1436608682837,0.42437226,9.90601,2.653374
4344,1436608682853,0.38965634,9.88506,2.658761
4345,1436608682877,0.32621,9.877279,2.658761
4346,1436608682897,0.2896984,9.900622,2.6551697
4347,1436608682917,0.25498247,9.894038,2.6563668
4348,1436608682937,0.2777274,9.920973,2.6527755
4349,1436608682957,0.29568392,9.921572,2.6647465
4350,1436608682977,0.29867667,9.907207,2.6755204
4351,1436608682997,0.30526072,9.902418,2.681506
4352,1436608683017,0.30825347,9.886856,2.6856956
4353,1436608683042,0.31244332,9.906608,2.6743233
4354,1436608683056,0.30346507,9.911995,2.645593
4355,1436608683082,0.3184288,9.900622,2.6426
4356,1436608683096,0.3184288,9.914988,2.6659436
4357,1436608683114,0.32022446,9.928755,2.6527755
4358,1436608683137,0.3309984,9.921572,2.658761
4359,1436608683154,0.3393781,9.8994255,2.6659436
4360,1436608683175,0.3669114,9.869498,2.6557682
4361,1436608683196,0.39803603,9.874885,2.6539726
4362,1436608683220,0.4285621,9.874885,2.654571
4363,1436608683240,0.45908818,9.884461,2.6366146
4364,1436608683261,0.516549,9.873089,2.654571
4365,1436608683276,0.57400984,9.877279,2.6330233
4366,1436608683296,0.60214174,9.900622,2.6581624
4367,1436608683367,0.61171854,9.9233675,2.6378117
4368,1436608683368,0.5931635,9.91439,2.6396074
4369,1436608683369,0.5734113,9.903017,2.6599581
4370,1436608683377,0.56563014,9.8916445,2.6683378
4371,1436608683404,0.5117606,9.892841,2.6527755
4372,1436608683416,0.4794389,9.8754835,2.6539726
4373,1436608683434,0.48243165,9.863512,2.629432
4374,1436608683456,0.4997896,9.888053,2.6396074
4375,1436608683476,0.53689975,9.892841,2.6821043
4376,1436608683496,0.57879823,9.8916445,2.6850972
4377,1436608683514,0.65062433,9.892841,2.6791117
4378,1436608683537,0.6799533,9.920375,2.681506
4379,1436608683556,0.7074866,9.910199,2.657564
4380,1436608683578,0.7392098,9.912594,2.6683378
4381,1436608683598,0.74639237,9.901221,2.6779146
4382,1436608683617,0.7577648,9.880871,2.6701334
4383,1436608683637,0.8050503,9.869498,2.6833014
4384,1436608683658,0.82719666,9.883863,2.6593595
4385,1436608683677,0.88944596,9.852738,2.698864
4386,1436608683698,0.92416185,9.838972,2.6874914
4387,1436608683718,0.90381116,9.857527,2.665345
4388,1436608683738,0.9032126,9.841366,2.6922798
4389,1436608683755,0.88405895,9.840768,2.6623523
4390,1436608683778,0.8888474,9.831789,2.6791117
4391,1436608683799,0.85413146,9.807249,2.7096379
4392,1436608683818,0.8319851,9.825804,2.706645
4393,1436608683838,0.7930793,9.814431,2.7006595
4394,1436608683858,0.7386112,9.822212,2.6922798
4395,1436608683876,0.6787562,9.796474,2.6916811
4396,1436608683898,0.61770403,9.7958765,2.719813
4397,1436608683918,0.52073884,9.820416,2.7018566
4398,1436608683939,0.45429978,9.841366,2.693477
4399,1436608683958,0.41299978,9.846154,2.7042508
4400,1436608683978,0.3842694,9.835381,2.6809072
4401,1436608683998,0.33997664,9.853337,2.7072437
4402,1436608684022,0.29209262,9.871294,2.7311857
4403,1436608684125,0.26156655,9.913791,2.7335799
4404,1436608684126,0.23044191,9.88925,2.7269957
4405,1436608684127,0.22924481,9.904813,2.735974
4406,1436608684128,0.21667525,9.8994255,2.7581203
4407,1436608684129,0.19931729,9.927557,2.7461493
4408,1436608684140,0.18435353,9.943718,2.7156234
4409,1436608684155,0.17417817,9.895834,2.7006595
4410,1436608684177,0.22325931,9.908403,2.7263973
4411,1436608684197,0.31423897,9.88506,2.7096379
4412,1436608684217,0.42437226,9.8677025,2.7114334
4413,1436608684235,0.4997896,9.879673,2.6862943
4414,1436608684258,0.5129577,9.84795,2.698864
4415,1436608684280,0.5201403,9.87668,2.694674
4416,1436608684296,0.4830302,9.895236,2.731784
4417,1436608684316,0.42317516,9.870695,2.7395654
4418,1436608684338,0.40641573,9.850345,2.7329812
4419,1436608684361,0.39085343,9.8683,2.712032
4420,1436608684378,0.3657143,9.882068,2.6868927
4421,1436608684398,0.39564183,9.859921,2.7341783
4422,1436608684418,0.4357447,9.859921,2.755726
4423,1436608684438,0.44891283,9.846753,2.735974
4424,1436608684458,0.46267948,9.841965,2.706645
4425,1436608684478,0.49799395,9.85214,2.7204118
4426,1436608684499,0.54527944,9.803658,2.7126305
4427,1436608684517,0.6075287,9.778519,2.7281928
4428,1436608684538,0.63206923,9.812635,2.7257986
4429,1436608684556,0.64942724,9.858724,2.7060466
4430,1436608684576,0.66858083,9.834782,2.6874914
4431,1436608684596,0.6548142,9.812037,2.7353754
4432,1436608684619,0.62009823,9.833585,2.7299886
4433,1436608684639,0.60094464,9.8042555,2.72939
4434,1436608684658,0.5931635,9.812635,2.7329812
4435,1436608684679,0.59615624,9.8198185,2.7443538
4436,1436608684696,0.5883751,9.801263,2.7329812
4437,1436608684717,0.58418524,9.816227,2.7353754
4438,1436608684737,0.587178,9.855731,2.765303
4439,1436608684759,0.60333884,9.870695,2.758719
4440,1436608684782,0.61770403,9.867104,2.7623103
4441,1436608684848,0.61052144,9.911995,2.7269957
4442,1436608684849,0.6147113,9.912594,2.7287915
4443,1436608684850,0.59615624,9.892242,2.7455509
4444,1436608684858,0.57640404,9.895236,2.7222073
4445,1436608684876,0.5141548,9.881469,2.7144263
4446,1436608684898,0.45908818,9.86471,2.6862943
4447,1436608684916,0.42796355,9.909002,2.666542
4448,1436608684938,0.39444473,9.928755,2.6647465
4449,1436608684956,0.38845924,9.90601,2.6916811
4450,1436608684977,0.3812766,9.911995,2.705448
4451,1436608684997,0.3477578,9.911995,2.7018566
4452,1436608685019,0.32321724,9.85633,2.7084408
4453,1436608685041,0.33877954,9.850943,2.7431567
4454,1436608685057,0.2873042,9.877279,2.7395654
4455,1436608685079,0.23942018,9.920973,2.7383683
4456,1436608685097,0.20290859,10.037092,2.6916811
4457,1436608685117,0.20590134,10.148422,2.6886885
4458,1436608685139,0.23463176,9.902418,2.8622682
4459,1436608685159,0.2717419,9.821015,2.9173348
4460,1436608685179,0.27832595,9.813833,2.9251158
4461,1436608685199,0.26156655,9.76954,2.8933928
4462,1436608685217,0.22625206,9.721656,2.878429
4463,1436608685239,0.12749124,9.741408,2.870648
4464,1436608685259,0.06404489,9.75697,2.8898015
4465,1436608685277,-0.010773907,9.7240505,2.895787
4466,1436608685297,-0.02633622,9.750985,2.8886044
4467,1436608685318,-0.0077811554,9.730036,2.9293058
4468,1436608685341,0.044292733,9.764751,2.983774
4469,1436608685360,0.094570965,9.807847,2.9735985
4470,1436608685381,0.11432313,9.807249,2.979584
4471,1436608685399,0.15562311,9.816826,2.9215245
4472,1436608685417,0.18076223,9.809045,2.9221232
4473,1436608685438,0.23582886,9.752182,2.8646624
4474,1436608685459,0.2621651,9.814431,2.8473043
4475,1436608685477,0.3609259,9.858724,2.8257565
4476,1436608685499,0.38486794,9.912594,2.8323407
4477,1436608685561,0.3716998,9.986216,2.8042088
4478,1436608685562,0.3477578,10.058042,2.7491422
4479,1436608685563,0.30885202,10.010158,2.7090392
4480,1436608685577,0.2908955,10.014946,2.6821043
4481,1436608685629,0.23044191,10.016742,2.6402059
4482,1436608685630,0.14065935,10.070611,2.566584
4483,1436608685638,0.06823475,9.996989,2.4929626
4484,1436608685659,0.06703765,9.892242,2.496554
4485,1436608685677,0.09696517,9.814431,2.5893292
4486,1436608685698,0.013766659,9.8754835,2.6084828
4487,1436608685720,-0.1328782,10.031107,2.5372553
4488,1436608685740,-0.2741361,10.1065235,2.5384524
4489,1436608685757,-0.38367084,10.096947,2.6120741
4490,1436608685781,-0.51475334,10.0664215,2.6689363
4491,1436608685797,-0.7032967,10.038888,2.6683378
4492,1436608685817,-0.81402856,9.973646,2.7192147
4493,1436608685836,-0.90620536,10.006566,2.6970682
4494,1436608685859,-1.0127473,10.051457,2.6473885
4495,1436608685880,-1.0636241,10.02153,2.6659436
4496,1436608685899,-1.1061212,9.990405,2.6719291
4497,1436608685917,-1.1001357,10.02153,2.6791117
4498,1436608685939,-1.0696096,9.964069,2.6593595
4499,1436608685960,-1.0959458,9.98442,2.657564
4500,1436608685979,-1.055843,10.0825815,2.6204538
4501,1436608685998,-1.0073603,9.993997,2.689287
4502,1436608686019,-0.96785605,9.976639,2.7485435
4503,1436608686038,-0.8870517,9.953295,2.731784
4504,1436608686057,-0.80445176,9.877877,2.7694929
4505,1436608686087,-0.7254431,9.8683,2.8119898
4506,1436608686097,-0.6895301,9.859921,2.8742392
4507,1436608686119,-0.6697779,9.814431,2.8814218
4508,1436608686140,-0.65421563,9.820416,2.9071593
4509,1436608686169,-0.688333,9.7162695,2.915539
4510,1436608686177,-0.78888947,9.598354,2.9508536
4511,1436608686249,-0.86729956,9.526528,2.9574378
4512,1436608686250,-0.97264445,9.46847,2.9496565
4513,1436608686251,-1.0761937,9.437943,2.9406781
4514,1436608686262,-1.1599907,9.452907,2.9215245
4515,1436608686280,-1.198298,9.485229,2.9131448
4516,1436608686297,-1.1893197,9.528324,2.9376855
4517,1436608686317,-1.2120646,9.561244,2.954445
4518,1436608686337,-1.2563573,9.706693,2.9221232
4519,1436608686388,-1.3263878,9.685144,2.943671
4520,1436608686389,-1.3820529,9.643845,2.9753942
4521,1436608686397,-1.459266,9.662399,2.954445
4522,1436608686417,-1.5125369,9.638457,2.973
4523,1436608686437,-1.5556326,9.661202,2.9747956
4524,1436608686457,-1.5610195,9.68694,2.9789855
4525,1436608686477,-1.5394717,9.712079,3.0250738
4526,1436608686498,-1.472434,9.753379,3.040636
4527,1436608686518,-1.3850456,9.806051,3.1094694
4528,1436608686538,-1.3132197,9.817424,3.1148565
4529,1436608686558,-1.2132617,9.801263,3.1022868
4530,1436608686578,-1.1145009,9.715072,3.0843303
4531,1436608686619,-1.0755951,9.696517,3.0735564
4532,1436608686620,-1.0324994,9.676167,3.0753522
4533,1436608686637,-0.95588505,9.675568,3.0603883
4534,1436608686658,-0.87687635,9.653421,3.0532057
4535,1436608686678,-0.7625532,9.700109,3.0933087
4536,1436608686698,-0.64942724,9.7084875,3.1495724
4537,1436608686718,-0.53570265,9.692925,3.1465795
4538,1436608686738,-0.47046062,9.736021,3.1711202
4539,1436608686761,-0.4333505,9.77373,3.1334114
4540,1436608686780,-0.4261679,9.730036,3.1052797
4541,1436608686801,-0.43035775,9.673772,3.1621418
4542,1436608686821,-0.46088383,9.664195,3.1794999
4543,1436608686841,-0.4890157,9.648633,3.1759086
4544,1436608686859,-0.4938041,9.657611,3.1639376
4545,1436608686879,-0.49919105,9.71986,3.1986535
4546,1436608686898,-0.50876784,9.693524,3.2315738
4547,1436608686918,-0.5177461,9.71986,3.2261868
4548,1436608686937,-0.49440265,9.7007065,3.2363622
4549,1436608686958,-0.5009867,9.674969,3.2010477
4550,1436608686976,-0.53929394,9.651027,3.1711202
4551,1436608686997,-0.55605334,9.6923275,3.1172507
4552,1436608687017,-0.59615624,9.674969,3.1358056
4553,1436608687037,-0.6751649,9.755774,3.1268275
4554,1436608687057,-0.7272388,9.824607,3.1483753
4555,1436608687078,-0.7164649,9.85633,3.140594
4556,1436608687098,-0.6607997,9.84795,3.2124202
4557,1436608687118,-0.54527944,9.850943,3.2190042
4558,1436608687140,-0.3196259,9.831191,3.233968
4559,1436608687158,0.044891283,9.934141,3.3255463
4560,1436608687182,0.45549688,10.010158,3.5404258
4561,1436608687202,0.6691794,9.863512,3.7008374
4562,1436608687222,0.55126494,9.742006,3.715801
4563,1436608687242,0.20590134,9.671378,3.5380316
4564,1436608687260,-0.3393781,9.491813,3.2692823
4565,1436608687278,-0.6087258,9.475053,3.0424318
4566,1436608687302,-0.9900024,9.405622,3.0184898
4567,1436608687322,-1.1857284,9.274539,3.0184898
4568,1436608687342,-1.2539631,9.327211,3.0430303
4569,1436608687360,-1.252766,9.459491,3.0400376
4570,1436608687379,-1.2210429,9.534908,3.0963013
4571,1436608687400,-1.0726024,9.674371,3.1399956
4572,1436608687420,-0.86370826,9.733627,3.1794999
4573,1436608687441,-0.66858083,9.7007065,3.2495303
4574,1436608687460,-0.54887074,9.650429,3.2848446
4575,1436608687481,-0.54647654,9.593566,3.2740707
4576,1436608687499,-0.5470751,9.510367,3.2860417
4577,1436608687518,-0.5518635,9.499594,3.2986114
4578,1436608687539,-0.4842273,9.524733,3.3500867
4579,1436608687560,-0.44711718,9.596559,3.3889925
4580,1436608687603,-0.48243165,9.632472,3.3794158
4581,1436608687604,-0.5021838,9.59177,3.3261447
4582,1436608687625,-0.53929394,9.510367,3.240552
4583,1436608687639,-0.5686229,9.537302,3.181894
4584,1436608687659,-0.62249243,9.552865,3.1310172
4585,1436608687678,-0.7248446,9.560047,3.132813
4586,1436608687698,-0.79367787,9.61691,3.2022448
4587,1436608687720,-0.9175778,9.674371,3.2423477
4588,1436608687740,-1.0684125,9.779117,3.2291796
4589,1436608687759,-1.1887212,9.783905,3.2662897
4590,1436608687779,-1.2635399,9.7641535,3.2992098
4591,1436608687802,-1.3072342,9.811439,3.241749
4592,1436608687822,-1.3042414,9.76954,3.1639376
4593,1436608687842,-1.299453,9.729437,3.1453824
4594,1436608687862,-1.2599486,9.794679,3.0771477
4595,1436608687880,-1.163582,9.69951,3.0322564
4596,1436608687902,-1.0761937,9.575011,3.0903158
4597,1436608687922,-1.0336965,9.490017,3.1411927
4598,1436608687942,-0.9923966,9.46847,3.210026
4599,1436608687962,-0.9475053,9.590573,3.232771
4600,1436608687980,-0.84096336,9.7479925,3.2758665
4601,1436608688001,-0.74878657,9.783307,3.3171666
4602,1436608688018,-0.5590461,9.840768,3.465607
4603,1436608688040,-0.4297592,9.949105,3.425504
4604,1436608688062,-0.42556936,9.982025,3.3063924
4605,1436608688086,-0.5243302,9.961076,3.2028434
4606,1436608688102,-0.641646,9.770139,3.13401
4607,1436608688119,-0.7870938,9.671378,3.093907
4608,1436608688141,-0.8762778,9.595961,3.0466216
4609,1436608688162,-0.97623575,9.537302,3.0238767
4610,1436608688182,-1.1216835,9.522339,3.0011318
4611,1436608688202,-1.2557588,9.594764,3.015497
4612,1436608688221,-1.353921,9.629479,3.0244753
4613,1436608688241,-1.3754689,9.627684,3.083732
4614,1436608688262,-1.2964603,9.650429,3.1561563
4615,1436608688284,-1.2150574,9.649231,3.1830912
4616,1436608688336,-1.1336545,9.755774,3.157952
4617,1436608688337,-1.0384849,9.79827,3.1741128
4618,1436608688351,-0.93373865,9.841366,3.210026
4619,1436608688359,-0.88286185,9.83957,3.2357635
4620,1436608688389,-0.87687635,9.8437605,3.2196028
4621,1436608688401,-0.8846575,9.770737,3.1747115
4622,1436608688419,-0.8379706,9.667787,3.1471782
4623,1436608688440,-0.79726917,9.576807,3.1070752
4624,1436608688460,-0.7793127,9.599552,3.1052797
4625,1436608688481,-0.7835025,9.582193,3.09271
4626,1436608688500,-0.78769237,9.6049385,3.1124623
4627,1436608688520,-0.8170213,9.610326,3.1304188
4628,1436608688541,-0.83018947,9.636064,3.1429882
4629,1436608688559,-0.84216046,9.683948,3.1483753
4630,1436608688581,-0.84335756,9.673173,3.1627405
4631,1436608688602,-0.8643068,9.643845,3.1376014
4632,1436608688623,-0.9091981,9.716867,3.1585505
4633,1436608688643,-0.96546185,9.703699,3.153762
4634,1436608688663,-1.0055647,9.6528225,3.1465795
4635,1436608688680,-1.0468647,9.625888,3.145981
4636,1436608688700,-1.067814,9.610326,3.1705215
4637,1436608688722,-1.1091139,9.601946,3.1256304
4638,1436608688746,-1.1444284,9.648633,3.1429882
4639,1436608688763,-1.1659763,9.682152,3.156755
4640,1436608688780,-1.2066777,9.791686,3.1022868
4641,1436608688800,-1.2940661,9.809643,3.108871
4642,1436608688823,-1.3090298,9.689933,3.1232362
4643,1436608688840,-1.2575544,9.687539,3.1812954
4644,1436608688861,-1.210269,9.701305,3.1747115
4645,1436608688881,-1.2246342,9.716867,3.1549592
4646,1436608688900,-1.2659341,9.749189,3.122039
4647,1436608688923,-1.3126211,9.739613,3.1316159
4648,1436608688943,-1.3192052,9.736021,3.1316159
4649,1436608688960,-1.3365631,9.703101,3.1142578
4650,1436608688980,-1.3611037,9.7084875,3.1741128
4651,1436608689001,-1.3844471,9.791088,3.2333694
4652,1436608689020,-1.5221137,9.979631,3.3237505
4653,1436608689112,-1.5304934,10.139444,3.3363202
4654,1436608689113,-1.3455414,10.10413,3.3279405
4655,1436608689114,-1.0666169,10.078392,3.6170402
4656,1436608689115,-0.87927055,10.259753,3.6361938
4657,1436608689134,-0.81642276,10.981605,3.3327289
4658,1436608689144,-0.25677812,10.353127,3.6768951
4659,1436608689163,0.30645782,9.622296,3.9863458
4660,1436608689180,0.46267948,9.263765,3.9971197
4661,1436608689206,0.11252748,8.928576,3.7014358
4662,1436608689220,-0.45549688,8.735844,3.210026
4663,1436608689245,-0.92535895,8.838196,2.9897594
4664,1436608689263,-1.3078327,9.051878,3.068768
4665,1436608689280,-1.5197195,9.455899,2.9999347
4666,1436608689303,-1.1420342,9.251794,3.233968
4667,1436608689323,-0.6967127,9.172187,3.3973722
4668,1436608689341,-0.44891283,9.024344,3.5344403
4669,1436608689362,-0.39444473,9.009381,3.4314895
4670,1436608689380,-0.25737667,9.053075,3.430891
4671,1436608689401,-0.15083471,8.981848,3.4859576
4672,1436608689423,0.0035913025,8.944737,3.6583402
4673,1436608689441,0.04249708,9.287108,3.787627
4674,1436608689463,-0.029927522,9.576807,3.9594111
4675,1436608689481,-0.0712275,9.877877,4.004901
4676,1436608689502,-0.20949265,9.892841,3.9498343
4677,1436608689523,-0.2789245,9.81922,3.8241386
4678,1436608689540,-0.20530279,9.554661,3.7984009
4679,1436608689561,-0.09816227,9.471462,3.7840357
4680,1436608689580,-0.1352724,9.484032,3.719991
4681,1436608689601,-0.34596214,9.606135,3.7301662
4682,1436608689627,-0.7942764,9.74859,3.7187939
4683,1436608689641,-1.1779473,9.770139,3.7535098
4684,1436608689663,-1.258153,9.694122,3.7588966
4685,1436608689681,-1.050456,9.744401,3.6379895
4686,1436608689701,-0.6931214,9.787497,3.5984852
4687,1436608689721,-0.31663316,9.696517,3.6996403
4688,1436608689741,-0.22266077,9.657611,3.6302083
4689,1436608689768,-0.28191724,9.648034,3.5733461
4690,1436608689830,-0.37110126,9.563639,3.5966895
4691,1436608689831,-0.50876784,9.61272,3.6296098
4692,1436608689832,-0.6721721,9.69951,3.6607344
4693,1436608689840,-0.866701,9.825804,3.643975
4694,1436608689867,-1.1109096,9.860519,3.4865563
4695,1436608689902,-1.1857284,9.698911,3.3010056
4696,1436608689903,-0.842759,9.509769,3.241749
4697,1436608689927,-0.36870706,9.436746,3.2908301
4698,1436608689943,-0.024540568,9.551667,3.394978
4699,1436608689964,0.17657238,9.706094,3.508104
4700,1436608689982,0.2160767,9.667787,3.6002808
4701,1436608690004,0.17537527,9.733028,3.5500026
4702,1436608690021,0.1436521,9.590573,3.3752258
4703,1436608690041,0.3609259,9.23264,3.3279405
4704,1436608690063,0.7218518,8.929773,3.4033577
4705,1436608690081,0.9995792,9.126697,3.3854012
4706,1436608690103,1.0726024,9.314043,3.3752258
4707,1436608690123,1.2395979,9.733627,3.4584243
4708,1436608690143,1.5245079,9.988011,3.9145198
4709,1436608690164,1.7130513,10.125677,4.5178585
4710,1436608690183,1.6543933,10.1699705,4.7776294
4711,1436608690207,1.3790601,9.8754835,4.7285485
4712,1436608690223,1.134253,9.598953,4.370615
4713,1436608690243,0.9056068,9.374496,4.1156325
4714,1436608690267,0.6314707,9.279925,3.8726213
4715,1436608690283,0.29987377,9.336788,3.6260185
4716,1436608690304,-0.30885202,9.272144,3.5021186
4717,1436608690321,-0.85532856,9.14585,3.5607765
4718,1436608690341,-1.1456255,9.157223,3.6613328
4719,1436608690361,-1.2497733,9.26556,3.7774518
4720,1436608690382,-1.3036429,9.291298,3.933075
4721,1436608690403,-1.1366472,9.3421755,3.9324763
4722,1436608690422,-0.85054016,9.275736,3.7984009
4723,1436608690443,-0.49440265,9.148245,3.5889084
4724,1436608690471,-0.062249243,9.076419,3.4278982
4725,1436608690482,0.41718966,9.048286,3.417723
4726,1436608690529,0.7284359,9.068638,3.4793737
4727,1436608690530,0.8996213,9.108741,3.6128504
4728,1436608690550,0.94331545,9.43076,3.6349967
4729,1436608690561,0.9720459,9.542689,3.6553473
4730,1436608690581,0.9780314,9.337985,3.7780502
4731,1436608690602,0.9552865,9.252393,3.715801
4732,1436608690623,0.79607207,9.144054,3.5224693
4733,1436608690645,0.6841431,9.130887,3.293823
4734,1436608690662,0.6015432,9.485229,3.067571
4735,1436608690682,0.39624038,9.894038,2.9592333
4736,1436608690701,0.10594343,10.090961,2.9466639
4737,1436608690725,0.06584055,10.022128,3.0148985
4738,1436608690745,0.27712885,9.931149,3.1214404
4739,1436608690761,0.66379243,9.918579,3.17531
4740,1436608690781,1.1001357,9.930551,3.2860417
4741,1436608690801,1.4999673,9.9712515,3.2854433
4742,1436608690825,1.6250644,9.925761,3.3249476
4743,1436608690845,1.8237832,9.812635,3.3315318
4744,1436608690864,1.8950106,9.835381,3.2489316
4745,1436608690884,1.8219875,10.003573,3.095703
4746,1436608690905,1.697489,10.26933,2.9442697
4747,1436608690925,1.3940239,10.307637,2.8987796
4748,1436608690942,0.95229375,10.1939125,2.984971
4749,1436608690965,0.6362591,10.184336,2.9287071
4750,1436608690986,0.48243165,10.020332,2.8191724
4751,1436608691005,0.46866497,9.809045,2.7401638
4752,1436608691026,0.57400984,9.818023,2.6821043
4753,1436608691045,0.7505822,9.710882,2.6922798
4754,1436608691064,0.8900445,9.569624,2.7581203
4755,1436608691082,0.93373865,9.555259,2.7730842
4756,1436608691103,0.9403227,9.683948,2.7976246
4757,1436608691129,1.009156,9.759365,2.8072014
4758,1436608691146,1.0833763,9.858126,2.8898015
4759,1436608691166,1.2018893,10.157999,2.9574378
4760,1436608691185,1.2731167,10.306439,3.0214825
4761,1436608691204,1.2850877,10.224439,3.019687
4762,1436608691275,1.2030864,10.177752,2.9574378
4763,1436608691276,1.1061212,10.1861315,2.854487
4764,1436608691277,1.0360907,10.022128,2.7862523
4765,1436608691284,1.0055647,9.950901,2.7527335
4766,1436608691310,0.9487024,10.014946,2.7682958
4767,1436608691323,0.9091981,10.075399,2.7605145
4768,1436608691342,0.93972415,10.040085,2.7204118
4769,1436608691363,0.95468795,9.98442,2.698864
4770,1436608691382,1.0163386,9.918579,2.6689363
4771,1436608691403,1.0708067,9.862315,2.6755204
4772,1436608691422,1.299453,9.776723,2.7509377
4773,1436608691444,1.5945383,9.721656,2.8311436
4774,1436608691462,1.8136078,9.768942,2.938284
4775,1436608691485,1.9907787,9.733028,3.0550013
4776,1436608691506,2.0817583,9.734824,3.0759506
4777,1436608691525,2.0536265,9.773131,3.0597897
4778,1436608691545,1.977012,9.755175,3.0490158
4779,1436608691566,1.690905,9.665991,3.0322564
4780,1436608691585,1.3054385,9.609129,2.983774
4781,1436608691605,0.91458505,9.594764,2.956839
4782,1436608691625,0.62847793,9.595362,2.9287071
4783,1436608691647,0.45070848,9.580399,2.9747956
4784,1436608691664,0.38367084,9.598354,3.0232782
4785,1436608691686,0.36631286,9.613318,3.0891187
4786,1436608691706,0.39863458,9.588778,3.1358056
4787,1436608691726,0.46806642,9.554062,3.168726
4788,1436608691746,0.46148238,9.564238,3.1789012
4789,1436608691766,0.3866636,9.55047,3.1812954
4790,1436608691788,0.3369839,9.553463,3.1992521
4791,1436608691805,0.2741361,9.61691,3.2261868
4792,1436608691825,0.21308395,9.704298,3.2824504
4793,1436608691846,0.14664486,9.767744,3.34051
4794,1436608691867,0.023942016,9.887454,3.347094
4795,1436608691887,-0.060453594,9.820416,3.3824084
4796,1436608691905,-0.15083471,9.757569,3.4219127
4797,1436608691926,-0.27353755,9.67856,3.4488475
4798,1436608691998,-0.4345476,9.723452,3.369839
4799,1436608691999,-0.5255273,9.68694,3.3123782
4800,1436608692000,-0.5638345,9.651027,3.300407
4801,1436608692018,-0.54767364,9.589376,3.309984
4802,1436608692025,-0.56922144,9.592968,3.3303347
4803,1436608692043,-0.6326678,9.581595,3.3153708
4804,1436608692063,-0.7038953,9.611523,3.277662
4805,1436608692096,-0.7272388,9.6288805,3.2375593
4806,1436608692103,-0.74639237,9.646238,3.2788591
4807,1436608692137,-0.81283146,9.651626,3.306991
4808,1436608692152,-0.8026561,9.661202,3.2788591
4809,1436608692176,-0.7338228,9.667787,3.2812533
4810,1436608692183,-0.64703304,9.673173,3.3123782
4811,1436608692203,-0.5590461,9.625888,3.3452983
4812,1436608692223,-0.5081693,9.636064,3.3267434
4813,1436608692246,-0.46567222,9.634866,3.3028011
4814,1436608692266,-0.3842694,9.655217,3.2770636
4815,1436608692286,-0.2861071,9.6767645,3.3022027
4816,1436608692306,-0.16220717,9.721058,3.2800562
4817,1436608692327,-0.109534726,9.704897,3.2758665
4818,1436608692346,-0.08379706,9.700109,3.2202013
4819,1436608692365,-0.060453594,9.659407,3.2022448
4820,1436608692386,-0.013766659,9.60015,3.1435869
4821,1436608692408,-0.014963761,9.5798,3.1387985
4822,1436608692428,-0.029927522,9.576208,3.1130607
4823,1436608692444,-0.0023942017,9.633669,3.1028855
4824,1436608692466,0.044891283,9.658808,3.141791
4825,1436608692488,0.11312603,9.7084875,3.1489737
4826,1436608692508,0.1328782,9.734225,3.193865
4827,1436608692528,0.1604115,9.721058,3.1890767
4828,1436608692546,0.1933318,9.714474,3.1896753
4829,1436608692566,0.2088941,9.742006,3.1986535
4830,1436608692585,0.23163901,9.707291,3.1675289
4831,1436608692605,0.24720132,9.726444,3.1453824
4832,1436608692628,0.22385786,9.73662,3.0897174
4833,1436608692648,0.19812019,9.721656,3.0603883
4834,1436608692669,0.18555063,9.744401,3.0550013
4835,1436608692686,0.25019407,9.739613,3.086126
4836,1436608692712,0.32621,9.723452,3.1256304
4837,1436608692783,0.36032736,9.723452,3.1597476
4838,1436608692784,0.3728969,9.735423,3.181894
4839,1436608692785,0.36870706,9.739613,3.1890767
4840,1436608692786,0.32202014,9.803059,3.1573534
4841,1436608692805,0.33877954,9.78989,3.140594
4842,1436608692827,0.36032736,9.75697,3.13401
4843,1436608692843,0.3298013,9.763555,3.1256304
4844,1436608692868,0.30885202,9.753978,3.1202433
4845,1436608692883,0.28670564,9.7719345,3.1142578
4846,1436608692904,0.26156655,9.788693,3.1148565
4847,1436608692931,0.22505496,9.787497,3.1256304
4848,1436608692944,0.18614918,9.803658,3.132813
4849,1436608692969,0.1412579,9.822212,3.1082723
4850,1436608692987,0.08200141,9.810242,3.0986955
4851,1436608693007,0.011372458,9.821614,3.1040826
4852,1436608693030,-0.08200141,9.83957,3.1118636
4853,1436608693047,-0.15442601,9.902418,3.0951042
4854,1436608693066,-0.2172738,9.89344,3.1190462
4855,1436608693088,-0.2705448,9.897031,3.1489737
4856,1436608693106,-0.3764882,9.880871,3.1441853
4857,1436608693126,-0.4369418,9.8916445,3.1411927
4858,1436608693147,-0.50757074,9.838972,3.1346085
4859,1436608693165,-0.56802434,9.829993,3.1441853
4860,1436608693187,-0.6476316,9.824008,3.1346085
4861,1436608693205,-0.70509243,9.745598,3.1040826
4862,1436608693225,-0.7152678,9.740809,3.0897174
4863,1436608693245,-0.75477207,9.759963,3.0879216
4864,1436608693267,-0.7428011,9.793482,3.084929
4865,1436608693287,-0.7733272,9.809045,3.1250317
4866,1436608693307,-0.7529764,9.780912,3.120842
4867,1436608693327,-0.7260417,9.78989,3.1022868
4868,1436608693345,-0.7188591,9.7402115,3.0873232
4869,1436608693366,-0.6913257,9.746197,3.0424318
4870,1436608693384,-0.6751649,9.7863,3.0418332
4871,1436608693406,-0.63206923,9.792884,3.032855
4872,1436608693471,-0.57760113,9.805453,3.0705638
4873,1436608693472,-0.53450555,9.828796,3.0831332
4874,1436608693473,-0.4818331,9.807847,3.0843303
4875,1436608693493,-0.45310268,9.795278,3.1070752
4876,1436608693504,-0.44113165,9.77792,3.1028855
4877,1436608693527,-0.45549688,9.768942,3.0771477
4878,1436608693545,-0.47884035,9.752182,3.063381
4879,1436608693566,-0.5189432,9.746197,3.0561984
4880,1436608693599,-0.5710171,9.709086,3.0478187
4881,1436608693615,-0.5847838,9.680356,3.044826
4882,1436608693671,-0.58657944,9.69532,3.0280666
4883,1436608693672,-0.5710171,9.710283,3.0370448
4884,1436608693673,-0.57161564,9.712678,3.0496144
4885,1436608693684,-0.55246204,9.69951,3.0651767
4886,1436608693708,-0.52073884,9.741408,3.0424318
4887,1436608693725,-0.4866215,9.714474,3.0621839
4888,1436608693745,-0.47165772,9.722853,3.0693667
4889,1436608693765,-0.41359833,9.753379,3.0609868
4890,1436608693784,-0.3633201,9.73662,3.067571
4891,1436608693805,-0.27952304,9.741408,3.0466216
4892,1436608693825,-0.1933318,9.758766,3.056797
4893,1436608693846,-0.10654198,9.750386,3.095703
4894,1436608693865,-0.0011971008,9.779716,3.0765493
4895,1436608693893,0.075417355,9.767146,3.068768
4896,1436608693903,0.130484,9.782708,3.068768
4897,1436608693924,0.17357962,9.811439,3.0388405
4898,1436608693943,0.20709845,9.803658,3.028665
4899,1436608693964,0.21787235,9.753379,3.0346506
4900,1436608693984,0.22505496,9.721656,3.0370448
4901,1436608694004,0.21308395,9.709086,3.052607
4902,1436608694026,0.18435353,9.716867,3.0490158
4903,1436608694049,0.14784196,9.73662,3.0681696
4904,1436608694067,0.14185645,9.749788,3.0789435
4905,1436608694089,0.12389994,9.788095,3.1136594
4906,1436608694104,0.088585466,9.79827,3.110068
4907,1436608694124,0.11372458,9.81084,3.1561563
4908,1436608694144,0.1340753,9.779716,3.1334114
4909,1436608694169,0.17357962,9.77792,3.1160536
4910,1436608694195,0.1945289,9.767744,3.0998926
4911,1436608694204,0.21308395,9.730635,3.0801406
4912,1436608694225,0.20530279,9.750985,3.0627825
4913,1436608694248,0.22565351,9.725247,3.0544028
4914,1436608694264,0.23523031,9.741408,3.0484173
4915,1436608694284,0.24720132,9.733627,3.0454245
4916,1436608694304,0.2801216,9.753978,3.0723593
4917,1436608694325,0.27952304,9.770737,3.0532057
4918,1436608694349,0.28311434,9.773131,3.0591912
4919,1436608694364,0.2633622,9.792884,3.1040826
4920,1436608694389,0.23582886,9.792285,3.1010897
4921,1436608694405,0.19752164,9.791686,3.0597897
4922,1436608694429,0.142455,9.788095,3.0561984
4923,1436608694445,0.08798691,9.755774,3.0430303
4924,1436608694467,0.077213004,9.747394,3.0615854
4925,1436608694488,0.06703765,9.760562,3.0382419
4926,1436608694506,0.07182605,9.746795,3.043629
4927,1436608694527,0.05626374,9.758766,3.0831332
4928,1436608694544,0.033518825,9.797073,3.0388405
4929,1436608694568,0.0011971008,9.792884,3.064578
4930,1436608694588,-0.04070143,9.8042555,3.0651767
4931,1436608694607,-0.092176765,9.812635,3.0502129
4932,1436608694627,-0.14844051,9.812037,3.064578
4933,1436608694648,-0.19632454,9.791686,3.0544028
4934,1436608694668,-0.25139117,9.809045,3.0544028
4935,1436608694687,-0.27712885,9.807847,3.0639796
4936,1436608694708,-0.28670564,9.849746,3.0496144
4937,1436608694727,-0.28670564,9.828198,3.0669725
4938,1436608694747,-0.30107087,9.850943,3.072958
4939,1436608694767,-0.31304187,9.874885,3.05141
4940,1436608694786,-0.32800564,9.879075,3.052607
4941,1436608694806,-0.3309984,9.880272,3.0310593
4942,1436608694843,-0.3489549,9.840169,3.028665
4943,1436608694851,-0.35194764,9.809643,3.0065188
4944,1436608694866,-0.3321955,9.835381,2.9831753
4945,1436608694886,-0.34835634,9.847352,3.004723
4946,1436608694910,-0.3549404,9.818622,3.0101101
4947,1436608694927,-0.35434186,9.768942,2.9933507
4948,1436608694947,-0.30406362,9.76954,3.0107086
4949,1436608694966,-0.25019407,9.76954,3.032855
4950,1436608694987,-0.1921347,9.7863,3.067571
4951,1436608695007,-0.18076223,9.785701,3.0897174
4952,1436608695031,-0.16519992,9.781511,3.0753522
4953,1436608695048,-0.1400608,9.742605,3.0909145
4954,1436608695066,-0.11851298,9.731832,3.1124623
4955,1436608695088,-0.12569559,9.763555,3.104681
4956,1436608695106,-0.09696517,9.763555,3.104681
4957,1436608695127,-0.09696517,9.76535,3.1070752
4958,1436608695147,-0.088585466,9.761759,3.108871
4959,1436608695168,-0.077213004,9.7162695,3.117849
4960,1436608695188,-0.06344634,9.668385,3.1136594
4961,1436608695207,-0.05925649,9.662998,3.0825348
4962,1436608695228,-0.07182605,9.673772,3.067571
4963,1436608695249,-0.08140286,9.706693,3.0484173
4964,1436608695268,-0.0796072,9.710283,3.0561984
4965,1436608695288,-0.11133038,9.709086,3.0777464
4966,1436608695308,-0.12629414,9.713875,3.0681696
4967,1436608695328,-0.15382746,9.716867,3.0663738
4968,1436608695348,-0.15682021,9.750386,3.0663738
4969,1436608695369,-0.13587095,9.783307,3.0346506
4970,1436608695388,-0.14844051,9.8198185,3.043629
4971,1436608695408,-0.16639702,9.837775,3.0292637
4972,1436608695428,-0.19393034,9.813234,3.0466216
4973,1436608695446,-0.19273324,9.771336,3.0370448
4974,1436608695547,-0.20350714,9.74859,3.0454245
4975,1436608695548,-0.18076223,9.709086,3.039439
4976,1436608695549,-0.1921347,9.743204,3.0681696
4977,1436608695550,-0.17657238,9.776723,3.0579941
4978,1436608695551,-0.18076223,9.779117,3.0986955
4979,1436608695567,-0.14724341,9.816227,3.1495724
4980,1436608695587,-0.16819267,9.822811,3.1651347
4981,1436608695606,-0.16938977,9.797672,3.145981
4982,1436608695626,-0.15981296,9.782708,3.103484
4983,1436608695649,-0.15801731,9.762358,3.080739
4984,1436608695668,-0.13467385,9.744401,3.0843303
4985,1436608695687,-0.11791443,9.773131,3.093907
4986,1436608695707,-0.095768064,9.770737,3.0747535
4987,1436608695729,-0.10654198,9.77373,3.068768
4988,1436608695748,-0.08439561,9.762956,3.0783448
4989,1436608695766,-0.08379706,9.7958765,3.052607
4990,1436608695788,-0.09636662,9.812635,3.0759506
4991,1436608695809,-0.11971009,9.787497,3.0813377
4992,1436608695827,-0.11911154,9.752781,3.0184898
4993,1436608695846,-0.10534488,9.783905,3.0340521
4994,1436608695866,-0.12928689,9.764751,3.016694
4995,1436608695886,-0.10654198,9.7563715,3.0113072
4996,1436608695910,-0.12569559,9.793482,3.027468
4997,1436608695930,-0.12928689,9.81503,3.0484173
4998,1436608695947,-0.1352724,9.832987,3.0753522
4999,1436608695969,-0.13227965,9.854534,3.0711622
5000,1436608695987,-0.17477672,9.837176,3.0663738
5001,1436608696007,-0.21428105,9.785701,3.080739
5002,1436608696031,-0.24001873,9.766547,3.0532057
5003,1436608696048,-0.2693477,9.789292,3.0591912
5004,1436608696077,-0.3172317,9.7719345,3.0651767
5005,1436608696089,-0.29448682,9.782109,3.0801406
5006,1436608696109,-0.30047232,9.809045,3.080739
5007,1436608696128,-0.30047232,9.813234,3.0801406
5008,1436608696151,-0.2717419,9.792884,3.0951042
5009,1436608696168,-0.24540567,9.8042555,3.116652
5010,1436608696187,-0.219668,9.794679,3.0897174
5011,1436608696206,-0.20231004,9.7719345,3.0651767
5012,1436608696259,-0.19692309,9.740809,3.0657754
5013,1436608696260,-0.18315643,9.73662,3.056797
5014,1436608696268,-0.16101007,9.752781,3.0478187
5015,1436608696287,-0.15801731,9.7402115,3.074155
5016,1436608696308,-0.15083471,9.746795,3.0831332
5017,1436608696327,-0.16101007,9.787497,3.0532057
5018,1436608696347,-0.15382746,9.770737,3.0699651
5019,1436608696368,-0.14664486,9.752781,3.0520086
5020,1436608696387,-0.13467385,9.750985,3.0561984
5021,1436608696407,-0.12330139,9.7563715,3.0502129
5022,1436608696427,-0.11492168,9.776124,3.0550013
5023,1436608696448,-0.10474633,9.774927,3.027468
5024,1436608696470,-0.06284779,9.79827,3.031658
5025,1436608696490,-0.040102877,9.801862,3.0681696
5026,1436608696510,-0.017956512,9.791088,3.0400376
5027,1436608696530,-0.0035913025,9.783905,3.0322564
5028,1436608696550,-0.05686229,9.762956,3.007716
5029,1436608696570,-0.021547815,9.7719345,2.9855695
5030,1436608696590,-0.006584055,9.795278,2.971803
5031,1436608696635,0.008978256,9.755774,3.0244753
5032,1436608696636,0.05267244,9.792285,3.0244753
5033,1436608696650,0.06584055,9.821015,3.032855
5034,1436608696668,0.0676362,9.847352,3.040636
5035,1436608696687,0.0688333,9.835979,3.0226796
5036,1436608696709,0.08200141,9.836577,3.016694
5037,1436608696728,0.10115502,9.818023,3.0083144
5038,1436608696749,0.11731588,9.781511,2.9789855
5039,1436608696768,0.11552023,9.782708,2.9951463
5040,1436608696791,0.11971009,9.812037,3.0023289
5041,1436608696810,0.10534488,9.807249,3.0101101
5042,1436608696830,0.12150574,9.816227,3.0214825
5043,1436608696850,0.10354923,9.81503,3.0340521
5044,1436608696870,0.076015905,9.813833,3.0376434
5045,1436608696888,0.055066638,9.809045,3.0322564
5046,1436608696909,0.038307227,9.801862,3.0304608
5047,1436608696928,0.027533319,9.8042555,3.032855
5048,1436608696948,0.04189853,9.791686,3.0352492
5049,1436608696997,0.04309563,9.791088,3.0292637
5050,1436608696998,0.025737667,9.762956,3.039439
5051,1436608697010,0.037708677,9.76535,3.015497
5052,1436608697031,0.038307227,9.753978,3.0041246
5053,1436608697056,0.038307227,9.764751,2.9999347
5054,1436608697068,0.020350715,9.744401,3.0238767
5055,1436608697088,0.017357962,9.746197,3.0172927
5056,1436608697110,0.025737667,9.767146,3.0137014
5057,1436608697128,-0.007182605,9.750985,3.0017304
5058,1436608697148,-0.0023942017,9.767744,3.0142999
5059,1436608697171,-0.030526072,9.778519,3.0502129
5060,1436608697188,-0.035913024,9.77792,3.032855
5061,1436608697211,-0.0688333,9.783905,3.0071173
5062,1436608697230,-0.10055647,9.803658,3.0358477
5063,1436608697250,-0.109534726,9.779716,3.0292637
5064,1436608697271,-0.11971009,9.765948,3.019687
5065,1436608697291,-0.14065935,9.80665,3.0148985
5066,1436608697311,-0.15562311,9.77792,2.9921536
5067,1436608697330,-0.12449849,9.809045,3.0041246
5068,1436608697350,-0.095169514,9.783905,2.9945478
5069,1436608697370,-0.095169514,9.767146,3.0071173
5070,1436608697390,-0.09636662,9.797073,3.0214825
5071,1436608697412,-0.107739076,9.821614,3.0202854
5072,1436608697429,-0.13587095,9.816227,3.0561984
5073,1436608697452,-0.17477672,9.8276,3.0789435
5074,1436608697472,-0.2100912,9.816826,3.0520086
5075,1436608697492,-0.25677812,9.811439,3.0669725
5076,1436608697510,-0.30226797,9.783307,3.0346506
5077,1436608697530,-0.29807812,9.772532,3.019687
5078,1436608697548,-0.2633622,9.815628,3.0573955
5079,1436608697569,-0.20649989,9.772532,3.0388405
5080,1436608697593,-0.17956513,9.760562,3.0466216
5081,1436608697613,-0.13467385,9.780912,3.0496144
5082,1436608697633,-0.11911154,9.766547,3.020884
5083,1436608697648,-0.08200141,9.77373,3.0148985
5084,1436608697669,-0.047884032,9.787497,3.028665
5085,1436608697754,-0.023343466,9.794081,3.043629
5086,1436608697755,-0.015562311,9.75697,3.0538042
5087,1436608697756,-0.024540568,9.7641535,3.068768
5088,1436608697757,-0.04129998,9.778519,3.0591912
5089,1436608697800,-0.0724246,9.752182,3.0699651
5090,1436608697801,-0.13108255,9.782109,3.0579941
5091,1436608697826,-0.17058687,9.773131,3.0693667
5092,1436608697836,-0.18794483,9.807249,3.1130607
5093,1436608697873,-0.21068975,9.809643,3.0705638
5094,1436608697874,-0.21428105,9.788693,3.0789435
5095,1436608697891,-0.21667525,9.7958765,3.064578
5096,1436608697908,-0.20111294,9.778519,3.0843303
5097,1436608697929,-0.17118542,9.76535,3.072958
5098,1436608697948,-0.13587095,9.762358,3.0801406
5099,1436608697968,-0.10295067,9.79827,3.067571
5100,1436608697988,-0.090979666,9.797672,3.0550013
5101,1436608698008,-0.044891283,9.798869,3.0723593
5102,1436608698036,0.03172317,9.760562,3.0945058
5103,1436608698049,0.053869538,9.789292,3.0723593
5104,1436608698140,0.06464344,9.773131,3.0310593
5105,1436608698141,0.12569559,9.727641,3.0214825
5106,1436608698142,0.14844051,9.733627,3.0041246
5107,1436608698143,0.21906945,9.685743,2.9975405
5108,1436608698152,0.23223756,9.750985,2.980781
5109,1436608698169,0.23343466,9.785102,3.0137014
5110,1436608698189,0.2088941,9.762956,3.0178912
5111,1436608698208,0.16759412,9.830592,3.019687
5112,1436608698233,0.08499416,9.858724,2.9963434
5113,1436608698256,-0.004189853,9.842564,2.9819782
5114,1436608698269,-0.073023155,9.8276,2.9700072
5115,1436608698290,-0.109534726,9.77373,2.9358897
5116,1436608698310,-0.13587095,9.821015,2.9370868
5117,1436608698333,-0.15801731,9.825205,2.9364884
5118,1436608698354,-0.15861586,9.840768,2.9574378
5119,1436608698373,-0.1316811,9.855731,2.9640217
5120,1436608698390,-0.11731588,9.852738,2.9789855
5121,1436608698410,-0.095768064,9.82341,2.9951463
5122,1436608698444,-0.08080431,9.837176,2.9550436
5123,1436608698449,-0.047884032,9.81922,2.9293058
5124,1436608698469,0.0047884034,9.803059,2.9352913
5125,1436608698488,0.073023155,9.807847,2.9239187
5126,1436608698510,0.12928689,9.80665,2.9167361
5127,1436608698529,0.19752164,9.791088,2.9041667
5128,1436608698548,0.24420857,9.80665,2.9269116
5129,1436608698570,0.2777274,9.797073,2.9352913
5130,1436608698590,0.2813187,9.81503,2.967613
5131,1436608698612,0.26755205,9.824008,2.9628246
5132,1436608698632,0.25258827,9.835381,2.9502552
5133,1436608698649,0.2124854,9.843162,2.9352913
5134,1436608698670,0.17597382,9.821015,2.9346926
5135,1436608698693,0.14604631,9.800066,2.9514523
5136,1436608698713,0.11372458,9.794081,2.9520507
5137,1436608698733,0.0712275,9.820416,2.9658175
5138,1436608698753,0.061052144,9.844358,2.9466639
5139,1436608698772,0.06284779,9.879673,2.9358897
5140,1436608698789,0.073621705,9.831789,2.984971
5141,1436608698813,0.0712275,9.817424,2.9939492
5142,1436608698834,0.05327099,9.818622,2.9646204
5143,1436608698850,0.018555064,9.779117,2.9233203
5144,1436608698873,0.03232172,9.774328,2.9173348
5145,1436608698893,0.073023155,9.777321,2.9358897
5146,1436608698909,0.107140526,9.78989,2.961029
5147,1436608698929,0.12389994,9.807249,2.9646204
5148,1436608698949,0.10055647,9.809045,2.9700072
5149,1436608698974,0.107739076,9.838972,2.984971
5150,1436608698990,0.078410104,9.829993,2.9706059
5151,1436608699010,0.034117375,9.815628,2.9646204
5152,1436608699032,0.016759412,9.805453,2.959832
5153,1436608699145,-0.029927522,9.809045,2.947861
5154,1436608699146,-0.032920275,9.818023,2.9317
5155,1436608699147,-0.022146367,9.850943,2.9622262
5156,1436608699154,-0.0077811554,9.840169,2.9909565
5157,1436608699155,-0.051475335,9.848549,2.9747956
5158,1436608699156,-0.074818805,9.846154,2.9502552
5159,1436608699169,-0.107140526,9.824008,2.9352913
5160,1436608699190,-0.09696517,9.8198185,2.954445
5161,1436608699209,-0.055066638,9.788095,2.9658175
5162,1436608699230,-0.022146367,9.782109,2.9466639
5163,1436608699250,0.013766659,9.788095,2.9580362
5164,1436608699271,0.05327099,9.801263,2.9580362
5165,1436608699291,0.11252748,9.801862,2.9759927
5166,1436608699311,0.142455,9.787497,2.9406781
5167,1436608699330,0.18435353,9.79827,2.9460652
5168,1436608699353,0.18016368,9.81503,2.9245174
5169,1436608699372,0.18794483,9.780912,2.9430726
5170,1436608699391,0.20410569,9.821015,2.9724014
5171,1436608699413,0.17597382,9.834184,2.9622262
5172,1436608699431,0.12210429,9.818622,2.942474
5173,1436608699451,0.076015905,9.7958765,2.9418752
5174,1436608699473,0.047884032,9.779716,2.9376855
5175,1436608699493,0.021547815,9.792884,2.961029
5176,1436608699513,0.016759412,9.812635,2.9514523
5177,1436608699530,0.020350715,9.821614,2.961029
5178,1436608699559,0.061052144,9.820416,2.9879637
5179,1436608699571,0.090381116,9.797672,2.9813797
5180,1436608699591,0.077811554,9.818023,2.9622262
5181,1436608699615,0.05626374,9.809045,2.947861
5182,1436608699635,0.073023155,9.770737,2.908955
5183,1436608699651,0.11492168,9.800665,2.9173348
5184,1436608699671,0.15083471,9.767146,2.9101522
5185,1436608699690,0.15083471,9.768942,2.9442697
5186,1436608699710,0.19393034,9.801862,2.9442697
5187,1436608699736,0.17597382,9.801263,2.939481
5188,1436608699754,0.17238252,9.820416,2.9646204
5189,1436608699775,0.15322891,9.840768,2.9514523
5190,1436608699793,0.12928689,9.835381,2.9454668
5191,1436608699814,0.10534488,9.813234,2.9700072
5192,1436608699885,0.0676362,9.806051,2.9430726
5193,1436608699886,0.038905777,9.805453,2.9574378
5194,1436608699887,0.034715924,9.79827,2.9418752
5195,1436608699893,0.037110128,9.811439,2.9430726
5196,1436608699914,0.010773907,9.810242,2.9843724
5197,1436608699933,0.0023942017,9.801263,2.9520507
5198,1436608699950,0.005985504,9.809045,2.9400797
5199,1436608699976,0.017357962,9.825804,2.9203274
5200,1436608700002,0.04189853,9.807847,2.9358897
5201,1436608700013,0.039504327,9.807249,2.9400797
5202,1436608700033,0.011372458,9.81084,2.9406781
5203,1436608700056,0.030526072,9.82341,2.9532478
5204,1436608700071,-0.0017956513,9.805453,2.966416
5205,1436608700094,-0.025737667,9.803658,2.9484594
5206,1436608700113,-0.060453594,9.825804,2.9317
5207,1436608700132,-0.06823475,9.834782,2.9203274
5208,1436608700154,-0.090381116,9.838373,2.914342
5209,1436608700170,-0.08379706,9.82341,2.9526494
5210,1436608700193,-0.090979666,9.831789,2.9239187
5211,1436608700214,-0.06943185,9.824008,2.920926
5212,1436608700232,-0.013766659,9.818622,2.914342
5213,1436608700252,0.013766659,9.824008,2.932897
5214,1436608700273,0.061052144,9.816826,2.9358897
5215,1436608700291,0.06943185,9.831789,2.9334955
5216,1436608700314,0.06943185,9.820416,2.930503
5217,1436608700333,0.08738836,9.838373,2.9215245
5218,1436608700353,0.08200141,9.816826,2.9484594
5219,1436608700372,0.054468088,9.825205,2.944868
5220,1436608700393,0.024540568,9.832987,2.9287071
5221,1436608700424,0.004189853,9.798869,2.907758
5222,1436608700434,0.0023942017,9.805453,2.9041667
5223,1436608700454,0.014963761,9.813833,2.918532
5224,1436608700474,0.036511578,9.798869,2.9233203
5225,1436608700494,0.030526072,9.834782,2.9412768
5226,1436608700513,0.047285482,9.8437605,2.9125464
5227,1436608700534,0.04070143,9.834782,2.930503
5228,1436608700558,0.020949265,9.845556,2.9215245
5229,1436608700625,0.002992752,9.832388,2.9245174
5230,1436608700626,0.012569559,9.81084,2.9239187
5231,1436608700627,-0.026934769,9.797672,2.9388826
5232,1436608700634,-0.035314474,9.840169,2.9317
5233,1436608700660,-0.024540568,9.812635,2.939481
5234,1436608700672,0.017357962,9.81922,2.9406781
5235,1436608700691,0.021547815,9.853935,2.9502552
5236,1436608700715,0.01316811,9.836577,2.9269116
5237,1436608700731,0.0035913025,9.809045,2.9251158
5238,1436608700753,-0.008379706,9.812635,2.919729
5239,1436608700772,-0.01616086,9.811439,2.9299042
5240,1436608700799,-0.019153614,9.8042555,2.9388826
5241,1436608700811,-0.04369418,9.830592,2.942474
5242,1436608700831,-0.07062895,9.81084,2.92751
5243,1436608700851,-0.05207389,9.813234,2.9101522
5244,1436608700871,-0.04249708,9.81922,2.914342
5245,1436608700894,-0.040102877,9.828796,2.9502552
5246,1436608700912,-0.026934769,9.821614,2.9257145
5247,1436608700934,-0.017357962,9.835381,2.9299042
5248,1436608700955,-0.020949265,9.832987,2.9346926
5249,1436608700974,-0.007182605,9.835381,2.9239187
5250,1436608700993,-0.019153614,9.825804,2.902371
5251,1436608701012,-0.037708677,9.816227,2.920926
5252,1436608701034,-0.005985504,9.801862,2.9017725
5253,1436608701053,-0.01616086,9.824008,2.9418752
5254,1436608701079,-0.027533319,9.859323,2.8987796
5255,1436608701094,-0.02873042,9.85214,2.9011738
5256,1436608701113,0.012569559,9.834184,2.9430726
5257,1436608701134,-0.05566519,9.812635,2.938284
5258,1436608701158,-0.08678981,9.824008,2.915539
5259,1436608701173,-0.13108255,9.813234,2.9011738
5260,1436608701192,-0.11192893,9.786898,2.895787
5261,1436608701213,-0.061052144,9.773131,2.896984
5262,1436608701232,-0.047884032,9.815628,2.9215245
5263,1436608701253,0.01436521,9.826403,2.926313
5264,1436608701274,0.035913024,9.81922,2.947861
5265,1436608701343,0.05746084,9.831191,2.9442697
5266,1436608701344,0.05865794,9.807249,2.9358897
5267,1436608701345,0.022744916,9.805453,2.9113493
5268,1436608701353,0.027533319,9.799467,2.9179332
5269,1436608701384,0.044891283,9.782708,2.8975825
5270,1436608701394,0.044292733,9.800066,2.9005754
5271,1436608701412,0.073621705,9.806051,2.9346926
5272,1436608701433,0.04369418,9.797672,2.9364884
5273,1436608701452,0.048482586,9.806051,2.9604304
5274,1436608701477,0.05207389,9.824607,2.9580362
5275,1436608701492,0.033518825,9.824008,2.9472623
5276,1436608701515,0.020949265,9.815628,2.9257145
5277,1436608701532,0.01436521,9.813234,2.92751
5278,1436608701557,0.013766659,9.812635,2.920926
5279,1436608701575,0.011372458,9.821614,2.9352913
5280,1436608701595,0.0053869537,9.824607,2.92751
5281,1436608701618,0.011971008,9.8198185,2.9137435
5282,1436608701635,0.015562311,9.812037,2.9430726
5283,1436608701655,0.0017956513,9.803658,2.9101522
5284,1436608701676,0.0035913025,9.812037,2.9245174
5285,1436608701695,0.01316811,9.8198185,2.9388826
5286,1436608701716,0.014963761,9.826403,2.9454668
5287,1436608701733,0.017956512,9.812635,2.9293058
5288,1436608701755,0.0053869537,9.825804,2.918532
5289,1436608701776,-0.039504327,9.816227,2.8939912
5290,1436608701795,-0.050278235,9.82341,2.9299042
5291,1436608701815,-0.04309563,9.855133,2.9334955
5292,1436608701836,-0.048482586,9.835381,2.9352913
5293,1436608701855,-0.047285482,9.835979,2.9179332
5294,1436608701876,-0.050278235,9.832388,2.9340942
5295,1436608701895,-0.050876785,9.829395,2.9293058
5296,1436608701916,-0.0676362,9.837176,2.9311013
5297,1436608701936,-0.078410104,9.82341,2.944868
5298,1436608701956,-0.050876785,9.821614,2.930503
5299,1436608701975,-0.018555064,9.824008,2.919729
5300,1436608701996,-0.024540568,9.834184,2.9167361
5301,1436608702058,0.006584055,9.801862,2.9251158
5302,1436608702059,0.017956512,9.810242,2.9340942
5303,1436608702062,0.023343466,9.807249,2.915539
5304,1436608702097,0.032920275,9.825804,2.9167361
5305,1436608702098,0.032920275,9.826403,2.9346926
5306,1436608702112,0.038307227,9.815628,2.9472623
5307,1436608702133,0.03232172,9.812037,2.9460652
5308,1436608702153,0.007182605,9.81084,2.9376855
5309,1436608702178,0.008379706,9.805453,2.8898015
5310,1436608702193,-0.016759412,9.792285,2.9047651
5311,1436608702215,-0.022146367,9.791088,2.907758
5312,1436608702239,-0.036511578,9.792884,2.907758
5313,1436608702254,-0.074220255,9.80665,2.9311013
5314,1436608702273,-0.0664391,9.794679,2.9245174
5315,1436608702296,-0.062249243,9.830592,2.930503
5316,1436608702316,-0.034715924,9.840169,2.9358897
5317,1436608702335,-0.008978256,9.825804,2.9400797
5318,1436608702356,0.0035913025,9.809643,2.9700072
5319,1436608702375,0.0017956513,9.811439,2.9358897
5320,1436608702395,-0.010175358,9.814431,2.9299042
5321,1436608702416,0.008978256,9.791088,2.926313
5322,1436608702436,0.017956512,9.820416,2.9317
5323,1436608702456,-0.0017956513,9.828198,2.942474
5324,1436608702477,-0.046686932,9.841366,2.9370868
5325,1436608702495,-0.08200141,9.834184,2.9245174
5326,1436608702516,-0.08499416,9.844957,2.9161377
5327,1436608702533,-0.12270284,9.853337,2.9269116
5328,1436608702557,-0.15801731,9.868899,2.943671
5329,1436608702574,-0.19632454,9.870695,2.920926
5330,1436608702598,-0.21787235,9.8515415,2.920926
5331,1436608702618,-0.19812019,9.862315,2.9317
5332,1436608702638,-0.20171149,9.841965,2.9520507
5333,1436608702656,-0.19093758,9.848549,2.938284
5334,1436608702673,-0.18495208,9.832388,2.9364884
5335,1436608702694,-0.14664486,9.791088,2.9167361
5336,1436608702715,-0.06823475,9.807847,2.9095535
5337,1436608702736,0.008978256,9.757569,2.9251158
5338,1436608702753,0.0724246,9.768942,2.9466639
5339,1436608702806,0.12509704,9.791088,2.939481
5340,1436608702807,0.14425065,9.826403,2.9586349
5341,1436608702816,0.1412579,9.846154,2.947861
5342,1436608702833,0.12030864,9.829395,2.9370868
5343,1436608702854,0.12090719,9.816227,2.9634233
5344,1436608702873,0.10055647,9.821614,2.9364884
5345,1436608702893,0.091578215,9.788095,2.9364884
5346,1436608702917,0.093373865,9.794081,2.8921957
5347,1436608702933,0.08619126,9.804854,2.9167361
5348,1436608702953,0.09696517,9.776124,2.8993783
5349,1436608702974,0.09816227,9.775525,2.9281087
5350,1436608702995,0.074220255,9.801263,2.9334955
5351,1436608703018,0.03232172,9.809643,2.9346926
5352,1436608703046,0.007182605,9.814431,2.942474
5353,1436608703055,-0.0017956513,9.815628,2.955642
5354,1436608703073,-0.011971008,9.821015,2.956839
5355,1436608703093,-0.04129998,9.835979,2.9370868
5356,1436608703113,-0.017956512,9.8276,2.9508536
5357,1436608703133,-0.019153614,9.850345,2.9322984
5358,1436608703156,-0.037708677,9.818023,2.9364884
5359,1436608703177,-0.03232172,9.813234,2.9311013
5360,1436608703196,-0.036511578,9.8042555,2.9370868
5361,1436608703215,-0.020949265,9.811439,2.954445
5362,1436608703237,-0.014963761,9.818023,2.932897
5363,1436608703257,0.004189853,9.817424,2.9502552
5364,1436608703277,0.0005985504,9.832388,2.9322984
5365,1436608703297,0.009576807,9.800665,2.9526494
5366,1436608703316,-0.04369418,9.834184,2.930503
5367,1436608703336,-0.08020575,9.818622,2.9269116
5368,1436608703357,-0.04070143,9.861717,2.9101522
5369,1436608703376,-0.06404489,9.825205,2.9346926
5370,1436608703397,-0.08499416,9.827001,2.9388826
5371,1436608703415,-0.11851298,9.846154,2.9227216
5372,1436608703435,-0.11192893,9.829993,2.8975825
5373,1436608703456,-0.08080431,9.8515415,2.8921957
5374,1436608703483,-0.08738836,9.813234,2.9376855
5375,1436608703554,-0.04070143,9.805453,2.9257145
5376,1436608703555,-0.044292733,9.815628,2.9149406
5377,1436608703558,-0.018555064,9.850943,2.915539
5378,1436608703559,0.01616086,9.849147,2.9502552
5379,1436608703576,0.031124622,9.813833,2.9616275
5380,1436608703595,0.023343466,9.820416,2.9592333
5381,1436608703614,0.011372458,9.800066,2.9508536
5382,1436608703636,0.008978256,9.770139,2.9233203
5383,1436608703657,0.017956512,9.818622,2.9257145
5384,1436608703675,0.037708677,9.809643,2.9670146
5385,1436608703695,0.05746084,9.793482,2.932897
5386,1436608703714,0.035913024,9.808446,2.944868
5387,1436608703738,0.025139118,9.81084,2.930503
5388,1436608703757,0.025139118,9.805453,2.9257145
5389,1436608703777,0.016759412,9.805453,2.9257145
5390,1436608703797,0.040102877,9.811439,2.9376855
5391,1436608703817,0.02813187,9.7958765,2.9520507
5392,1436608703837,-0.006584055,9.790489,2.9191303
5393,1436608703857,-0.034715924,9.824607,2.9281087
5394,1436608703877,-0.04070143,9.816826,2.9592333
5395,1436608703897,-0.061650693,9.78989,2.9364884
5396,1436608703917,-0.044891283,9.797672,2.930503
5397,1436608703938,-0.020350715,9.814431,2.9400797
5398,1436608703954,0.02813187,9.831191,2.9406781
5399,1436608703977,0.037110128,9.847352,2.9712043
5400,1436608703998,0.047285482,9.904813,2.9843724
5401,1436608704017,-0.006584055,9.935937,2.9747956
5402,1436608704039,-0.0796072,9.911995,2.9287071
5403,1436608704056,-0.110731825,9.833585,2.885013
5404,1436608704077,-0.108337626,9.753978,2.8508956
5405,1436608704097,-0.12150574,9.745,2.858677
5406,1436608704116,-0.1436521,9.7563715,2.8628666
5407,1436608704137,-0.13467385,9.7563715,2.9119477
5408,1436608704159,-0.088585466,9.794679,2.9191303
5409,1436608704178,-0.065242,9.830592,2.956839
5410,1436608704196,-0.035913024,9.849147,2.9747956
5411,1436608704217,-0.048482586,9.809643,2.9580362
5412,1436608704288,-0.04309563,9.774927,2.8921957
5413,1436608704289,-0.039504327,9.713875,2.8981812
5414,1436608704290,-0.018555064,9.734824,2.9370868
5415,1436608704297,0.011372458,9.791686,2.9364884
5416,1436608704315,0.0053869537,9.833585,2.930503
5417,1436608704337,-0.051475335,9.877877,2.943671
5418,1436608704355,-0.10414778,9.805453,2.9460652
5419,1436608704376,-0.1436521,9.778519,2.8832173
5420,1436608704395,-0.05865794,9.783905,2.8700492
5421,1436608704416,0.1412579,9.824607,2.9239187
5422,1436608704436,0.33039984,9.898827,2.9460652
5423,1436608704458,0.39504328,10.038888,2.956839
5424,1436608704480,0.3752911,10.0825815,2.9041667
5425,1436608704498,0.26635495,10.028712,2.8736405
5426,1436608704518,0.13108255,9.986216,2.8353333
5427,1436608704538,-0.033518825,9.862315,2.794632
5428,1436608704559,-0.061052144,9.664195,2.722806
5429,1436608704578,0.0796072,9.582792,2.6964695
5430,1436608704598,0.16101007,9.636662,2.7449522
5431,1436608704618,0.207697,9.755175,2.8083985
5432,1436608704636,0.23582886,9.797073,2.9119477
5433,1436608704656,0.22984336,9.843162,2.9909565
5434,1436608704677,0.22266077,9.815628,3.0538042
5435,1436608704698,0.19812019,9.832388,3.0484173
5436,1436608704716,0.17477672,9.785102,3.0310593
5437,1436608704736,0.12389994,9.747394,2.9813797
5438,1436608704757,0.11851298,9.668385,2.9167361
5439,1436608704780,0.14963761,9.7240505,2.9400797
5440,1436608704801,0.15023616,9.961675,2.9592333
5441,1436608704821,0.055066638,10.006566,2.9873652
5442,1436608704838,-0.011971008,9.990405,3.0909145
5443,1436608704855,-0.077213004,9.862914,3.0621839
5444,1436608704876,-0.19153613,9.631275,2.9580362
5445,1436608704895,-0.24061728,9.487024,2.9161377
5446,1436608704918,-0.24121583,9.526528,2.8975825
5447,1436608704935,-0.23343466,9.692925,2.9251158
5448,1436608704993,-0.18614918,9.7803135,2.9975405
5449,1436608705005,-0.074818805,9.835979,3.0897174
5450,1436608705006,0.092775315,9.925761,3.1358056
5451,1436608705016,0.12988544,9.942521,3.1435869
5452,1436608705050,0.1592144,9.953894,3.0639796
5453,1436608705056,0.15382746,9.858126,2.9741971
5454,1436608705076,0.22266077,9.809643,2.9634233
5455,1436608705096,0.26036942,9.968858,2.939481
5456,1436608705116,0.21428105,9.962872,2.9047651
5457,1436608705138,0.26874915,9.872491,3.0029275
5458,1436608705158,0.320823,9.811439,3.0280666
5459,1436608705178,0.28431144,9.689334,2.9538465
5460,1436608705200,0.18734628,9.661801,2.8844144
5461,1436608705218,0.16579847,9.7324295,2.8407204
5462,1436608705239,0.1921347,9.770139,2.8772318
5463,1436608705259,0.19871874,9.826403,2.9502552
5464,1436608705279,0.24001873,9.888053,2.984971
5465,1436608705299,0.24600422,9.928156,3.0125043
5466,1436608705319,0.29029694,9.901819,2.9891608
5467,1436608705339,0.320823,9.836577,2.9011738
5468,1436608705359,0.33518824,9.784504,2.8628666
5469,1436608705378,0.3878607,9.800665,2.8694508
5470,1436608705399,0.3878607,9.8754835,2.8413188
5471,1436608705417,0.2873042,9.861717,2.819771
5472,1436608705438,0.22864626,9.864111,2.8622682
5473,1436608705459,0.22924481,9.829993,2.8461072
5474,1436608705476,0.28311434,9.770139,2.835932
5475,1436608705496,0.31783026,9.7240505,2.8377275
5476,1436608705516,0.3238158,9.740809,2.8215668
5477,1436608705541,0.3172317,9.737218,2.8275523
5478,1436608705563,0.30346507,9.75697,2.822764
5479,1436608705579,0.31902736,9.832388,2.846706
5480,1436608705599,0.34476504,9.913791,2.8550856
5481,1436608705616,0.35553896,9.938332,2.8233624
5482,1436608705641,0.34955344,9.923966,2.8496985
5483,1436608705657,0.3824737,9.865308,2.8700492
5484,1436608705677,0.4249708,9.876082,2.8538885
5485,1436608705699,0.43035775,9.897031,2.8287494
5486,1436608705761,0.39324763,9.939528,2.8221653
5487,1436608705762,0.32202014,9.988011,2.8431146
5488,1436608705763,0.25917232,9.944916,2.8622682
5489,1436608705776,0.19153613,9.896433,2.846706
5490,1436608705798,0.12330139,9.842564,2.8377275
5491,1436608705816,0.040102877,9.815628,2.7970262
5492,1436608705837,-0.021547815,9.848549,2.789245
5493,1436608705858,-0.074818805,9.883863,2.791639
5494,1436608705878,-0.077213004,9.917382,2.8072014
5495,1436608705896,-0.0712275,9.930551,2.871845
5496,1436608705917,-0.0023942017,9.928156,2.9215245
5497,1436608705937,0.011372458,9.937733,2.9059622
5498,1436608705956,0.017357962,9.958083,2.895787
5499,1436608705977,0.04070143,10.014946,2.9101522
5500,1436608705999,0.008978256,10.012551,2.939481
5501,1436608706019,-0.021547815,9.991602,2.918532
5502,1436608706036,-0.054468088,9.920375,2.8904
5503,1436608706057,-0.05626374,9.789292,2.8921957
5504,1436608706081,-0.005985504,9.737817,2.8736405
5505,1436608706097,0.053869538,9.701904,2.8646624
5506,1436608706119,0.10534488,9.735423,2.8640637
5507,1436608706138,0.12868834,9.758766,2.8616695
5508,1436608706158,0.13706805,9.816227,2.9179332
5509,1436608706180,0.16340427,9.81503,2.9472623
5510,1436608706203,0.15622166,9.81084,2.956839
5511,1436608706218,0.12509704,9.799467,2.919729
5512,1436608706239,0.12569559,9.797073,2.915539
5513,1436608706260,0.13946225,9.812037,2.9149406
5514,1436608706280,0.16879122,9.829395,2.895787
5515,1436608706300,0.17238252,9.80665,2.9508536
5516,1436608706320,0.18854338,9.821614,2.949058
5517,1436608706339,0.20590134,9.818023,2.942474
5518,1436608706358,0.19273324,9.788095,2.8772318
5519,1436608706379,0.17956513,9.782109,2.8395233
5520,1436608706397,0.20470424,9.758167,2.830545
5521,1436608706472,0.23403321,9.753978,2.8407204
5522,1436608706473,0.28191724,9.717466,2.8502972
5523,1436608706478,0.33877954,9.725846,2.8407204
5524,1436608706479,0.3752911,9.7719345,2.8909986
5525,1436608706497,0.39683893,9.784504,2.9299042
5526,1436608706517,0.40521863,9.816826,2.96881
5527,1436608706537,0.36391866,9.840768,2.9502552
5528,1436608706562,0.32022446,9.822212,2.930503
5529,1436608706579,0.25857377,9.791088,2.9053638
5530,1436608706598,0.20649989,9.770737,2.885013
5531,1436608706645,0.15442601,9.761759,2.861071
5532,1436608706646,0.12090719,9.774328,2.8455088
5533,1436608706659,0.11252748,9.803658,2.8712463
5534,1436608706680,0.12389994,9.813234,2.895787
5535,1436608706700,0.14724341,9.810242,2.89459
5536,1436608706720,0.19512744,9.811439,2.873042
5537,1436608706740,0.20590134,9.813234,2.8568811
5538,1436608706760,0.2717419,9.82341,2.8844144
5539,1436608706780,0.2657564,9.817424,2.902371
5540,1436608706800,0.25737667,9.801862,2.8814218
5541,1436608706820,0.27353755,9.816227,2.8832173
5542,1436608706838,0.25558102,9.884461,2.8688521
5543,1436608706861,0.23642741,9.8916445,2.920926
5544,1436608706879,0.18734628,9.918579,2.9550436
5545,1436608706900,0.08619126,9.903615,2.9580362
5546,1436608706919,-0.0047884034,9.824008,2.9454668
5547,1436608706939,-0.0724246,9.812635,2.9376855
5548,1436608706958,-0.08140286,9.825804,2.9454668
5549,1436608706981,-0.08379706,9.824008,2.9370868
5550,1436608707001,-0.048482586,9.842564,2.959832
5551,1436608707021,-0.031124622,9.866506,2.9819782
5552,1436608707039,0.0053869537,9.834184,3.0083144
5553,1436608707057,0.021547815,9.822212,2.9694088
5554,1436608707082,0.037708677,9.818622,2.9652188
5555,1436608707098,0.061052144,9.7863,2.9340942
5556,1436608707118,0.08259996,9.759365,2.9053638
5557,1436608707139,0.12090719,9.763555,2.9161377
5558,1436608707185,0.18315643,9.778519,2.9269116
5559,1436608707186,0.22804771,9.783307,2.9173348
5560,1436608707207,0.25917232,9.794679,2.944868
5561,1436608707217,0.28072014,9.811439,2.9430726
5562,1436608707243,0.29269117,9.820416,2.9400797
5563,1436608707259,0.3333926,9.820416,2.9352913
5564,1436608707278,0.3693056,9.824607,2.906561
5565,1436608707300,0.38606504,9.81503,2.8862102
5566,1436608707318,0.39624038,9.824008,2.8790276
5567,1436608707338,0.39145198,9.82341,2.8951883
5568,1436608707359,0.39564183,9.800665,2.882619
5569,1436608707380,0.362123,9.798869,2.8778305
5570,1436608707399,0.3393781,9.829993,2.8604724
5571,1436608707420,0.3693056,9.80665,2.8874073
5572,1436608707441,0.3764882,9.816227,2.9011738
5573,1436608707461,0.41060558,9.849147,2.932897
5574,1436608707481,0.43634325,9.8754835,2.9053638
5575,1436608707501,0.45609543,9.894637,2.8927941
5576,1436608707521,0.44651863,9.874885,2.9005754
5577,1436608707540,0.44771573,9.868899,2.882619
5578,1436608707559,0.45968673,9.859323,2.870648
5579,1436608707579,0.4309563,9.813833,2.8502972
5580,1436608707600,0.44771573,9.802461,2.822764
5581,1436608707621,0.47225627,9.809045,2.8377275
5582,1436608707640,0.53570265,9.802461,2.8580782
5583,1436608707658,0.5710171,9.811439,2.8652608
5584,1436608707681,0.5979519,9.833585,2.8658595
5585,1436608707701,0.5770026,9.835381,2.8616695
5586,1436608707721,0.56323594,9.862315,2.8514943
5587,1436608707742,0.5398925,9.844957,2.866458
5588,1436608707761,0.504578,9.877279,2.8574798
5589,1436608707779,0.45250413,9.8437605,2.8658595
5590,1436608707799,0.38606504,9.813833,2.8814218
5591,1436608707820,0.29927522,9.835381,2.8874073
5592,1436608707839,0.29688102,9.841965,2.896984
5593,1436608707862,0.29747957,9.831191,2.8921957
5594,1436608707909,0.2717419,9.818023,2.8724434
5595,1436608707910,0.32441434,9.816826,2.8856115
5596,1436608707929,0.3597288,9.87668,2.8808231
5597,1436608707938,0.3752911,9.872491,2.867655
5598,1436608707962,0.37349546,9.856929,2.8939912
5599,1436608707979,0.38067806,9.792285,2.8898015
5600,1436608708000,0.32680854,9.761759,2.8419175
5601,1436608708020,0.30765492,9.725846,2.7814639
5602,1436608708040,0.3196259,9.709086,2.7778726
5603,1436608708061,0.37469256,9.743802,2.794632
5604,1436608708079,0.41479546,9.768942,2.8526914
5605,1436608708100,0.42437226,9.808446,2.8772318
5606,1436608708119,0.4213795,9.803658,2.8951883
5607,1436608708141,0.41060558,9.808446,2.906561
5608,1436608708161,0.3752911,9.786898,2.9011738
5609,1436608708182,0.30346507,9.809045,2.8748376
5610,1436608708201,0.20470424,9.777321,2.8119898
5611,1436608708220,0.16101007,9.767146,2.8167782
5612,1436608708240,0.130484,9.768942,2.8401217
5613,1436608708260,0.073023155,9.803059,2.8508956
5614,1436608708280,0.051475335,9.844957,2.8568811
5615,1436608708301,0.047285482,9.840169,2.8754363
5616,1436608708319,0.06943185,9.892242,2.9083564
5617,1436608708339,0.11731588,9.93893,2.9011738
5618,1436608708362,0.12808979,9.96766,2.918532
5619,1436608708380,0.10414778,9.964667,2.92751
5620,1436608708399,0.055066638,9.962274,2.9281087
5621,1436608708422,-0.030526072,9.931149,2.8921957
5622,1436608708441,-0.10235212,9.903615,2.8688521
5623,1436608708461,-0.15622166,9.866506,2.8658595
5624,1436608708482,-0.20709845,9.8437605,2.8401217
5625,1436608708502,-0.24121583,9.854534,2.8257565
5626,1436608708531,-0.2657564,9.855731,2.8263552
5627,1436608708538,-0.24720132,9.867104,2.8365304
5628,1436608708560,-0.25258827,9.861717,2.8658595
5629,1436608708579,-0.23822308,9.861118,2.8496985
5630,1436608708599,-0.24181437,9.858126,2.843713
5631,1436608708632,-0.20290859,9.835381,2.825158
5632,1436608708641,-0.15502456,9.843162,2.8293478
5633,1436608708659,-0.12569559,9.822212,2.8443117
5634,1436608708679,-0.08678981,9.825804,2.8592753
5635,1436608708699,-0.05267244,9.857527,2.861071
5636,1436608708721,0.019752163,9.850943,2.8520927
5637,1436608708740,0.08619126,9.865308,2.8491
5638,1436608708761,0.12210429,9.856929,2.8538885
5639,1436608708780,0.12689269,9.870695,2.8622682
5640,1436608708799,0.11851298,9.866506,2.8419175
5641,1436608708820,0.09756372,9.877877,2.8329391
5642,1436608708840,0.08259996,9.865907,2.8263552
5643,1436608708860,0.077213004,9.871294,2.8383262
5644,1436608708881,0.060453594,9.872491,2.8502972
5645,1436608708902,0.037708677,9.880272,2.8329391
5646,1436608708922,0.037110128,9.885659,2.830545
5647,1436608708942,0.04129998,9.868899,2.8473043
5648,1436608708962,0.020350715,9.886257,2.854487
5649,1436608708980,-0.002992752,9.859323,2.8353333
5650,1436608709000,-0.034117375,9.831789,2.8209682
5651,1436608709022,-0.016759412,9.837775,2.8299465
5652,1436608709040,-0.0005985504,9.845556,2.825158
5653,1436608709064,-0.033518825,9.809643,2.8461072
5654,1436608709086,-0.011971008,9.81503,2.8473043
5655,1436608709102,0.011372458,9.838373,2.8485014
5656,1436608709119,0.0011971008,9.850345,2.8161798
5657,1436608709142,0.03232172,9.884461,2.8167782
5658,1436608709160,0.04129998,9.870096,2.7982233
5659,1436608709180,0.08379706,9.870695,2.8018146
5660,1436608709202,0.16160862,9.840169,2.782661
5661,1436608709220,0.23523031,9.827001,2.759916
5662,1436608709240,0.3184288,9.816826,2.706645
5663,1436608709262,0.3705027,9.803059,2.717419
5664,1436608709281,0.44831428,9.797672,2.666542
5665,1436608709301,0.5554548,9.796474,2.6683378
5666,1436608709322,0.64463884,9.812037,2.712032
5667,1436608709343,0.7380127,9.846154,2.719813
5668,1436608709411,0.81283146,9.890448,2.7575219
5669,1436608709412,0.81043726,9.919776,2.771887
5670,1436608709413,0.76434886,9.952098,2.7760768
5671,1436608709421,0.7092823,9.903615,2.747945
5672,1436608709447,0.62608373,9.846753,2.7395654
5673,1436608709461,0.58119243,9.821015,2.7180176
5674,1436608709480,0.56922144,9.824008,2.7581203
5675,1436608709502,0.5470751,9.86471,2.743755
5676,1436608709520,0.53211135,9.904214,2.7299886
5677,1436608709542,0.55725044,9.88925,2.718616
5678,1436608709561,0.6015432,9.883265,2.710835
5679,1436608709580,0.6266823,9.8437605,2.7491422
5680,1436608709600,0.65541273,9.836577,2.753332
5681,1436608709623,0.688333,9.824008,2.7299886
5682,1436608709643,0.6853402,9.812635,2.7473464
5683,1436608709667,0.6835446,9.799467,2.731784
5684,1436608709681,0.6901286,9.821614,2.7132292
5685,1436608709703,0.6655881,9.856929,2.7281928
5686,1436608709723,0.641646,9.853935,2.7311857
5687,1436608709743,0.62608373,9.846753,2.735974
5688,1436608709763,0.6392518,9.858126,2.7419596
5689,1436608709780,0.6548142,9.845556,2.7868507
5690,1436608709806,0.7062895,9.861118,2.7766755
5691,1436608709823,0.712275,9.890448,2.7539306
5692,1436608709843,0.6769605,9.873089,2.7527335
5693,1436608709861,0.65062433,9.856929,2.7635074
5694,1436608709881,0.61052144,9.8276,2.7605145
5695,1436608709903,0.59974754,9.861118,2.789245
5696,1436608709921,0.60932434,9.816826,2.778471
5697,1436608709941,0.62249243,9.814431,2.7688942
5698,1436608709962,0.62847793,9.816826,2.791639
5699,1436608709980,0.63087213,9.840169,2.7982233
5700,1436608710001,0.6290765,9.841366,2.7862523
5701,1436608710021,0.61650693,9.835381,2.7754784
5702,1436608710041,0.5907693,9.836577,2.7994204
5703,1436608710153,0.55844754,9.835381,2.7886465
5704,1436608710154,0.56203884,9.838373,2.7820623
5705,1436608710155,0.54288524,9.832987,2.7964275
5706,1436608710156,0.5650316,9.833585,2.7988217
5707,1436608710157,0.5530606,9.850943,2.7820623
5708,1436608710169,0.55844754,9.837775,2.7928362
5709,1436608710181,0.5267244,9.846154,2.801216
5710,1436608710201,0.51235914,9.826403,2.7994204
5711,1436608710220,0.5243302,9.858126,2.791639
5712,1436608710241,0.4782418,9.873089,2.778471
5713,1436608710260,0.50278234,9.849746,2.7976246
5714,1436608710282,0.47465047,9.836577,2.814384
5715,1436608710308,0.47285482,9.835979,2.813187
5716,1436608710321,0.45070848,9.854534,2.8083985
5717,1436608710341,0.4225766,9.865308,2.8018146
5718,1436608710364,0.4213795,9.844957,2.7988217
5719,1436608710381,0.42796355,9.818023,2.7982233
5720,1436608710403,0.41718966,9.827001,2.8275523
5721,1436608710421,0.38307226,9.866506,2.80361
5722,1436608710443,0.33997664,9.84795,2.790442
5723,1436608710464,0.33877954,9.837775,2.8161798
5724,1436608710482,0.36272156,9.826403,2.815581
5725,1436608710504,0.3585317,9.825804,2.8119898
5726,1436608710524,0.3513491,9.8276,2.8179753
5727,1436608710543,0.3693056,9.83957,2.8161798
5728,1436608710561,0.36750996,9.850345,2.8060043
5729,1436608710582,0.33159694,9.813833,2.8532898
5730,1436608710606,0.29867667,9.827001,2.8592753
5731,1436608710627,0.24959552,9.817424,2.8443117
5732,1436608710643,0.21428105,9.809643,2.843713
5733,1436608710661,0.19931729,9.785701,2.8275523
5734,1436608710681,0.16400282,9.778519,2.8125885
5735,1436608710701,0.12689269,9.785102,2.830545
5736,1436608710727,0.08080431,9.768343,2.8491
5737,1436608710743,0.076614454,9.784504,2.8419175
5738,1436608710763,0.04249708,9.791088,2.870648
5739,1436608710782,-0.007182605,9.802461,2.879626
5740,1436608710806,-0.0724246,9.812635,2.8616695
5741,1436608710922,-0.095169514,9.862914,2.8939912
5742,1436608710923,-0.1340753,9.8916445,2.961029
5743,1436608710924,-0.15741876,9.889849,2.961029
5744,1436608710925,-0.22146365,9.900024,2.9340942
5745,1436608710926,-0.26635495,9.76116,2.8754363
5746,1436608710927,-0.28431144,9.786898,2.8455088
5747,1436608710944,-0.25917232,9.790489,2.8179753
5748,1436608710962,-0.2220622,9.770737,2.8383262
5749,1436608710986,-0.16220717,9.824008,2.873042
5750,1436608711001,-0.11911154,9.834184,2.8766334
5751,1436608711021,-0.077213004,9.855731,2.8999767
5752,1436608711045,-0.0664391,9.871892,2.9047651
5753,1436608711062,-0.06823475,9.884461,2.8886044
5754,1436608711081,-0.11492168,9.8515415,2.8820202
5755,1436608711101,-0.17238252,9.865308,2.873042
5756,1436608711123,-0.24480712,9.856929,2.8712463
5757,1436608711144,-0.35075054,9.873688,2.8526914
5758,1436608711165,-0.415394,9.882666,2.885013
5759,1436608711185,-0.45908818,9.873089,2.8927941
5760,1436608711204,-0.4985925,9.88925,2.919729
5761,1436608711222,-0.4842273,9.868899,2.920926
5762,1436608711243,-0.45848963,9.871294,2.919729
5763,1436608711264,-0.42317516,9.877279,2.9466639
5764,1436608711285,-0.415394,9.907805,2.944868
5765,1436608711304,-0.4441244,9.880272,2.92751
5766,1436608711325,-0.46806642,9.841366,2.915539
5767,1436608711343,-0.4842273,9.749788,2.9251158
5768,1436608711362,-0.46627077,9.737817,2.9317
5769,1436608711386,-0.4177882,9.7563715,2.9011738
5770,1436608711405,-0.3597288,9.77373,2.907758
5771,1436608711425,-0.3226187,9.807847,2.9388826
5772,1436608711443,-0.3298013,9.824008,2.9574378
5773,1436608711464,-0.32800564,9.81503,2.9765913
5774,1436608711485,-0.35254622,9.738416,2.9801826
5775,1436608711504,-0.3788824,9.745598,2.995745
5776,1436608711525,-0.40102878,9.7563715,2.9759927
5777,1436608711545,-0.43275195,9.74859,2.9484594
5778,1436608711564,-0.47046062,9.791686,2.9215245
5779,1436608711585,-0.46806642,9.759963,2.9257145
5780,1436608711605,-0.47165772,9.725846,2.9538465
5781,1436608711624,-0.47405192,9.824008,2.9897594
5782,1436608711703,-0.5177461,9.776124,2.9442697
5783,1436608711704,-0.54288524,9.812635,2.9251158
5784,1436608711705,-0.5398925,9.858126,2.8963854
5785,1436608711706,-0.5542577,9.862914,2.8592753
5786,1436608711725,-0.5315128,9.845556,2.8616695
5787,1436608711745,-0.51475334,9.858126,2.866458
5788,1436608711762,-0.46028528,9.883863,2.858677
5789,1436608711787,-0.45070848,9.96347,2.8473043
5790,1436608711813,-0.48362875,9.937134,2.806603
5791,1436608711824,-0.3453636,9.830592,2.8161798
5792,1436608711842,-0.16220717,9.881469,2.842516
5793,1436608711863,-0.108337626,9.878476,2.8449101
5794,1436608711882,-0.1376666,9.917382,2.7760768
5795,1436608711906,-0.21188685,9.956287,2.7575219
5796,1436608711925,-0.2896984,9.940725,2.7389667
5797,1436608711945,-0.33877954,9.911396,2.7234044
5798,1436608711966,-0.34356794,9.9233675,2.7311857
5799,1436608711984,-0.3172317,9.932944,2.7641058
5800,1436608712005,-0.24899697,9.937134,2.7994204
5801,1436608712026,-0.18195933,9.969456,2.854487
5802,1436608712045,-0.09696517,9.935937,2.8880057
5803,1436608712065,-0.074220255,9.8683,2.9233203
5804,1436608712082,0.031124622,9.811439,2.9191303
5805,1436608712105,0.108936176,9.820416,2.8892028
5806,1436608712126,0.13587095,9.792884,2.882619
5807,1436608712145,0.12210429,9.737218,2.8592753
5808,1436608712165,0.11611878,9.753978,2.8736405
5809,1436608712185,0.14903906,9.642049,2.9532478
5810,1436608712203,0.17896658,9.567828,2.9801826
5811,1436608712228,0.23403321,9.565434,2.9520507
5812,1436608712243,0.33518824,9.653421,2.961029
5813,1436608712265,0.39504328,9.674969,2.9945478
5814,1436608712285,0.46148238,9.702502,2.973
5815,1436608712305,0.5129577,9.712678,2.9819782
5816,1436608712324,0.53450555,9.723452,2.9514523
5817,1436608712352,0.5189432,9.807847,2.9346926
5818,1436608712363,0.48362875,9.856929,2.8856115
5819,1436608712409,0.439336,9.912594,2.8622682
5820,1436608712410,0.43993455,9.821614,2.9592333
5821,1436608712430,0.4405331,9.858126,3.0220811
5822,1436608712443,0.40701428,10.005967,2.9867666
5823,1436608712471,0.28790274,10.010158,2.9454668
5824,1436608712485,0.18734628,9.913192,2.9364884
5825,1436608712504,0.15442601,9.841366,2.8562827
5826,1436608712527,0.14425065,9.862914,2.791639
5827,1436608712543,0.09756372,9.955689,2.7491422
5828,1436608712564,0.09876082,9.967062,2.777274
5829,1436608712583,0.09876082,9.999982,2.7736826
5830,1436608712606,0.055066638,10.127473,2.7341783
5831,1436608712623,0.038905777,10.123283,2.7832594
5832,1436608712646,0.018555064,10.041282,2.7928362
5833,1436608712666,0.035314474,9.909601,2.8299465
5834,1436608712685,-0.008379706,9.808446,2.879626
5835,1436608712706,0.008978256,9.849746,2.8892028
5836,1436608712726,-0.050876785,9.857527,2.8658595
5837,1436608712746,-0.10654198,9.809643,2.9173348
5838,1436608712766,-0.16938977,9.832388,2.943671
5839,1436608712786,-0.20171149,9.919178,2.9604304
5840,1436608712806,-0.2837129,9.887454,2.9239187
5841,1436608712824,-0.35673606,9.84795,2.9454668
5842,1436608712846,-0.44352585,9.825205,3.0172927
5843,1436608712866,-0.46806642,9.77792,3.0017304
5844,1436608712887,-0.41060558,9.788693,3.0119057
5845,1436608712906,-0.3196259,9.80665,3.0125043
5846,1436608712926,-0.25139117,9.75697,3.0172927
5847,1436608712946,-0.15442601,9.7641535,3.056797
5848,1436608712966,-0.023343466,9.745,3.1477766
5849,1436608712985,0.12030864,9.687539,3.2040405
5850,1436608713007,0.20350714,9.688736,3.2914288
5851,1436608713031,0.14425065,9.686341,3.25372
5852,1436608713049,0.03232172,9.691729,3.2315738
5853,1436608713065,-0.032920275,9.617508,3.217807
5854,1436608713156,-0.10115502,9.586384,3.192668
5855,1436608713157,-0.10474633,9.510367,3.2441432
5856,1436608713158,-0.12330139,9.502586,3.2465374
5857,1436608713159,-0.2160767,9.522339,3.1747115
5858,1436608713174,-0.30107087,9.463681,3.1794999
5859,1436608713183,-0.36391866,9.569624,3.378817
5860,1436608713213,-0.44113165,9.812635,3.6110547
5861,1436608713226,-0.6290765,9.825804,3.7523127
5862,1436608713243,-0.86370826,9.786898,3.8492777
5863,1436608713263,-0.86011696,9.8677025,3.8163576
5864,1436608713286,-0.6266823,9.6767645,3.7361517
5865,1436608713308,-0.3890578,9.598354,3.6649241
5866,1436608713327,-0.15083471,9.360131,3.6284127
5867,1436608713344,0.17118542,9.045893,3.66253
5868,1436608713363,0.23702596,9.234436,3.6379895
5869,1436608713386,0.17657238,9.269751,3.5769374
5870,1436608713406,0.24720132,9.129689,3.6990416
5871,1436608713427,0.1352724,9.174581,3.8546648
5872,1436608713447,-0.11731588,9.481637,3.9965212
5873,1436608713467,-0.40402153,9.503783,3.9234982
5874,1436608713487,-0.5141548,9.396643,3.8534677
5875,1436608713507,-0.42916065,9.400234,3.8534677
5876,1436608713527,-0.18674773,9.531317,3.9761705
5877,1436608713547,-0.12868834,9.416994,3.9234982
5878,1436608713564,-0.05566519,9.152434,3.816956
5879,1436608713587,0.012569559,9.36073,3.5063083
5880,1436608713607,-0.093972415,9.52174,3.3572693
5881,1436608713626,-0.2693477,9.505579,3.4745853
5882,1436608713646,-0.4297592,9.5253315,3.570952
5883,1436608713667,-0.5482722,9.357139,3.5649664
5884,1436608713687,-0.52732295,9.339182,3.413533
5885,1436608713706,-0.41599256,9.502586,3.41892
5886,1436608713727,-0.049081136,9.758766,3.503914
5887,1436608713748,0.39923313,9.813234,3.6056678
5888,1436608713781,0.6853402,9.817424,3.6206315
5889,1436608713787,0.7200562,9.910199,3.4566288
5890,1436608713804,0.6440403,9.900622,3.2878375
5891,1436608713824,0.45130703,9.816227,3.17531
5892,1436608713862,0.20051439,9.726444,3.1334114
5893,1436608713872,0.08200141,9.801263,3.0298622
5894,1436608713887,0.062249243,9.930551,2.9933507
5895,1436608713904,0.1376666,9.780912,3.2130187
5896,1436608713927,0.30346507,9.829395,3.163339
5897,1436608713944,0.44592008,9.841965,3.1334114
5898,1436608713964,0.65541273,9.753978,3.1082723
5899,1436608713984,0.9175778,9.94312,3.0178912
5900,1436608714005,1.0414777,10.139444,2.8652608
5901,1436608714033,1.1426327,9.999982,2.8113914
5902,1436608714046,1.3078327,9.800066,2.8299465
5903,1436608714064,1.395221,9.704298,2.8191724
5904,1436608714088,1.5209166,9.731832,2.7712884
5905,1436608714104,1.6962919,9.673173,2.7389667
5906,1436608714137,1.8010383,9.606734,2.8083985
5907,1436608714145,1.882441,9.639654,2.8568811
5908,1436608714165,1.8986019,9.603742,2.944868
5909,1436608714185,1.905186,9.60015,2.9293058
5910,1436608714207,1.8920178,9.730036,2.7820623
5911,1436608714225,1.8513165,9.704298,2.7168205
5912,1436608714246,1.8112136,9.661801,2.754529
5913,1436608714265,1.7764976,9.659407,2.7988217
5914,1436608714287,1.7537527,9.5732155,2.8383262
5915,1436608714306,1.7256209,9.700109,2.7724855
5916,1436608714326,1.8620903,9.859921,2.5677812
5917,1436608714346,2.03567,9.76116,2.5420437
5918,1436608714369,2.1559787,9.776124,2.6426
5919,1436608714386,2.3169887,9.948506,2.6821043
5920,1436608714410,2.475006,9.895834,2.6617537
5921,1436608714427,2.5623944,9.759365,2.586935
5922,1436608714446,2.5683799,9.6923275,2.5863364
5923,1436608714465,2.5833437,9.780912,2.4959552
5924,1436608714487,2.6503813,9.816826,2.381632
5925,1436608714505,2.6856956,9.701305,2.3852234
5926,1436608714529,2.7581203,9.632472,2.4600422
5927,1436608714592,2.815581,9.639654,2.544438
5928,1436608714593,2.743755,9.644443,2.5594015
5929,1436608714594,2.5803509,9.729437,2.5623944
5930,1436608714605,2.3187842,9.709086,2.6013002
5931,1436608714627,2.0470424,9.713276,2.6132712
5932,1436608714660,1.7764976,9.773131,2.5594015
5933,1436608714665,1.5634137,9.7719345,2.4624364
5934,1436608714685,1.4634558,9.7240505,2.3780408
5935,1436608714708,1.3970166,9.722853,2.415151
5936,1436608714726,1.3694834,9.73662,2.4827871
5937,1436608714746,1.3186066,9.654019,2.533664
5938,1436608714766,1.3365631,9.64145,2.5582044
5939,1436608714785,1.3425486,9.668385,2.5474305
5940,1436608714808,1.340753,9.64983,2.5025394
5941,1436608714828,1.3413515,9.631275,2.509722
5942,1436608714848,1.3311762,9.714474,2.56419
5943,1436608714867,1.2336124,9.706693,2.6431987
5944,1436608714887,1.1827357,9.752182,2.6647465
5945,1436608714907,1.043872,9.902418,2.6809072
5946,1436608714927,0.81163436,10.000581,2.705448
5947,1436608714946,0.4854244,10.064626,2.7659016
5948,1436608714967,0.108337626,10.08737,2.7712884
5949,1436608714986,-0.19033903,9.981427,2.795829
5950,1436608715007,-0.31902736,9.913192,2.7617116
5951,1436608715031,-0.29388827,9.974244,2.6437972
5952,1436608715047,-0.17776948,9.89763,2.6234465
5953,1436608715072,-0.061052144,9.8437605,2.7012582
5954,1436608715088,0.062249243,9.856929,2.7084408
5955,1436608715111,0.20709845,9.827001,2.7760768
5956,1436608715126,0.504578,9.847352,2.8263552
5957,1436608715148,0.81402856,9.883863,2.8341362
5958,1436608715167,1.0259154,9.777321,2.9819782
5959,1436608715186,1.0905589,9.68275,3.0843303
5960,1436608715215,1.0462662,9.633071,3.120842
5961,1436608715271,0.88765025,9.648633,3.0573955
5962,1436608715272,0.7673417,9.689334,3.0591912
5963,1436608715273,0.6218939,9.751583,3.0101101
5964,1436608715290,0.40940848,9.745,3.0346506
5965,1436608715307,0.14305355,9.726444,3.0005333
5966,1436608715326,-0.08379706,9.7402115,2.9550436
5967,1436608715345,-0.24061728,9.7803135,2.843713
5968,1436608715365,-0.3250129,9.822811,2.7611132
5969,1436608715388,-0.3669114,9.8198185,2.7629087
5970,1436608715407,-0.30346507,9.888652,2.8275523
5971,1436608715427,-0.2124854,9.812037,2.9831753
5972,1436608715447,-0.15203181,9.77373,3.0591912
5973,1436608715468,-0.08140286,9.755774,3.0813377
5974,1436608715486,-0.06404489,9.809045,3.027468
5975,1436608715509,-0.044891283,9.76535,2.983774
5976,1436608715529,-0.034715924,9.8276,2.996942
5977,1436608715549,-0.022744916,9.862315,2.9903579
5978,1436608715569,-0.05566519,9.868899,2.9885623
5979,1436608715589,-0.09995792,9.901819,2.961029
5980,1436608715609,-0.15143326,9.791686,2.92751
5981,1436608715629,-0.13706805,9.888053,2.9334955
5982,1436608715649,-0.14784196,10.080787,2.9813797
5983,1436608715667,-0.23822308,9.937733,3.0053217
5984,1436608715689,-0.25617957,9.861717,3.0178912
5985,1436608715709,-0.2837129,9.827001,2.9855695
5986,1436608715728,-0.33159694,9.728839,2.9334955
5987,1436608715748,-0.3812766,9.703101,2.920926
5988,1436608715769,-0.40162733,9.755175,2.9352913
5989,1436608715790,-0.4201824,9.743204,2.9939492
5990,1436608715811,-0.38486794,9.785102,3.0184898
5991,1436608715832,-0.35075054,9.768942,3.067571
5992,1436608715846,-0.29807812,9.800665,3.103484
5993,1436608715868,-0.3172317,9.81084,3.0753522
5994,1436608715888,-0.28491,9.794081,3.0885203
5995,1436608715908,-0.29269117,9.79827,3.0681696
5996,1436608715926,-0.2813187,9.7641535,2.9987376
5997,1436608715947,-0.272939,9.639654,3.0280666
5998,1436608716135,-0.24779987,9.677961,3.007716
5999,1436608716136,-0.18016368,9.743802,2.9059622
6000,1436608716137,-0.017357962,9.726444,2.9418752
6001,1436608716138,0.15382746,9.751583,2.9855695
6002,1436608716139,0.40701428,10.005369,2.8909986
6003,1436608716140,0.7194576,9.999383,2.80361
6004,1436608716141,1.0372878,9.91439,2.8407204
6005,1436608716142,1.2378023,9.709685,3.0759506
6006,1436608716143,1.1450269,9.690532,3.2429461
6007,1436608716166,0.84096336,9.844957,3.1543608
6008,1436608716167,0.4225766,9.865907,2.956839
6009,1436608716186,0.010773907,9.866506,2.902371
6010,1436608716207,-0.3489549,9.841366,2.825158
6011,1436608716228,-0.57999533,9.841366,2.7048495
6012,1436608716251,-0.65062433,9.835979,2.6527755
6013,1436608716267,-0.65421563,9.882068,2.594716
6014,1436608716288,-0.5315128,10.022727,2.5432408
6015,1436608716307,-0.41000703,10.024523,2.545635
6016,1436608716331,-0.40581718,9.910199,2.570774
6017,1436608716349,-0.40821138,9.904813,2.582745
6018,1436608716369,-0.37588966,9.8683,2.658761
6019,1436608716389,-0.31423897,9.861717,2.6964695
6020,1436608716410,-0.24540567,9.83957,2.7569232
6021,1436608716431,-0.17477672,9.89763,2.7832594
6022,1436608716450,-0.075417355,10.01315,2.7617116
6023,1436608716470,0.11252748,10.063428,2.7934349
6024,1436608716487,0.24540567,10.102933,2.7808652
6025,1436608716510,0.37948096,10.184336,2.7748797
6026,1436608716531,0.52732295,10.156802,2.8107927
6027,1436608716552,0.7469909,9.937134,2.895787
6028,1436608716568,0.96546185,9.721656,2.9999347
6029,1436608716590,1.0989386,9.614515,3.1016884
6030,1436608716609,1.0755951,9.693524,3.032855
6031,1436608716660,0.96905315,9.688137,2.9538465
6032,1436608716661,0.88286185,9.598354,2.9346926
6033,1436608716667,0.82001406,9.616311,2.9622262
6034,1436608716689,0.7721301,9.68275,2.9933507
6035,1436608716710,0.694917,9.750386,2.979584
6036,1436608716726,0.54049104,9.7719345,2.995745
6037,1436608716749,0.41838676,9.808446,3.0597897
6038,1436608716817,0.26036942,9.844358,3.0597897
6039,1436608716818,0.10654198,9.776723,3.031658
6040,1436608716819,0.01436521,9.730036,3.0561984
6041,1436608716827,-0.018555064,9.697116,3.1226375
6042,1436608716852,-0.0047884034,9.68275,3.1226375
6043,1436608716867,-0.010175358,9.672575,3.122039
6044,1436608716887,0.018555064,9.753978,3.086126
6045,1436608716909,0.08439561,9.759365,3.071761
6046,1436608716927,0.14604631,9.713875,3.116652
6047,1436608716948,0.20171149,9.685144,3.181894
6048,1436608716971,0.21188685,9.691729,3.1741128
6049,1436608716987,0.15442601,9.710882,3.1465795
6050,1436608717009,0.05267244,9.759365,3.0789435
6051,1436608717034,0.061650693,9.825205,3.0376434
6052,1436608717048,0.11971009,9.835979,3.028665
6053,1436608717069,0.20649989,9.825205,3.0621839
6054,1436608717089,0.28311434,9.743204,3.1244333
6055,1436608717109,0.3286042,9.764751,3.1639376
6056,1436608717130,0.33399114,9.755774,3.153762
6057,1436608717150,0.29628247,9.800665,3.110068
6058,1436608717170,0.28491,9.730635,3.0819361
6059,1436608717190,0.28491,9.643246,3.13401
6060,1436608717207,0.28670564,9.691729,3.1962593
6061,1436608717230,0.26156655,9.716867,3.177704
6062,1436608717251,0.2124854,9.670779,3.2076318
6063,1436608717269,0.17776948,9.644443,3.2369606
6064,1436608717290,0.17477672,9.631873,3.2680852
6065,1436608717310,0.15622166,9.673173,3.210026
6066,1436608717331,0.12509704,9.642049,3.1902738
6067,1436608717351,0.06823475,9.704298,3.1842883
6068,1436608717371,-0.010175358,9.758766,3.1603463
6069,1436608717390,-0.03172317,9.7719345,3.1555579
6070,1436608717409,-0.10414778,9.765948,3.1717186
6071,1436608717429,-0.16220717,9.721058,3.1663318
6072,1436608717449,-0.20290859,9.67018,3.1585505
6073,1436608717468,-0.26755205,9.709685,3.0963013
6074,1436608717488,-0.30945057,9.763555,3.0753522
6075,1436608717553,-0.2837129,9.802461,3.0597897
6076,1436608717554,-0.26635495,9.782109,3.0974984
6077,1436608717555,-0.25378537,9.767744,3.122039
6078,1436608717567,-0.272939,9.7641535,3.1064768
6079,1436608717587,-0.34715924,9.774927,3.0819361
6080,1436608717608,-0.36391866,9.765948,3.0573955
6081,1436608717629,-0.3561375,9.788693,3.0376434
6082,1436608717650,-0.3728969,9.778519,3.0095115
6083,1436608717668,-0.36990416,9.755774,3.0178912
6084,1436608717689,-0.36750996,9.75697,3.0184898
6085,1436608717709,-0.427365,9.759365,3.0364463
6086,1436608717728,-0.47285482,9.768343,3.0256724
6087,1436608717749,-0.48362875,9.783307,2.9741971
6088,1436608717770,-0.5410896,9.7863,2.9771898
6089,1436608717790,-0.5638345,9.760562,2.9634233
6090,1436608717810,-0.54049104,9.792884,2.9694088
6091,1436608717830,-0.5231331,9.773131,2.9903579
6092,1436608717850,-0.5315128,9.753379,3.0250738
6093,1436608717870,-0.52133745,9.80665,3.0603883
6094,1436608717890,-0.5919664,9.825804,3.0059202
6095,1436608717910,-0.60812724,9.811439,3.0148985
6096,1436608717929,-0.6218939,9.779716,3.020884
6097,1436608717950,-0.6392518,9.765948,3.003526
6098,1436608717971,-0.6135142,9.788095,3.0268695
6099,1436608717991,-0.62847793,9.821015,3.0190883
6100,1436608718039,-0.62967503,9.825804,3.0340521
6101,1436608718040,-0.6254852,9.818622,3.003526
6102,1436608718050,-0.6392518,9.779117,3.0238767
6103,1436608718110,-0.688333,9.754577,2.991555
6104,1436608718111,-0.717662,9.724648,2.9951463
6105,1436608718112,-0.76434886,9.735423,2.984971
6106,1436608718128,-0.7661445,9.730036,2.9933507
6107,1436608718148,-0.6979098,9.697116,3.0298622
6108,1436608718168,-0.641646,9.694122,3.0699651
6109,1436608718188,-0.587178,9.737817,3.0735564
6110,1436608718208,-0.5117606,9.773131,3.1052797
6111,1436608718231,-0.4321534,9.797672,3.1226375
6112,1436608718248,-0.3728969,9.837775,3.144784
6113,1436608718269,-0.32680854,9.832388,3.140594
6114,1436608718288,-0.30645782,9.822811,3.1591492
6115,1436608718309,-0.31783026,9.818622,3.1495724
6116,1436608718438,-0.3274071,9.828796,3.1268275
6117,1436608718439,-0.3369839,9.811439,3.1429882
6118,1436608718440,-0.3561375,9.783905,3.1022868
6119,1436608718441,-0.41299978,9.802461,3.1082723
6120,1436608718442,-0.4878186,9.767146,3.1124623
6121,1436608718443,-0.56802434,9.765948,3.1316159
6122,1436608718458,-0.59017074,9.808446,3.1214404
6123,1436608718468,-0.66738373,9.79827,3.1495724
6124,1436608718488,-0.682946,9.796474,3.1669302
6125,1436608718508,-0.7068881,9.774328,3.1423898
6126,1436608718529,-0.7092823,9.760562,3.1399956
6127,1436608718550,-0.6781576,9.743802,3.1352072
6128,1436608718569,-0.64703304,9.739014,3.1280246
6129,1436608718592,-0.62368953,9.746795,3.09271
6130,1436608718612,-0.53689975,9.744401,3.0801406
6131,1436608718629,-0.46327803,9.727043,3.0998926
6132,1436608718652,-0.37588966,9.7324295,3.086126
6133,1436608718672,-0.30645782,9.728839,3.0897174
6134,1436608718690,-0.25438392,9.731233,3.091513
6135,1436608718712,-0.21428105,9.77373,3.1022868
6136,1436608718731,-0.22924481,9.74859,3.1082723
6137,1436608718749,-0.24061728,9.733028,3.098097
6138,1436608718771,-0.26635495,9.743204,3.0753522
6139,1436608718791,-0.2669535,9.739014,3.072958
6140,1436608718813,-0.28191724,9.716867,3.0843303
6141,1436608718833,-0.25677812,9.728839,3.0621839
6142,1436608718850,-0.26156655,9.764751,3.0508115
6143,1436608718870,-0.21667525,9.774927,3.052607
6144,1436608718888,-0.19752164,9.783905,3.0585926
6145,1436608718909,-0.16879122,9.74859,3.0502129
6146,1436608718929,-0.1400608,9.733028,3.0029275
6147,1436608718948,-0.08499416,9.751583,3.0178912
6148,1436608718968,-0.0035913025,9.750386,3.0005333
6149,1436608718989,0.07062895,9.739613,3.0017304
6150,1436608719009,0.17238252,9.757569,3.0178912
6151,1436608719028,0.25558102,9.757569,3.0017304
6152,1436608719049,0.28311434,9.758766,2.984971
6153,1436608719089,0.3669114,9.758167,2.9293058
6154,1436608719090,0.46327803,9.761759,2.9550436
6155,1436608719110,0.5554548,9.762358,2.943671
6156,1436608719129,0.65301853,9.767744,2.9334955
6157,1436608719149,0.7517793,9.7719345,2.9083564
6158,1436608719169,0.8379706,9.798869,2.9412768
6159,1436608719190,0.9115923,9.810242,2.9496565
6160,1436608719210,0.94570965,9.776124,2.919729
6161,1436608719231,0.9367314,9.776723,2.8886044
6162,1436608719252,0.93014735,9.715072,2.7898436
6163,1436608719270,1.0055647,9.713875,2.846706
6164,1436608719292,0.92296475,9.8916445,2.8592753
6165,1436608719309,0.6679823,9.877877,2.9179332
6166,1436608719329,0.30585927,9.962872,2.9741971
6167,1436608719350,-0.076015905,9.982624,3.0083144
6168,1436608719373,-0.3286042,9.960478,2.966416
6169,1436608719393,-0.4357447,9.830592,2.9562407
6170,1436608719413,-0.34117374,9.787497,2.9855695
6171,1436608719430,-0.110731825,9.788693,3.0041246
6172,1436608719450,0.1945289,9.753978,2.9221232
6173,1436608719470,0.504578,9.743204,2.895787
6174,1436608719490,0.80684596,9.779117,2.9107506
6175,1436608719511,1.0289081,9.77373,2.9406781
6176,1436608719530,1.1085154,9.789292,2.9747956
6177,1436608719595,1.1121067,9.757569,3.0101101
6178,1436608719596,1.0755951,9.721656,3.004723
6179,1436608719597,0.9840169,9.753379,3.0065188
6180,1436608719610,0.8834604,9.730635,2.9759927
6181,1436608719632,0.7589619,9.721656,2.930503
6182,1436608719649,0.670975,9.779117,2.9011738
6183,1436608719670,0.6147113,9.750386,2.9095535
6184,1436608719690,0.60214174,9.74859,2.902371
6185,1436608719711,0.6332663,9.765948,2.9370868
6186,1436608719735,0.66020113,9.800665,2.9634233
6187,1436608719751,0.7086837,9.818023,2.9670146
6188,1436608719772,0.6901286,9.812635,2.9430726
6189,1436608719793,0.6015432,9.829993,2.8760347
6190,1436608719813,0.46208093,9.752182,2.8161798
6191,1436608719833,0.30466217,9.683948,2.818574
6192,1436608719853,0.16579847,9.718064,2.8048072
6193,1436608719873,0.010175358,9.710882,2.823961
6194,1436608719890,-0.10354923,9.75697,2.878429
6195,1436608719913,-0.16699557,9.846154,2.9646204
6196,1436608719933,-0.21308395,9.865308,2.9993362
6197,1436608719953,-0.22625206,9.870695,2.9933507
6198,1436608719971,-0.17956513,9.803059,3.0376434
6199,1436608719992,-0.14664486,9.749189,3.0071173
6200,1436608720011,-0.090381116,9.683349,2.9897594
6201,1436608720032,-0.077213004,9.662998,2.9532478
6202,1436608720052,-0.0688333,9.683349,2.9352913
6203,1436608720071,-0.08678981,9.74859,2.9370868
6204,1436608720096,-0.1352724,9.824607,2.9622262
6205,1436608720114,-0.22565351,9.871294,2.9765913
6206,1436608720130,-0.35194764,9.888652,2.9975405
6207,1436608720151,-0.4890157,9.898229,2.9340942
6208,1436608720171,-0.5758055,9.888053,2.9161377
6209,1436608720190,-0.6452374,9.881469,2.8778305
6210,1436608720210,-0.6560113,9.869498,2.8491
6211,1436608720233,-0.6715736,9.87668,2.8646624
6212,1436608720254,-0.741604,9.842564,2.8748376
6213,1436608720322,-0.79846627,9.882068,2.8694508
6214,1436608720323,-0.82480246,9.944317,2.8508956
6215,1436608720324,-0.83617496,9.89344,2.8592753
6216,1436608720330,-0.7846996,9.853337,2.9137435
6217,1436608720357,-0.7751228,9.834184,2.9137435
6218,1436608720392,-0.7751228,9.871294,2.883816
6219,1436608720393,-0.75118077,9.817424,2.8927941
6220,1436608720426,-0.7086837,9.820416,2.885013
6221,1436608720430,-0.6338649,9.808446,2.9047651
6222,1436608720452,-0.6051345,9.80665,2.9173348
6223,1436608720471,-0.50996494,9.782109,2.914342
6224,1436608720493,-0.44891283,9.791088,2.9173348
6225,1436608720511,-0.42317516,9.800665,2.919729
6226,1436608720533,-0.41240123,9.799467,2.9287071
6227,1436608720553,-0.41838676,9.775525,2.8999767
6228,1436608720574,-0.41838676,9.775525,2.9113493
6229,1436608720592,-0.40043023,9.758167,2.919729
6230,1436608720614,-0.39085343,9.75697,2.9071593
6231,1436608720631,-0.40222588,9.7803135,2.9107506
6232,1436608720653,-0.4225766,9.805453,2.9340942
6233,1436608720674,-0.44232875,9.800066,2.9502552
6234,1436608720692,-0.46986207,9.824607,2.9819782
6235,1436608720713,-0.48003745,9.853935,2.9777884
6236,1436608720737,-0.49559975,9.901819,2.9891608
6237,1436608720753,-0.53330845,9.922769,3.0029275
6238,1436608720771,-0.6051345,9.93474,2.9909565
6239,1436608720791,-0.6787562,9.841366,2.9257145
6240,1436608720815,-0.7170634,9.749189,2.8263552
6241,1436608720836,-0.6877344,9.6923275,2.7880478
6242,1436608720855,-0.62967503,9.661801,2.7928362
6243,1436608720874,-0.55246204,9.716867,2.8724434
6244,1436608720891,-0.51235914,9.800066,2.907758
6245,1436608720911,-0.47345337,9.791686,2.9370868
6246,1436608720932,-0.3764882,9.826403,2.9508536
6247,1436608720980,-0.29987377,9.859921,2.939481
6248,1436608721098,-0.24061728,9.791686,2.9634233
6249,1436608721099,-0.12569559,9.774328,2.9520507
6250,1436608721100,-0.11552023,9.75697,2.9251158
6251,1436608721101,-0.11492168,9.743204,2.9059622
6252,1436608721104,-0.12270284,9.746795,2.8898015
6253,1436608721105,-0.12629414,9.768343,2.8975825
6254,1436608721106,-0.12330139,9.760562,2.9095535
6255,1436608721119,-0.12569559,9.788095,2.9215245
6256,1436608721134,-0.10235212,9.81922,2.9322984
6257,1436608721152,-0.089184016,9.847352,2.9460652
6258,1436608721171,-0.09816227,9.884461,2.9616275
6259,1436608721194,-0.095768064,9.89763,2.9334955
6260,1436608721212,-0.09995792,9.91798,2.9502552
6261,1436608721233,-0.11492168,9.888652,2.92751
6262,1436608721251,-0.13108255,9.865308,2.9179332
6263,1436608721281,-0.12569559,9.833585,2.895787
6264,1436608721293,-0.12509704,9.812635,2.8963854
6265,1436608721313,-0.10654198,9.822212,2.8820202
6266,1436608721333,-0.07182605,9.824008,2.8688521
6267,1436608721353,-0.05207389,9.840768,2.8802247
6268,1436608721374,-0.029927522,9.822212,2.896984
6269,1436608721394,-0.0023942017,9.812635,2.8963854
6270,1436608721414,0.006584055,9.81503,2.8778305
6271,1436608721434,0.006584055,9.861717,2.8443117
6272,1436608721455,-0.004189853,9.847352,2.8491
6273,1436608721473,-0.017357962,9.871294,2.8652608
6274,1436608721492,-0.030526072,9.8515415,2.8526914
6275,1436608721515,-0.05327099,9.831191,2.8263552
6276,1436608721531,-0.08499416,9.83957,2.8341362
6277,1436608721553,-0.08619126,9.81084,2.8083985
6278,1436608721571,-0.08020575,9.806051,2.7898436
6279,1436608721594,-0.053869538,9.777321,2.7802668
6280,1436608721618,-0.022744916,9.779117,2.7844565
6281,1436608721634,-0.023343466,9.831191,2.802413
6282,1436608721655,-0.024540568,9.82341,2.782661
6283,1436608721673,-0.04249708,9.881469,2.7605145
6284,1436608721691,-0.013766659,9.8916445,2.789245
6285,1436608721711,0.018555064,9.928755,2.7964275
6286,1436608721734,-0.025139118,9.953295,2.7898436
6287,1436608721752,-0.075417355,9.983223,2.7527335
6288,1436608721801,-0.15382746,9.920973,2.794632
6289,1436608721802,-0.19393034,9.8754835,2.7724855
6290,1436608721822,-0.22146365,9.841366,2.7862523
6291,1436608721832,-0.2220622,9.825205,2.8269536
6292,1436608721855,-0.24540567,9.81503,2.8383262
6293,1436608721872,-0.26994625,9.844358,2.8113914
6294,1436608721893,-0.27353755,9.8994255,2.8389246
6295,1436608721918,-0.24420857,9.913192,2.8508956
6296,1436608721934,-0.15382746,9.974843,2.8580782
6297,1436608721954,-0.04249708,9.9928,2.8329391
6298,1436608721972,0.0700304,9.923966,2.8167782
6299,1436608721996,0.18016368,9.855133,2.794632
6300,1436608722012,0.29388827,9.82341,2.7790697
6301,1436608722033,0.33279404,9.801263,2.7593174
6302,1436608722054,0.38307226,9.805453,2.7503393
6303,1436608722076,0.39025488,9.792285,2.7341783
6304,1436608722095,0.4309563,9.8042555,2.743755
6305,1436608722114,0.4381389,9.814431,2.779668
6306,1436608722135,0.46327803,9.850943,2.7688942
6307,1436608722154,0.4794389,9.886856,2.8030117
6308,1436608722176,0.51355624,9.89763,2.80361
6309,1436608722192,0.5303157,9.862315,2.8060043
6310,1436608722216,0.52612585,9.82341,2.778471
6311,1436608722236,0.51954174,9.798869,2.7515364
6312,1436608722255,0.52732295,9.807847,2.747945
6313,1436608722278,0.5243302,9.812037,2.7880478
6314,1436608722295,0.5177461,9.837775,2.8060043
6315,1436608722315,0.5129577,9.843162,2.7820623
6316,1436608722336,0.51714754,9.874885,2.7659016
6317,1436608722355,0.56203884,9.844957,2.778471
6318,1436608722375,0.5955577,9.840169,2.8042088
6319,1436608722397,0.6398504,9.853935,2.8221653
6320,1436608722416,0.6374562,9.829395,2.8179753
6321,1436608722435,0.6422446,9.822212,2.7940333
6322,1436608722457,0.6147113,9.824008,2.7563248
6323,1436608722508,0.61291564,9.813234,2.7850552
6324,1436608722509,0.635062,9.825205,2.802413
6325,1436608722516,0.6063316,9.863512,2.8107927
6326,1436608722532,0.58418524,9.841366,2.834735
6327,1436608722557,0.51834464,9.83957,2.8101943
6328,1436608722572,0.46627077,9.825804,2.8113914
6329,1436608722592,0.40342298,9.85633,2.802413
6330,1436608722617,0.3866636,9.835381,2.8042088
6331,1436608722633,0.3345897,9.822212,2.7928362
6332,1436608722654,0.3298013,9.867104,2.7994204
6333,1436608722679,0.3393781,9.847352,2.8335378
6334,1436608722693,0.35075054,9.858126,2.8670566
6335,1436608722719,0.3453636,9.834782,2.8772318
6336,1436608722735,0.3357868,9.801263,2.8646624
6337,1436608722755,0.34237084,9.76535,2.8377275
6338,1436608722776,0.3321955,9.725247,2.8485014
6339,1436608722796,0.31543607,9.642049,2.8766334
6340,1436608722816,0.32022446,9.701904,2.9041667
6341,1436608722836,0.29747957,9.8677025,2.9017725
6342,1436608722856,0.20350714,10.037092,2.8682537
6343,1436608722877,0.06284779,10.08318,2.8640637
6344,1436608722896,-0.051475335,10.022727,2.8712463
6345,1436608722914,-0.1328782,9.9790325,2.871845
6346,1436608722936,-0.18734628,9.934141,2.8221653
6347,1436608722956,-0.23822308,9.923966,2.755726
6348,1436608722976,-0.21068975,9.916184,2.7192147
6349,1436608722996,-0.14604631,9.854534,2.7748797
6350,1436608723016,-0.09995792,9.824008,2.866458
6351,1436608723037,-0.094570965,9.834782,2.9101522
6352,1436608723054,-0.12210429,9.88506,2.9119477
6353,1436608723074,-0.130484,9.868899,2.895787
6354,1436608723098,-0.1436521,9.83957,2.9340942
6355,1436608723116,-0.18315643,9.840768,2.9299042
6356,1436608723137,-0.19871874,9.81084,2.915539
6357,1436608723155,-0.22026655,9.792285,2.906561
6358,1436608723176,-0.16639702,9.7641535,2.8880057
6359,1436608723245,-0.090979666,9.726444,2.8939912
6360,1436608723246,-0.060453594,9.725846,2.9053638
6361,1436608723247,0.050876785,9.677961,2.942474
6362,1436608723254,0.13227965,9.67018,2.9442697
6363,1436608723282,0.16819267,9.664195,2.9358897
6364,1436608723295,0.20111294,9.718663,2.8981812
6365,1436608723313,0.17717093,9.719262,2.9239187
6366,1436608723335,0.14664486,9.712079,2.9334955
6367,1436608723353,0.1400608,9.737218,2.9083564
6368,1436608723377,0.10175357,9.722853,2.8886044
6369,1436608723397,0.050876785,9.7240505,2.9029696
6370,1436608723414,0.04309563,9.71986,2.9131448
6371,1436608723433,0.040102877,9.692925,2.9131448
6372,1436608723456,0.055066638,9.718663,2.8939912
6373,1436608723476,0.055066638,9.755774,2.8993783
6374,1436608723496,0.076614454,9.788693,2.9095535
6375,1436608723516,0.107140526,9.766547,2.9299042
6376,1436608723536,0.079008654,9.774328,2.9227216
6377,1436608723558,0.05746084,9.76954,2.8927941
6378,1436608723577,0.0011971008,9.817424,2.8766334
6379,1436608723596,-0.022146367,9.85633,2.859874
6380,1436608723617,-0.02932897,9.884461,2.8898015
6381,1436608723634,-0.017357962,9.885659,2.8927941
6382,1436608723653,-0.019752163,9.911396,2.879626
6383,1436608723676,-0.037708677,9.940725,2.859874
6384,1436608723756,-0.020350715,9.959281,2.8377275
6385,1436608723757,0.012569559,9.938332,2.9041667
6386,1436608723758,-0.0023942017,9.928156,2.8790276
6387,1436608723759,-0.048482586,9.89763,2.8892028
6388,1436608723773,-0.077213004,9.901819,2.8532898
6389,1436608723795,-0.10354923,9.901221,2.8377275
6390,1436608723817,-0.08678981,9.886856,2.8401217
6391,1436608723838,-0.061052144,9.856929,2.8407204
6392,1436608723857,-0.076015905,9.8754835,2.8287494
6393,1436608723877,-0.08678981,9.861717,2.814384
6394,1436608723898,-0.089184016,9.844957,2.7952304
6395,1436608723968,-0.040102877,9.850943,2.7712884
6396,1436608723969,0.012569559,9.846753,2.7952304
6397,1436608723970,0.035314474,9.850345,2.7934349
6398,1436608723980,0.04309563,9.860519,2.8030117
6399,1436608723996,0.047884032,9.891046,2.789245
6400,1436608724017,0.031124622,9.925761,2.7736826
6401,1436608724034,0.021547815,9.917382,2.7814639
6402,1436608724089,0.010773907,9.920973,2.7898436
6403,1436608724090,-0.04189853,9.914988,2.7736826
6404,1436608724095,-0.06464344,9.878476,2.7736826
6405,1436608724114,-0.05327099,9.942521,2.7593174
6406,1436608724138,-0.075417355,9.905411,2.778471
6407,1436608724158,-0.0724246,9.896433,2.7928362
6408,1436608724177,-0.061650693,9.898229,2.7688942
6409,1436608724197,-0.05327099,9.944317,2.765303
6410,1436608724217,-0.030526072,9.954493,2.779668
6411,1436608724237,-0.025139118,9.9473095,2.819771
6412,1436608724257,0.038905777,9.912594,2.8413188
6413,1436608724277,0.054468088,9.888053,2.8508956
6414,1436608724295,0.0664391,9.906608,2.7910407
6415,1436608724317,0.07062895,9.89344,2.7802668
6416,1436608724337,0.06584055,9.892242,2.7862523
6417,1436608724357,0.06584055,9.885659,2.7623103
6418,1436608724376,0.023942016,9.864111,2.7766755
6419,1436608724395,-0.023942016,9.872491,2.7670987
6420,1436608724417,-0.09756372,9.880272,2.742558
6421,1436608724436,-0.16220717,9.8437605,2.7353754
6422,1436608724454,-0.21188685,9.837775,2.7299886
6423,1436608724476,-0.24001873,9.84795,2.7341783
6424,1436608724500,-0.23044191,9.844358,2.7401638
6425,1436608724520,-0.2112883,9.861717,2.746748
6426,1436608724540,-0.1448492,9.879075,2.783858
6427,1436608724565,-0.09995792,9.937134,2.7868507
6428,1436608724574,-0.05267244,9.941922,2.794632
6429,1436608724594,-0.018555064,9.904214,2.7688942
6430,1436608724615,0.053869538,9.847352,2.789245
6431,1436608724642,0.13706805,9.824008,2.7814639
6432,1436608724671,0.17537527,9.813833,2.7736826
6433,1436608724678,0.2220622,9.850345,2.7461493
6434,1436608724699,0.2801216,9.86471,2.7581203
6435,1436608724718,0.30466217,9.888053,2.7641058
6436,1436608724735,0.31244332,9.913791,2.7670987
6437,1436608724755,0.29927522,9.938332,2.7563248
6438,1436608724776,0.30526072,9.919178,2.7449522
6439,1436608724795,0.2813187,9.93474,2.7611132
6440,1436608724819,0.2657564,9.949105,2.730587
6441,1436608724835,0.28311434,9.929353,2.7419596
6442,1436608724855,0.35194764,9.829395,2.7874494
6443,1436608724878,0.49559975,9.81084,2.8365304
6444,1436608724896,0.6003461,9.809045,2.8496985
6445,1436608724915,0.6500258,9.750985,2.7874494
6446,1436608724938,0.6787562,9.717466,2.758719
6447,1436608724958,0.6805518,9.722853,2.7527335
6448,1436608724978,0.6991069,9.67018,2.771887
6449,1436608724998,0.6871359,9.688736,2.8161798
6450,1436608725018,0.6805518,9.674969,2.8526914
6451,1436608725037,0.6895301,9.747394,2.895787
6452,1436608725058,0.65780693,9.791088,2.8886044
6453,1436608725077,0.60094464,9.791686,2.878429
6454,1436608725098,0.5291186,9.809045,2.8670566
6455,1436608725123,0.43634325,9.792884,2.8389246
6456,1436608725138,0.34955344,9.785701,2.8287494
6457,1436608725158,0.30705637,9.770737,2.80361
6458,1436608725178,0.2681506,9.793482,2.7970262
6459,1436608725198,0.23223756,9.803658,2.8269536
6460,1436608725218,0.16879122,9.832388,2.814384
6461,1436608725238,0.11552023,9.824607,2.80361
6462,1436608725258,0.08559271,9.81503,2.7922378
6463,1436608725278,0.05566519,9.840169,2.7970262
6464,1436608725300,0.027533319,9.827001,2.7910407
6465,1436608725317,-0.019752163,9.865308,2.771887
6466,1436608725337,-0.0011971008,9.844957,2.779668
6467,1436608725357,0.022146367,9.81503,2.7880478
6468,1436608725376,0.077811554,9.812037,2.8149827
6469,1436608725396,0.10055647,9.821015,2.837129
6470,1436608725442,0.12509704,9.859921,2.842516
6471,1436608725443,0.1316811,9.880871,2.854487
6472,1436608725462,0.08738836,9.904214,2.8634653
6473,1436608725475,0.04309563,9.879673,2.866458
6474,1436608725502,-0.048482586,9.887454,2.8179753
6475,1436608725517,-0.13347675,9.862914,2.7994204
6476,1436608725537,-0.17836803,9.843162,2.8083985
6477,1436608725558,-0.2160767,9.833585,2.8048072
6478,1436608725576,-0.25198972,9.874287,2.80361
6479,1436608725596,-0.24121583,9.885659,2.7982233
6480,1436608725616,-0.25019407,9.8916445,2.790442
6481,1436608725638,-0.219668,9.887454,2.818574
6482,1436608725656,-0.19812019,9.898229,2.8329391
6483,1436608725680,-0.18614918,9.907207,2.814384
6484,1436608725699,-0.17477672,9.902418,2.7910407
6485,1436608725719,-0.17717093,9.883265,2.7874494
6486,1436608725739,-0.17896658,9.898229,2.7868507
6487,1436608725759,-0.19871874,9.874885,2.7754784
6488,1436608725780,-0.2088941,9.850345,2.7820623
6489,1436608725799,-0.21787235,9.855731,2.743755
6490,1436608725819,-0.20231004,9.855133,2.7563248
6491,1436608725837,-0.19572599,9.862914,2.741361
6492,1436608725857,-0.16759412,9.874287,2.7623103
6493,1436608725879,-0.14903906,9.886856,2.7659016
6494,1436608725898,-0.14784196,9.880871,2.7820623
6495,1436608725916,-0.15023616,9.865907,2.7688942
6496,1436608725938,-0.14963761,9.845556,2.789245
6497,1436608725960,-0.14425065,9.849746,2.7832594
6498,1436608725981,-0.17956513,9.885659,2.7814639
6499,1436608726001,-0.16819267,9.879673,2.7688942
6500,1436608726019,-0.22804771,9.888652,2.7832594
6501,1436608726039,-0.21188685,9.874885,2.7874494
6502,1436608726062,-0.23283611,9.856929,2.8113914
6503,1436608726240,-0.22924481,9.855133,2.7976246
6504,1436608726241,-0.24839842,9.838972,2.7874494
6505,1436608726242,-0.24540567,9.873688,2.7521348
6506,1436608726243,-0.22026655,9.858126,2.7688942
6507,1436608726244,-0.20530279,9.867104,2.7964275
6508,1436608726245,-0.16819267,9.870096,2.8042088
6509,1436608726246,-0.14963761,9.881469,2.8173769
6510,1436608726247,-0.14784196,9.894637,2.814384
6511,1436608726248,-0.17118542,9.89763,2.8125885
6512,1436608726257,-0.17178397,9.898827,2.8042088
6513,1436608726277,-0.18734628,9.889849,2.7970262
6514,1436608726296,-0.19991584,9.844957,2.8161798
6515,1436608726321,-0.19632454,9.8515415,2.7754784
6516,1436608726337,-0.20829555,9.881469,2.7635074
6517,1436608726358,-0.18674773,9.863512,2.7712884
6518,1436608726377,-0.1412579,9.862914,2.7970262
6519,1436608726396,-0.1388637,9.87668,2.778471
6520,1436608726419,-0.1340753,9.880272,2.8107927
6521,1436608726439,-0.11611878,9.879673,2.7802668
6522,1436608726459,-0.09696517,9.870096,2.825158
6523,1436608726479,-0.095169514,9.861118,2.882619
6524,1436608726499,-0.13826515,9.88506,2.8568811
6525,1436608726519,-0.19991584,9.904813,2.813187
6526,1436608726539,-0.20530279,9.844957,2.7940333
6527,1436608726558,-0.17537527,9.800066,2.7964275
6528,1436608726579,-0.13227965,9.759365,2.7515364
6529,1436608726600,-0.079008654,9.75697,2.7395654
6530,1436608726617,-0.02633622,9.797073,2.7234044
6531,1436608726669,0.054468088,9.812635,2.7748797
6532,1436608726670,0.10235212,9.844358,2.765303
6533,1436608726678,0.17836803,9.859921,2.7754784
6534,1436608726698,0.25737667,9.862914,2.8137856
6535,1436608726720,0.2896984,9.874885,2.7976246
6536,1436608726739,0.28790274,9.859921,2.8060043
6537,1436608726759,0.24600422,9.84795,2.8113914
6538,1436608726780,0.17477672,9.824008,2.8209682
6539,1436608726800,0.12030864,9.849746,2.8215668
6540,1436608726820,0.046686932,9.81503,2.8491
6541,1436608726838,-0.075417355,9.879673,2.8287494
6542,1436608726858,-0.18435353,9.878476,2.8353333
6543,1436608726879,-0.2160767,9.850345,2.843713
6544,1436608726898,-0.19871874,9.866506,2.8161798
6545,1436608726972,-0.16340427,9.85214,2.8173769
6546,1436608726973,-0.11432313,9.838373,2.8203697
6547,1436608726977,-0.061650693,9.866506,2.8299465
6548,1436608726978,-0.0047884034,9.831789,2.8179753
6549,1436608726997,0.010773907,9.841965,2.8329391
6550,1436608727019,0.065242,9.846154,2.8353333
6551,1436608727038,0.094570965,9.835381,2.8000188
6552,1436608727057,0.15143326,9.852738,2.801216
6553,1436608727084,0.13706805,9.822212,2.837129
6554,1436608727097,0.13227965,9.826403,2.8389246
6555,1436608727117,0.11911154,9.821614,2.855684
6556,1436608727137,0.09876082,9.853935,2.8485014
6557,1436608727159,0.04309563,9.870096,2.8311436
6558,1436608727180,0.019153614,9.855731,2.846706
6559,1436608727200,-0.036511578,9.861717,2.8502972
6560,1436608727220,-0.05267244,9.847352,2.8263552
6561,1436608727240,-0.089184016,9.840169,2.8323407
6562,1436608727260,-0.08678981,9.847352,2.8419175
6563,1436608727280,-0.110133275,9.8515415,2.847903
6564,1436608727300,-0.1352724,9.858724,2.8502972
6565,1436608727319,-0.15263036,9.859323,2.8550856
6566,1436608727340,-0.1412579,9.829395,2.8628666
6567,1436608727360,-0.12868834,9.830592,2.8568811
6568,1436608727377,-0.13587095,9.835979,2.8461072
6569,1436608727398,-0.108936176,9.832388,2.8407204
6570,1436608727419,-0.079008654,9.853935,2.8485014
6571,1436608727439,-0.08020575,9.8515415,2.8754363
6572,1436608727460,-0.0724246,9.838373,2.8832173
6573,1436608727479,-0.107140526,9.840169,2.882619
6574,1436608727500,-0.14305355,9.8276,2.861071
6575,1436608727521,-0.17238252,9.825205,2.8245595
6576,1436608727541,-0.17776948,9.824607,2.8072014
6577,1436608727559,-0.18555063,9.822811,2.8658595
6578,1436608727578,-0.18016368,9.8437605,2.8724434
6579,1436608727599,-0.19931729,9.84795,2.870648
6580,1436608727619,-0.21787235,9.826403,2.8748376
6581,1436608727638,-0.16519992,9.812635,2.8802247
6582,1436608727661,-0.1388637,9.816227,2.8904
6583,1436608727724,-0.16220717,9.835381,2.866458
6584,1436608727725,-0.16460137,9.79827,2.8592753
6585,1436608727726,-0.16519992,9.821015,2.8502972
6586,1436608727737,-0.14305355,9.878476,2.8892028
6587,1436608727759,-0.1412579,9.879673,2.9041667
6588,1436608727777,-0.18734628,9.838972,2.8820202
6589,1436608727798,-0.21068975,9.829395,2.8281507
6590,1436608727819,-0.22266077,9.824607,2.7862523
6591,1436608727839,-0.2148796,9.881469,2.7593174
6592,1436608727859,-0.15023616,9.881469,2.8281507
6593,1436608727879,-0.073023155,9.855133,2.830545
6594,1436608727899,-0.05327099,9.907207,2.7886465
6595,1436608727920,-0.06823475,10.034698,2.7192147
6596,1436608727941,-0.095169514,10.134656,2.6910827
6597,1436608727961,-0.089782566,10.070611,2.7485435
6598,1436608727980,-0.04309563,9.82341,2.8443117
6599,1436608728000,0.016759412,9.653421,2.9233203
6600,1436608728021,0.0017956513,9.582193,2.9376855
6601,1436608728039,-0.04369418,9.501988,2.9125464
6602,1436608728058,-0.11671733,9.49301,2.9107506
6603,1436608728079,-0.18914193,9.500193,2.9508536
6604,1436608728110,-0.21667525,9.572019,3.0095115
6605,1436608728120,-0.2112883,9.624092,2.9963434
6606,1436608728141,-0.21547815,9.724648,3.0095115
6607,1436608728160,-0.2220622,9.844957,3.0053217
6608,1436608728180,-0.22026655,9.879075,2.9771898
6609,1436608728198,-0.20171149,9.8683,2.9239187
6610,1436608728222,-0.2220622,9.837775,2.8580782
6611,1436608728242,-0.25857377,9.892841,2.77069
6612,1436608728262,-0.28670564,9.94312,2.6839
6613,1436608728281,-0.3489549,9.958083,2.6910827
6614,1436608728299,-0.42437226,9.951499,2.7114334
6615,1436608728318,-0.49440265,9.898827,2.7503393
6616,1436608728339,-0.56443304,9.910199,2.742558
6617,1436608728358,-0.62488663,9.920973,2.7126305
6618,1436608728381,-0.6500258,9.954493,2.690484
6619,1436608728427,-0.6721721,9.98442,2.690484
6620,1436608728428,-0.6266823,10.012551,2.7042508
6621,1436608728448,-0.5823896,10.047866,2.7048495
6622,1436608728458,-0.57161564,10.087969,2.7090392
6623,1436608728480,-0.59615624,10.1939125,2.7569232
6624,1436608728498,-0.61291564,10.247782,2.7988217
6625,1436608728518,-0.6895301,10.29806,2.7509377
6626,1436608728539,-0.79966336,10.326791,2.6910827
6627,1436608728559,-0.8834604,10.294469,2.6617537
6628,1436608728579,-0.87567925,10.160394,2.719813
6629,1436608728599,-0.7469909,10.216658,2.8401217
6630,1436608728619,-0.58777654,10.206482,2.9843724
6631,1436608728640,-0.45250413,10.075998,3.1573534
6632,1436608728661,-0.34955344,10.155605,3.1585505
6633,1436608728680,-0.3345897,10.155006,3.116652
6634,1436608728700,-0.41359833,9.88506,3.2303767
6635,1436608728721,-0.44651863,9.892242,3.245939
6636,1436608728741,-0.46567222,9.849746,3.1902738
6637,1436608728761,-0.38486794,9.743802,3.1908724
6638,1436608728782,-0.23044191,9.716867,3.265691
6639,1436608728800,-0.06464344,9.802461,3.2992098
6640,1436608728821,0.1364695,9.7958765,3.3201592
6641,1436608728839,0.31423897,9.803059,3.369839
6642,1436608728862,0.48961425,9.779716,3.3979707
6643,1436608728879,0.6859388,9.751583,3.3728316
6644,1436608728899,0.79128367,9.715671,3.4123359
6645,1436608728920,0.85054016,9.746197,3.447052
6646,1436608728942,0.88286185,9.700109,3.5260606
6647,1436608728962,0.8822633,9.479841,3.558981
6648,1436608728982,0.94451255,9.136872,3.5535939
6649,1436608729000,1.2443863,8.79091,3.566762
6650,1436608729021,1.5951369,8.719084,3.5583823
6651,1436608729039,1.70946,8.614936,3.5613751
6652,1436608729062,1.6334441,8.467693,3.53863
6653,1436608729170,1.460463,8.316259,3.4835634
6654,1436608729171,1.3036429,8.214506,3.4596214
6655,1436608729172,1.2108675,8.3072815,3.4530375
6656,1436608729173,1.1911154,8.447941,3.6020765
6657,1436608729174,1.1593921,8.674791,3.78643
6658,1436608729186,1.1815386,8.885481,3.839701
6659,1436608729199,1.2282255,8.977658,3.8540661
6660,1436608729220,1.3210008,9.024943,3.7588966
6661,1436608729239,1.3551182,9.090185,3.6254199
6662,1436608729260,1.3551182,9.17099,3.4638114
6663,1436608729279,1.3563153,9.201516,3.3399115
6664,1436608729301,1.3874398,9.214086,3.232771
6665,1436608729323,1.4101849,9.274539,3.145981
6666,1436608729340,1.2204443,9.45171,3.063381
6667,1436608729360,0.83497787,9.794081,2.9364884
6668,1436608729382,0.39863458,9.914988,2.9340942
6669,1436608729401,0.073023155,10.064626,2.9095535
6670,1436608729420,-0.060453594,10.123882,2.9245174
6671,1436608729441,-0.30885202,10.404003,2.908955
6672,1436608729462,-0.51235914,10.478823,2.9538465
6673,1436608729482,-0.45789108,10.442909,3.105878
6674,1436608729502,-0.18136078,10.573393,3.095703
6675,1436608729522,0.089782566,10.390237,3.2225955
6676,1436608729540,0.35434186,10.131064,3.2094274
6677,1436608729560,0.58298814,9.753379,3.1693244
6678,1436608729581,0.7230489,9.5253315,3.0382419
6679,1436608729602,0.6332663,9.357139,2.8622682
6680,1436608729620,0.4782418,9.441534,2.6180596
6681,1436608729641,0.34476504,9.65821,2.3062148
6682,1436608729661,0.2220622,9.47206,2.2170308
6683,1436608729682,0.04070143,9.544485,2.2038627
6684,1436608729703,-0.13467385,9.790489,2.231396
6685,1436608729724,-0.29448682,9.941922,2.3702598
6686,1436608729740,-0.55605334,10.165182,2.5210943
6687,1436608729760,-0.85473,10.34774,2.693477
6688,1436608729779,-1.0666169,10.383653,2.7311857
6689,1436608729801,-1.210269,10.375273,2.6192567
6690,1436608729905,-1.2276269,10.466252,2.5222914
6691,1436608729906,-1.0576386,10.737396,2.4720132
6692,1436608729907,-0.87328506,10.9834,2.3127987
6693,1436608729908,-0.7098808,11.049839,2.272696
6694,1436608729909,-0.41180268,10.956466,2.2613235
6695,1436608729926,-0.076015905,10.845734,2.2541409
6696,1436608729949,0.18375498,10.867282,2.2284033
6697,1436608729959,0.4177882,10.979211,2.1894975
6698,1436608729979,0.6159084,10.984597,2.3397336
6699,1436608730000,0.64463884,10.98759,2.574964
6700,1436608730019,0.47046062,10.988788,2.7473464
6701,1436608730040,0.15203181,10.876859,2.842516
6702,1436608730061,-0.24779987,10.670957,2.8700492
6703,1436608730085,-0.58897364,10.50875,2.8963854
6704,1436608730102,-0.7092823,10.469844,2.8568811
6705,1436608730122,-0.8559271,10.355521,2.783858
6706,1436608730140,-0.79726917,10.280104,2.6515784
6707,1436608730163,-0.61890113,10.1226845,2.6300306
6708,1436608730183,-0.27593175,9.9790325,2.594716
6709,1436608730203,0.090381116,9.686341,2.7210102
6710,1436608730223,0.34955344,9.506777,2.8670566
6711,1436608730241,0.53929394,9.326612,3.0202854
6712,1436608730261,0.57760113,9.268554,3.116652
6713,1436608730280,0.59017074,9.430161,3.2387564
6714,1436608730301,0.59735334,9.509171,3.366846
6715,1436608730327,0.57520694,9.360131,3.4584243
6716,1436608730341,0.6135142,9.101558,3.6032736
6717,1436608730361,0.6607997,9.41041,3.6774938
6718,1436608730383,0.7505822,9.635465,3.7110126
6719,1436608730401,0.8595184,9.513959,3.6535518
6720,1436608730420,1.0354922,9.248801,3.764882
6721,1436608730442,1.435324,8.962095,3.8953662
6722,1436608730463,1.5699978,8.879496,3.8953662
6723,1436608730484,1.4119805,8.789713,3.9360676
6724,1436608730502,1.039682,8.800487,3.8684313
6725,1436608730523,0.88046765,8.404845,3.9294837
6726,1436608730545,1.0109516,8.237849,3.9097314
6727,1436608730612,1.2384008,8.410232,3.9881415
6728,1436608730613,1.2785037,8.617929,4.1760864
6729,1436608730614,1.1168951,8.816648,4.381389
6730,1436608730622,0.9600749,8.868722,4.5938745
6731,1436608730641,0.9528923,8.7951,4.6662993
6732,1436608730663,0.88765025,8.792706,4.546589
6733,1436608730681,0.87807345,8.678981,4.3317094
6734,1436608730701,0.96306765,8.656835,4.196437
6735,1436608730720,1.0043676,8.624513,4.158728
6736,1436608730743,1.0408791,8.646061,4.1892543
6737,1436608730763,1.0875661,8.774151,4.268263
6738,1436608730781,1.0642227,8.814852,4.23235
6739,1436608730801,0.87448215,8.835203,4.19943
6740,1436608730821,0.5931635,9.003395,4.107253
6741,1436608730844,0.44232875,8.966286,4.1305966
6742,1436608730861,0.2741361,9.063251,4.0557775
6743,1436608730882,0.04189853,9.271546,4.0497923
6744,1436608730904,-0.25498247,9.464878,3.9719806
6745,1436608730922,-0.39863458,9.640852,3.7313633
6746,1436608730944,-0.1328782,9.23264,3.590704
6747,1436608730964,0.45130703,9.169194,3.6768951
6748,1436608730988,0.96067345,9.710882,4.0019083
6749,1436608731025,1.0857705,10.309433,4.2060137
6750,1436608731026,0.79726917,10.581773,4.2293572
6751,1436608731040,0.25857377,10.341156,3.833117
6752,1436608731066,-0.12749124,9.721058,3.271078
6753,1436608731095,-0.42078096,9.284116,3.0280666
6754,1436608731114,-0.51954174,9.515755,3.0831332
6755,1436608731123,-0.53450555,9.824607,3.4745853
6756,1436608731144,-0.44951138,9.9473095,3.8139634
6757,1436608731164,-0.15682021,10.084976,4.1102457
6758,1436608731184,0.2753332,9.960478,4.2102036
6759,1436608731204,0.6063316,9.8042555,4.096479
6760,1436608731226,0.6715736,9.762956,3.9737763
6761,1436608731243,0.38486794,9.968259,4.012682
6762,1436608731264,-0.24660277,10.235212,3.8660371
6763,1436608731284,-0.6338649,9.913192,3.9905357
6764,1436608731356,-0.7517793,9.638457,4.161721
6765,1436608731357,-0.6691794,9.689933,4.162918
6766,1436608731360,-0.36511576,9.758766,4.238934
6767,1436608731361,0.076614454,9.841366,4.260482
6768,1436608731381,0.6721721,9.861717,4.4418426
6769,1436608731402,1.1049241,9.938332,4.635773
6770,1436608731421,1.2366052,9.883265,4.659715
6771,1436608731441,1.1252748,9.642049,4.6830587
6772,1436608731463,0.9415198,9.096769,4.666898
6773,1436608731483,0.76554596,8.761581,4.6591167
6774,1436608731502,0.39624038,8.371326,4.472967
6775,1436608731521,0.15083471,8.307879,4.1862617
6776,1436608731542,-0.036511578,8.265383,3.9360676
6777,1436608731561,-0.09756372,8.293514,3.7535098
6778,1436608731582,-0.0017956513,8.361151,3.7989995
6779,1436608731603,0.11252748,8.281544,3.8989575
6780,1436608731625,0.17058687,8.03554,3.9372647
6781,1436608731643,0.29807812,7.7877398,3.9755719
6782,1436608731664,0.37828386,7.6602483,3.8600516
6783,1436608731682,0.41479546,7.7254906,3.606865
6784,1436608731704,0.39803603,8.04392,3.433884
6785,1436608731725,0.2657564,8.365939,3.3812113
6786,1436608731744,0.02813187,10.394426,2.8802247
6787,1436608731769,0.17357962,12.174516,2.4600422
6788,1436608731782,0.4842273,11.294646,3.4207156
6789,1436608731803,1.3024458,11.397597,4.1838675
6790,1436608731824,1.9614497,11.489176,4.8704047
6791,1436608731844,2.0488381,10.7751045,5.2037973
6792,1436608731865,1.785476,10.829573,4.984728
6793,1436608731882,1.3694834,11.285069,4.350863
6794,1436608731901,0.7182605,11.145607,3.74094
6795,1436608731922,0.03232172,10.730812,3.1711202
6796,1436608731948,-0.55485624,10.477625,2.7940333
6797,1436608731964,-0.9552865,10.314221,2.496554
6798,1436608731984,-0.9864111,10.093356,2.3092074
6799,1436608732003,-0.7835025,9.8683,2.3139958
6800,1436608732037,-0.3453636,9.761759,2.420538
6801,1436608732132,0.20111294,9.606135,2.634819
6802,1436608732133,0.6314707,9.464878,2.9712043
6803,1436608732134,0.87807345,9.466674,3.2273839
6804,1436608732135,1.033098,9.48463,3.329736
6805,1436608732136,1.1785458,9.452907,3.493739
6806,1436608732148,1.3575124,9.757569,3.4793737
6807,1436608732164,1.4873978,9.81503,3.5392287
6808,1436608732183,1.7705121,9.745598,3.7846344
6809,1436608732214,1.7244238,9.627684,4.0539823
6810,1436608732229,1.5699978,9.150639,4.040814
6811,1436608732242,1.4993688,8.770559,3.8013937
6812,1436608732264,1.4024036,8.848371,3.4644098
6813,1436608732283,1.1869255,8.798093,3.3728316
6814,1436608732305,0.82719666,8.720282,3.4488475
6815,1436608732322,0.38307226,8.810662,3.4452562
6816,1436608732345,0.17118542,8.917803,3.5296519
6817,1436608732366,0.24061728,8.957906,3.7541082
6818,1436608732385,0.33638534,9.089587,3.9025488
6819,1436608732404,0.35673606,9.105149,3.8977604
6820,1436608732425,0.49799395,9.132683,3.7792473
6821,1436608732445,0.6835446,9.261371,3.6104562
6822,1436608732466,0.682946,9.413403,3.6002808
6823,1436608732485,0.47465047,9.52174,3.6727054
6824,1436608732503,0.29388827,9.602545,3.626617
6825,1436608732523,0.14963761,9.460688,3.6248214
6826,1436608732545,0.012569559,9.416994,3.5978866
6827,1436608732562,-0.11611878,9.533113,3.4955344
6828,1436608732582,-0.26396075,9.721656,3.3859997
6829,1436608732602,-0.32920274,9.77792,3.4117374
6830,1436608732626,-0.3405752,9.623494,3.5535939
6831,1436608732645,-0.25438392,9.631275,3.5607765
6832,1436608732665,-0.16400282,9.617508,3.46022
6833,1436608732684,-0.0017956513,9.472659,3.37762
6834,1436608732702,0.021547815,9.609129,3.3704374
6835,1436608732725,-0.18255788,9.898229,3.2369606
6836,1436608732743,-0.5327099,9.825804,3.228581
6837,1436608732764,-0.82480246,9.834782,3.1860838
6838,1436608732786,-1.0109516,9.633669,3.2399535
6839,1436608732855,-1.1216835,9.665991,3.406949
6840,1436608732856,-1.1246762,9.7479925,3.591901
6841,1436608732857,-1.1270704,9.821614,3.684078
6842,1436608732864,-1.0833763,9.85633,3.7301662
6843,1436608732883,-1.0109516,9.889849,3.7594953
6844,1436608732906,-0.8762778,9.828198,3.7989995
6845,1436608732922,-0.7954735,9.932345,3.6541502
6846,1436608732944,-0.8146271,9.865907,3.6302083
6847,1436608732962,-0.8265981,9.777321,3.7086184
6848,1436608732984,-0.7356185,9.801263,3.8013937
6849,1436608733002,-0.729633,9.734225,3.787627
6850,1436608733026,-0.7224504,9.711481,3.7828386
6851,1436608733046,-0.6775591,9.815628,3.6900635
6852,1436608733065,-0.6434417,9.733627,3.572149
6853,1436608733087,-0.6027403,9.582193,3.4530375
6854,1436608733105,-0.5590461,9.376891,3.3961751
6855,1436608733126,-0.4782418,9.303269,3.3572693
6856,1436608733146,-0.3776853,9.409213,3.3441012
6857,1436608733166,-0.17537527,9.515156,3.3267434
6858,1436608733186,0.029927522,9.4295635,3.4344823
6859,1436608733206,0.19871874,9.639056,3.6314054
6860,1436608733228,0.18854338,9.7958765,3.7493198
6861,1436608733243,0.089184016,9.752781,3.709217
6862,1436608733266,-0.055066638,9.752182,3.5075054
6863,1436608733282,-0.15203181,9.729437,3.3452983
6864,1436608733303,-0.053869538,9.825205,3.2291796
6865,1436608733323,0.14664486,9.856929,3.2854433
6866,1436608733343,0.29927522,9.906608,3.4446578
6867,1436608733368,0.39863458,9.948506,3.5715504
6868,1436608733389,0.41838676,9.96766,3.4805708
6869,1436608733406,0.46746787,9.85214,3.3171666
6870,1436608733424,0.6440403,9.834184,3.0998926
6871,1436608733443,0.8846575,9.649231,3.120842
6872,1436608733463,1.1073183,9.548675,3.3411086
6873,1436608733485,1.198298,9.919178,3.3506854
6874,1436608733504,0.98820674,10.151415,3.2902317
6875,1436608733568,0.7015011,10.14124,3.2728736
6876,1436608733569,0.42676646,9.995792,3.1675289
6877,1436608733570,0.31004912,9.937733,3.1190462
6878,1436608733586,0.23882163,9.7162695,3.0597897
6879,1436608733605,0.30705637,9.597756,3.043629
6880,1436608733623,0.4237737,9.43914,3.0735564
6881,1436608733643,0.5895722,9.434352,3.176507
6882,1436608733669,0.7685388,9.727641,3.6948519
6883,1436608733685,0.7284359,10.111911,4.034828
6884,1436608733704,0.40581718,9.878476,3.8355112
6885,1436608733725,0.2088941,9.346365,3.514688
6886,1436608733744,0.25438392,9.20391,3.2148144
6887,1436608733768,0.32621,9.407417,3.0597897
6888,1436608733783,0.43035775,9.457695,3.1064768
6889,1436608733806,0.46387658,9.244013,3.2716765
6890,1436608733827,0.46926352,9.132683,3.4045548
6891,1436608733846,0.45070848,9.223662,3.484162
6892,1436608733866,0.40222588,9.300277,3.4799721
6893,1436608733886,0.31004912,9.487024,3.582923
6894,1436608733907,0.23403321,9.625888,3.7379475
6895,1436608733927,0.20829555,9.577405,3.9665937
6896,1436608733947,0.15203181,9.886257,4.031237
6897,1436608733963,0.091578215,9.873688,4.0216603
6898,1436608733987,0.11552023,9.859921,4.0677485
6899,1436608734007,0.10235212,9.85214,4.0186677
6900,1436608734030,0.009576807,9.986216,4.0683475
6901,1436608734046,-0.12569559,10.398018,4.1042604
6902,1436608734066,-0.39923313,10.276512,4.216788
6903,1436608734089,-0.47225627,10.009559,4.4059296
6904,1436608734106,-0.545878,9.809045,4.4424415
6905,1436608734137,-0.51116204,9.590573,4.4143095
6906,1436608734143,-0.50278234,9.363723,4.267066
6907,1436608734165,-0.4914099,9.108142,4.0539823
6908,1436608734185,-0.45370123,8.850765,3.9097314
6909,1436608734206,-0.30166942,8.710705,3.8486793
6910,1436608734226,-0.11671733,8.676587,3.8594532
6911,1436608734268,-0.002992752,8.685565,3.8989575
6912,1436608734269,0.17178397,8.7370405,4.035427
6913,1436608734284,0.2633622,8.796896,4.06296
6914,1436608734304,0.33638534,8.731055,4.1240125
6915,1436608734328,0.49081135,8.53054,4.196437
6916,1436608734345,0.6344634,8.508993,4.2263646
6917,1436608734364,0.7739257,8.6334915,4.214992
6918,1436608734388,0.9068039,8.728063,4.2479124
6919,1436608734404,0.95708215,8.558074,4.3777976
6920,1436608734431,0.9828198,8.718486,4.458602
6921,1436608734444,0.9175778,8.953117,4.3688197
6922,1436608734464,0.75237787,8.925584,4.233547
6923,1436608734484,0.6290765,8.951322,4.1222167
6924,1436608734506,0.54049104,9.091981,4.0803185
6925,1436608734526,0.3657143,9.232041,4.0025067
6926,1436608734546,0.30585927,9.307459,3.945046
6927,1436608734566,0.29328972,9.321226,3.9719806
6928,1436608734585,0.32022446,9.414001,4.0186677
6929,1436608734607,0.3321955,9.66659,3.994127
6930,1436608734627,0.2837129,9.664195,3.9564183
6931,1436608734646,0.19632454,9.547478,3.8337154
6932,1436608734666,0.10534488,9.603143,3.7020345
6933,1436608734687,0.06703765,9.730635,3.5990837
6934,1436608734705,0.0664391,9.745,3.5164838
6935,1436608734725,0.0724246,9.694721,3.4129345
6936,1436608734747,0.16879122,9.616311,3.3315318
6937,1436608734767,0.2885013,9.539098,3.280655
6938,1436608734787,0.3645172,9.473258,3.1304188
6939,1436608734805,0.42078096,9.390657,2.9658175
6940,1436608734826,0.5710171,9.467871,2.9149406
6941,1436608734846,0.7080852,9.723452,2.954445
6942,1436608734866,0.6727707,10.125677,2.895787
6943,1436608734884,0.6326678,10.210671,3.019687
6944,1436608734905,0.6015432,10.284293,3.1160536
6945,1436608734925,0.39504328,10.372879,2.9646204
6946,1436608734952,0.29209262,10.339958,2.8413188
6947,1436608734964,0.19632454,10.356119,2.6013002
6948,1436608734984,0.21308395,10.448297,2.4349031
6949,1436608735004,0.260968,10.5841675,2.3840263
6950,1436608735026,0.48722005,10.524911,2.4319103
6951,1436608735045,0.6536171,10.372879,2.6324248
6952,1436608735064,0.65660983,10.420164,2.7383683
6953,1436608735086,0.48482585,10.402207,2.724003
6954,1436608735105,0.3298013,10.272323,2.6240451
6955,1436608735127,0.3196259,10.219051,2.5240872
6956,1436608735148,0.41599256,10.149021,2.4546554
6957,1436608735167,0.55964464,10.101137,2.4289176
6958,1436608735187,0.700304,10.067019,2.4103625
6959,1436608735207,0.9127894,9.964667,2.44029
6960,1436608735227,1.0378864,9.974244,2.4450784
6961,1436608735245,1.0366893,10.012551,2.4169466
6962,1436608735268,0.9516952,9.764751,2.3720553
6963,1436608735288,0.7954735,9.731233,2.3229742
6964,1436608735309,0.53450555,9.882068,2.3953989
6965,1436608735327,0.3477578,9.76535,2.4821887
6966,1436608735351,0.20290859,9.672575,2.4516625
6967,1436608735365,0.10594343,9.698911,2.498948
6968,1436608735385,0.15622166,9.747394,2.6210523
6969,1436608735415,0.24001873,9.804854,2.7275944
6970,1436608735426,0.30047232,9.857527,2.7700913
6971,1436608735445,0.36391866,9.773131,2.7724855
6972,1436608735465,0.43275195,9.774328,2.7036524
6973,1436608735485,0.42437226,9.828198,2.6994624
6974,1436608735507,0.338181,9.815628,2.6312277
6975,1436608735527,0.2645593,9.783905,2.5300727
6976,1436608735546,0.2621651,9.660604,2.5480292
6977,1436608735639,0.22984336,9.71986,2.6360161
6978,1436608735640,0.15322891,9.836577,2.7389667
6979,1436608735662,-0.0011971008,9.912594,2.7629087
6980,1436608735663,-0.09816227,9.900024,2.7168205
6981,1436608735666,-0.14185645,9.901221,2.693477
6982,1436608735667,-0.077811554,9.924564,2.705448
6983,1436608735687,0.011372458,9.919178,2.779668
6984,1436608735708,0.08020575,10.0029745,2.822764
6985,1436608735725,0.034715924,10.0987425,2.7180176
6986,1436608735745,0.0005985504,9.935937,2.6671407
6987,1436608735770,0.03232172,9.803059,2.6731262
6988,1436608735785,0.04189853,9.809045,2.722806
6989,1436608735805,0.07062895,9.93474,2.790442
6990,1436608735825,0.15442601,10.073604,2.813187
6991,1436608735845,0.28072014,10.1544075,2.8209682
6992,1436608735868,0.41000703,10.129269,2.8455088
6993,1436608735888,0.53330845,10.144233,2.8999767
6994,1436608735906,0.5566519,10.119692,3.020884
6995,1436608735928,0.44592008,10.087969,3.1142578
6996,1436608735948,0.2148796,10.1304655,3.0298622
6997,1436608735968,0.08319851,9.890448,3.0142999
6998,1436608735988,0.08678981,9.857527,2.9855695
6999,1436608736008,0.073023155,9.9712515,2.9891608
7000,1436608736032,0.12928689,9.925163,3.1800983
7001,1436608736048,0.2184709,9.840169,3.3859997
7002,1436608736065,0.18674773,9.788095,3.5697548
7003,1436608736089,0.10235212,9.694122,3.5404258
7004,1436608736109,0.049679685,9.561843,3.3806129
7005,1436608736128,0.09995792,9.640852,3.3123782
7006,1436608736148,0.2657564,9.555858,3.5739446
7007,1436608736168,0.4961983,9.464878,3.6996403
7008,1436608736189,0.5177461,9.384672,3.7002387
7009,1436608736209,0.36152446,9.258977,3.6104562
7010,1436608736231,0.25857377,9.23264,3.5075054
7011,1436608736250,0.26635495,9.159617,3.425504
7012,1436608736270,0.20709845,9.148843,3.37762
7013,1436608736288,0.10115502,9.157822,3.3488896
7014,1436608736308,-0.05865794,9.237429,3.276465
7015,1436608736381,-0.07182605,9.207501,3.3129766
7016,1436608736382,-0.002992752,9.148843,3.3901896
7017,1436608736383,0.15622166,9.219472,3.5691562
7018,1436608736386,0.3657143,9.366715,3.7116113
7019,1436608736408,0.55725044,9.515156,3.8726213
7020,1436608736460,0.66618663,9.683349,4.006098
7021,1436608736461,0.7074866,9.74859,4.0456023
7022,1436608736481,0.6123171,9.76535,3.9456444
7023,1436608736486,0.44592008,9.709086,3.7588966
7024,1436608736506,0.219668,9.543288,3.5356374
7025,1436608736541,-0.049679685,9.611523,3.2609026
7026,1436608736547,-0.31423897,9.745598,3.071761
7027,1436608736572,-0.44651863,9.803658,3.0298622
7028,1436608736586,-0.4261679,9.758766,3.1292217
7029,1436608736610,-0.3597288,9.69532,3.3105824
7030,1436608736626,-0.27952304,9.73662,3.4626143
7031,1436608736673,-0.25917232,9.784504,3.5607765
7032,1436608736674,-0.25019407,9.80665,3.5565867
7033,1436608736688,-0.28431144,9.896433,3.453636
7034,1436608736709,-0.260968,9.961675,3.3249476
7035,1436608736729,-0.12210429,9.873089,3.2501287
7036,1436608736749,0.10115502,9.848549,3.2333694
7037,1436608736768,0.31064767,9.926959,3.2507274
7038,1436608736788,0.50757074,9.929952,3.25791
7039,1436608736809,0.5805939,9.952098,3.2273839
7040,1436608736830,0.51475334,9.873089,3.2273839
7041,1436608736849,0.44232875,9.81503,3.1860838
7042,1436608736869,0.36750996,9.785701,3.1376014
7043,1436608736887,0.22744916,9.733028,3.1202433
7044,1436608736907,0.093373865,9.747394,3.0322564
7045,1436608736927,-0.074220255,9.752182,2.932897
7046,1436608736950,-0.05686229,9.721058,2.9107506
7047,1436608736969,0.01436521,9.690532,2.9221232
7048,1436608736990,0.05746084,9.7084875,2.961029
7049,1436608737009,0.092176765,9.750985,2.9622262
7050,1436608737030,0.15442601,9.766547,3.0053217
7051,1436608737055,0.2693477,9.812037,3.0669725
7052,1436608737078,0.34237084,9.840169,3.1711202
7053,1436608737089,0.35793316,9.783307,3.1794999
7054,1436608737167,0.32561144,9.752182,3.1866825
7055,1436608737168,0.30226797,9.792285,3.1908724
7056,1436608737169,0.24600422,9.814431,3.2082303
7057,1436608737170,0.16938977,9.818622,3.2363622
7058,1436608737190,0.06464344,9.784504,3.2243912
7059,1436608737207,-0.002992752,9.760562,3.2519245
7060,1436608737227,-0.05686229,9.757569,3.2267854
7061,1436608737246,-0.107739076,9.733028,3.2345665
7062,1436608737267,-0.1400608,9.727641,3.2249897
7063,1436608737287,-0.19093758,9.78989,3.2034419
7064,1436608737310,-0.19991584,9.84795,3.192668
7065,1436608737331,-0.17178397,9.78989,3.2124202
7066,1436608737348,-0.073621705,9.580399,3.25791
7067,1436608737369,0.10235212,9.46847,3.3315318
7068,1436608737389,0.26755205,9.3733,3.3722332
7069,1436608737410,0.3776853,9.277532,3.3883939
7070,1436608737430,0.46267948,9.320028,3.3716345
7071,1436608737450,0.49320555,9.345766,3.3746274
7072,1436608737469,0.51475334,9.347562,3.4123359
7073,1436608737489,0.5626374,9.438541,3.4201171
7074,1436608737509,0.5943606,9.541492,3.436278
7075,1436608737531,0.6428431,9.626487,3.4512417
7076,1436608737549,0.63206923,9.635465,3.445855
7077,1436608737568,0.59615624,9.706693,3.445855
7078,1436608737590,0.5117606,9.745598,3.3381157
7079,1436608737607,0.46267948,9.745598,3.2495303
7080,1436608737627,0.40521863,9.740809,3.1950622
7081,1436608737647,0.38067806,9.739014,3.1561563
7082,1436608737669,0.35314476,9.774328,3.1364043
7083,1436608737692,0.3549404,9.779117,3.1118636
7084,1436608737710,0.37708676,9.760562,3.1358056
7085,1436608737730,0.39803603,9.734824,3.144784
7086,1436608737747,0.40462008,9.763555,3.156755
7087,1436608737767,0.3788824,9.7563715,3.1352072
7088,1436608737787,0.3417723,9.775525,3.13401
7089,1436608737809,0.24720132,9.75697,3.1435869
7090,1436608737828,0.18674773,9.753379,3.1453824
7091,1436608737880,0.1388637,9.774328,3.1310172
7092,1436608737881,0.15322891,9.690532,3.1771057
7093,1436608737889,0.18555063,9.540296,3.1974564
7094,1436608737907,0.2172738,9.411008,3.2255883
7095,1436608737927,0.21308395,9.351752,3.2369606
7096,1436608737947,0.2172738,9.4217825,3.1866825
7097,1436608737967,0.19033903,9.531317,3.181894
7098,1436608737988,0.16759412,9.490017,3.2040405
7099,1436608738007,0.10414778,9.476849,3.2249897
7100,1436608738032,0.053869538,9.528923,3.1944637
7101,1436608738100,-0.048482586,9.5253315,3.132813
7102,1436608738104,-0.14963761,9.531317,3.1477766
7103,1436608738113,-0.24480712,9.569026,3.1621418
7104,1436608738114,-0.3812766,9.589376,3.1747115
7105,1436608738146,-0.49799395,9.578004,3.1561563
7106,1436608738147,-0.6290765,9.659407,3.1387985
7107,1436608738167,-0.80205756,9.740809,3.0897174
7108,1436608738187,-0.9684546,9.817424,3.1334114
7109,1436608738208,-1.0905589,9.979631,3.1890767
7110,1436608738227,-1.1671734,10.204686,3.2184057
7111,1436608738247,-1.2306197,10.365098,3.2638955
7112,1436608738267,-1.2779051,10.475829,3.3213563
7113,1436608738290,-1.2779051,10.455479,3.318962
7114,1436608738307,-1.2677298,10.377667,3.3159695
7115,1436608738332,-1.2587515,10.232818,3.2962172
7116,1436608738347,-1.2755109,10.064027,3.2213984
7117,1436608739516,-1.2976574,9.820416,3.168726
7118,1436608739517,-1.3281834,9.635465,3.0663738
7119,1436608739518,-1.3670892,9.624092,2.9466639
7120,1436608739519,-1.4748282,9.61272,2.879626
7121,1436608739520,-1.5921441,9.519944,2.8083985
7122,1436608739521,-1.5682021,9.416395,2.794632
7123,1436608739522,-1.4862007,9.330204,2.847903
7124,1436608739523,-1.3587095,9.332599,2.8868086
7125,1436608739524,-1.2599486,9.523536,2.9137435
7126,1436608739525,-1.1067197,9.655815,2.9975405
7127,1436608739526,-0.93014735,9.822811,3.1609447
7128,1436608739527,-0.7134721,9.991004,3.330933
7129,1436608739528,-0.54288524,10.228029,3.4213142
7130,1436608739529,-0.4345476,10.4405155,3.4991257
7131,1436608739530,-0.30585927,10.381259,3.5930982
7132,1436608739531,-0.21667525,10.155006,3.6487634
7133,1436608739532,-0.20111294,9.837176,3.5913026
7134,1436608739533,-0.29448682,9.541492,3.4386723
7135,1436608739534,-0.45429978,9.3661175,3.2962172
7136,1436608739535,-0.60094464,9.461885,3.1268275
7137,1436608739536,-0.6841431,9.669582,3.0298622
7138,1436608739537,-0.7068881,9.80665,3.0777464
7139,1436608739538,-0.6584055,10.068815,3.1232362
7140,1436608739539,-0.5650316,10.201095,3.108871
7141,1436608739540,-0.4866215,10.06283,3.1118636
7142,1436608739541,-0.40462008,9.800066,3.17531
7143,1436608739542,-0.29448682,9.592968,3.1555579
7144,1436608739543,-0.19812019,9.411607,3.12982
7145,1436608739544,-0.07062895,9.283517,3.120842
7146,1436608739545,0.050876785,9.317635,3.1723173
7147,1436608739546,0.17717093,9.292496,3.240552
7148,1436608739547,0.37708676,9.312247,3.3381157
7149,1436608739548,0.6015432,9.419987,3.4237084
7150,1436608739549,0.7649474,9.544485,3.4476504
7151,1436608739550,0.9020155,9.642049,3.4111388
7152,1436608739551,1.0510546,9.698313,3.3674448
7153,1436608739552,1.2012907,9.586982,3.3393128
7154,1436608739553,1.2743138,9.504382,3.309984
7155,1436608739554,1.3670892,9.436746,3.293823
7156,1436608739555,1.3802572,9.405622,3.2788591
7157,1436608739556,1.353921,9.409213,3.2172086
7158,1436608739557,1.3383588,9.491813,3.1381998
7159,1436608739558,1.3509283,9.457695,3.1214404
7160,1436608739559,1.3820529,9.357139,3.1663318
7161,1436608739560,1.4263457,9.349358,3.1723173
7162,1436608739561,1.4580688,9.427768,3.140594
7163,1436608739562,1.5376761,9.557653,3.0544028
7164,1436608739563,1.6502035,9.561843,3.0579941
7165,1436608739564,1.7459716,9.613917,3.0879216
7166,1436608739565,1.8483237,9.589376,3.0831332
7167,1436608739566,1.9333179,9.577405,3.071761
7168,1436608739567,2.0141222,9.548675,3.091513
7169,1436608739568,2.0841527,9.589376,3.0945058
7170,1436608739569,2.1709423,9.553463,3.1022868
7171,1436608739570,2.267309,9.452309,3.1028855
7172,1436608739571,2.381632,9.509171,3.0681696
7173,1436608739572,2.4624364,9.516354,3.003526
7174,1436608739573,2.5192988,9.499594,2.9179332
7175,1436608739574,2.5647886,9.585187,2.8736405
7176,1436608739575,2.552219,9.671378,2.8652608
7177,1436608739576,2.52289,9.656414,2.8646624
7178,1436608739588,2.4426842,9.656414,2.8335378
7179,1436608739607,2.3648727,9.688137,2.8113914
7180,1436608739627,2.2870612,9.57142,2.8443117
7181,1436608739648,2.2146366,9.500791,2.9041667
7182,1436608739668,2.0979192,9.554062,2.9221232
7183,1436608739688,1.922544,9.679757,2.9239187
7184,1436608739708,1.6968905,9.715072,2.980781
7185,1436608739728,1.4915876,9.683948,3.008913
7186,1436608739749,1.2808979,9.704897,3.008913
7187,1436608739770,1.0702082,9.689933,2.96881
7188,1436608739790,0.90740246,9.607931,2.9161377
7189,1436608739810,0.86131406,9.520543,2.9101522
7190,1436608739832,0.7637503,9.298481,2.942474
7191,1436608739849,0.7517793,9.285313,3.0005333
7192,1436608739870,0.6907272,9.498995,2.979584
7193,1436608739890,0.5422867,9.673772,2.9759927
7194,1436608739910,0.40462008,9.8198185,2.9700072
7195,1436608739930,0.32561144,9.886856,3.0160956
7196,1436608739949,0.37349546,9.859323,3.0639796
7197,1436608739969,0.47225627,9.919178,3.064578
7198,1436608739993,0.6003461,9.952098,3.0579941
7199,1436608740013,0.7134721,10.0029745,3.0651767
7200,1436608740030,0.79966336,10.056246,3.0998926
7201,1436608740048,0.8230068,10.071808,3.1322143
7202,1436608740069,0.76434886,10.031107,3.1890767
7203,1436608740096,0.64823014,9.993398,3.1723173
7204,1436608740109,0.4441244,9.953295,3.157952
7205,1436608740128,0.27712885,9.919178,3.110068
7206,1436608740148,0.12928689,9.840768,3.1106665
7207,1436608740169,0.060453594,9.800066,3.0801406
7208,1436608740192,0.046088383,9.691729,3.0538042
7209,1436608740213,0.077811554,9.569624,3.0705638
7210,1436608740230,0.073621705,9.416395,3.0484173
7211,1436608740253,0.04369418,9.302073,3.0065188
7212,1436608740273,0.011971008,9.303867,2.9281087
7213,1436608740293,-0.073023155,9.400833,2.859874
7214,1436608740310,-0.11611878,9.588778,2.870648
7215,1436608740333,-0.074818805,9.874885,2.9466639
7216,1436608740353,0.008379706,10.3214035,3.0777464
7217,1436608740373,0.12449849,10.769119,3.281852
7218,1436608740392,0.29269117,10.778696,3.481768
7219,1436608740419,0.4794389,10.407595,3.5529952
7220,1436608740430,0.59615624,9.902418,3.378817
7221,1436608740456,0.50038815,9.513959,3.0538042
7222,1436608740473,0.34955344,9.345168,2.7611132
7223,1436608740496,0.24181437,9.403826,2.6521769
7224,1436608740510,0.16460137,9.534309,2.658761
7225,1436608740536,0.15502456,9.584588,2.6952724
7226,1436608740553,0.12210429,9.645041,2.783858
7227,1436608740570,0.09816227,9.654618,2.9083564
7228,1436608740590,0.14425065,9.790489,2.9987376
7229,1436608740610,0.24241292,9.834782,3.074155
7230,1436608740630,0.4249708,9.881469,3.0418332
7231,1436608740651,0.60214174,9.8916445,3.0190883
7232,1436608740671,0.7302315,9.785102,2.966416
7233,1436608740691,0.7930793,9.709086,2.9029696
7234,1436608740715,0.8265981,9.695918,2.846706
7235,1436608740767,0.84335756,9.720459,2.8311436
7236,1436608740768,0.8038532,9.698911,2.8323407
7237,1436608740784,0.79128367,9.788693,2.8101943
7238,1436608740790,0.7733272,9.848549,2.8329391
7239,1436608740812,0.777517,9.8515415,2.8628666
7240,1436608740831,0.7745243,9.88506,2.8880057
7241,1436608740850,0.741604,9.924564,2.8311436
7242,1436608740873,0.7074866,9.882666,2.8245595
7243,1436608740890,0.6817489,9.838373,2.814384
7244,1436608740914,0.61890113,9.770139,2.8724434
7245,1436608740934,0.5189432,9.785701,2.8712463
7246,1436608740951,0.40282443,9.818023,2.8802247
7247,1436608740970,0.30346507,9.78989,2.8401217
7248,1436608740993,0.26396075,9.786898,2.8568811
7249,1436608741011,0.26036942,9.776723,2.8844144
7250,1436608741032,0.24301147,9.797073,2.9472623
7251,1436608741052,0.31543607,9.830592,2.9454668
7252,1436608741071,0.3393781,9.870096,2.9412768
7253,1436608741140,0.35553896,9.861717,2.9370868
7254,1436608741141,0.30885202,9.8677025,2.943671
7255,1436608741142,0.26276365,9.863512,2.947861
7256,1436608741167,0.22146365,9.862914,2.9484594
7257,1436608741171,0.14544775,9.832987,2.9532478
7258,1436608741193,0.09876082,9.832987,2.939481
7259,1436608741212,0.05865794,9.798869,2.9712043
7260,1436608741234,0.035913024,9.789292,2.9580362
7261,1436608741254,0.03232172,9.80665,2.961029
7262,1436608741271,0.017357962,9.841965,2.9466639
7263,1436608741291,-0.025737667,9.878476,2.961029
7264,1436608741311,0.0017956513,9.990405,3.004723
7265,1436608741331,-0.013766659,10.019734,3.0424318
7266,1436608741351,-0.10115502,10.00477,3.0376434
7267,1436608741370,-0.20649989,9.916783,2.9903579
7268,1436608741390,-0.24660277,9.886856,2.9287071
7269,1436608741411,-0.24839842,9.831191,2.930503
7270,1436608741431,-0.23283611,9.739613,2.891597
7271,1436608741476,-0.20111294,9.702502,2.902371
7272,1436608741477,-0.16101007,9.791686,2.9825768
7273,1436608741493,-0.17836803,9.742006,3.064578
7274,1436608741511,-0.24121583,9.628283,3.0891187
7275,1436608741531,-0.30885202,9.680356,3.1064768
7276,1436608741551,-0.320823,9.727043,3.0771477
7277,1436608741573,-0.24121583,9.764751,3.0502129
7278,1436608741591,-0.12808979,9.739014,3.0346506
7279,1436608741615,-0.013766659,9.693524,3.043629
7280,1436608741631,0.11671733,9.713276,3.0071173
7281,1436608741652,0.21547815,9.740809,2.9526494
7282,1436608741673,0.3573346,9.739613,2.9149406
7283,1436608741691,0.49679685,9.73662,2.938284
7284,1436608741714,0.623091,9.746795,2.956839
7285,1436608741735,0.6961141,9.752182,2.932897
7286,1436608741753,0.6979098,9.7402115,2.932897
7287,1436608741775,0.6811504,9.700109,2.9047651
7288,1436608741795,0.6727707,9.701305,2.9107506
7289,1436608741813,0.6087258,9.727641,2.919729
7290,1436608741834,0.5793968,9.75697,2.9137435
7291,1436608741855,0.56443304,9.753978,2.954445
7292,1436608741873,0.5434838,9.794679,2.9646204
7293,1436608741891,0.5231331,9.810242,2.9634233
7294,1436608741916,0.4830302,9.806051,2.942474
7295,1436608741934,0.44831428,9.800066,2.9173348
7296,1436608741957,0.4441244,9.812635,2.9215245
7297,1436608741976,0.39803603,9.832388,2.8880057
7298,1436608741996,0.29328972,9.857527,2.8832173
7299,1436608742015,0.18614918,9.849147,2.9041667
7300,1436608742034,0.11252748,9.861118,2.8933928
7301,1436608742054,0.050876785,9.865308,2.9131448
7302,1436608742072,-0.022146367,9.870695,2.9346926
7303,1436608742097,-0.05327099,9.885659,2.9508536
7304,1436608742118,-0.09876082,9.897031,2.9712043
7305,1436608742137,-0.14963761,9.852738,2.9765913
7306,1436608742154,-0.17597382,9.825804,2.967613
7307,1436608742181,-0.17238252,9.809643,2.9694088
7308,1436608742236,-0.14604631,9.8042555,2.9861681
7309,1436608742237,-0.14844051,9.809045,2.9873652
7310,1436608742238,-0.18076223,9.822811,3.0011318
7311,1436608742254,-0.18614918,9.81922,2.9879637
7312,1436608742281,-0.15981296,9.8042555,2.9903579
7313,1436608742293,-0.15203181,9.785701,2.9873652
7314,1436608742312,-0.14784196,9.801862,2.9753942
7315,1436608742333,-0.16938977,9.786898,2.949058
7316,1436608742352,-0.16938977,9.755175,2.954445
7317,1436608742376,-0.17776948,9.758766,2.954445
7318,1436608742395,-0.20709845,9.795278,2.9538465
7319,1436608742414,-0.23582886,9.802461,2.979584
7320,1436608742432,-0.28311434,9.836577,2.9819782
7321,1436608742455,-0.3238158,9.835979,3.0071173
7322,1436608742476,-0.3645172,9.811439,2.9981391
7323,1436608742495,-0.39683893,9.807249,3.0095115
7324,1436608742515,-0.43634325,9.815628,2.995745
7325,1436608742536,-0.45968673,9.821614,3.015497
7326,1436608742557,-0.47884035,9.808446,3.0232782
7327,1436608742575,-0.49919105,9.831191,3.0909145
7328,1436608742596,-0.4950012,9.825205,3.0723593
7329,1436608742616,-0.51355624,9.835979,3.079542
7330,1436608742632,-0.492607,9.834184,3.091513
7331,1436608742656,-0.4914099,9.836577,3.071761
7332,1436608742676,-0.47405192,9.832987,3.09271
7333,1436608742696,-0.4441244,9.812635,3.122039
7334,1436608742716,-0.4345476,9.8042555,3.1304188
7335,1436608742735,-0.42796355,9.813833,3.1256304
7336,1436608742755,-0.39564183,9.817424,3.1112652
7337,1436608742775,-0.3645172,9.81084,3.116652
7338,1436608742796,-0.3357868,9.787497,3.12982
7339,1436608742816,-0.3226187,9.832987,3.1118636
7340,1436608742836,-0.28072014,9.817424,3.0711622
7341,1436608742856,-0.22685061,9.749189,3.1010897
7342,1436608742876,-0.1388637,9.783905,3.1280246
7343,1436608742961,-0.032920275,9.812635,3.1352072
7344,1436608742962,0.01316811,9.788693,3.1214404
7345,1436608742963,0.046686932,9.728839,3.1352072
7346,1436608742964,0.06464344,9.721656,3.177704
7347,1436608742972,0.092176765,9.704298,3.1872811
7348,1436608742998,0.08319851,9.702502,3.2237926
7349,1436608743015,0.08379706,9.710882,3.2902317
7350,1436608743032,0.038307227,9.730036,3.292626
7351,1436608743061,0.017956512,9.75697,3.2848446
7352,1436608743079,-0.020949265,9.696517,3.2800562
7353,1436608743102,0.03232172,9.664794,3.2279825
7354,1436608743112,0.09876082,9.65821,3.1872811
7355,1436608743135,0.17357962,9.67018,3.1411927
7356,1436608743152,0.23762453,9.675568,3.1639376
7357,1436608743176,0.2693477,9.681553,3.1346085
7358,1436608743196,0.26515785,9.715671,3.140594
7359,1436608743216,0.23463176,9.737817,3.1681273
7360,1436608743235,0.20470424,9.7240505,3.217807
7361,1436608743256,0.22026655,9.692925,3.2638955
7362,1436608743276,0.22505496,9.729437,3.309984
7363,1436608743296,0.16519992,9.797672,3.3135753
7364,1436608743316,0.11252748,9.892841,3.347094
7365,1436608743335,0.14065935,9.928156,3.3494883
7366,1436608743356,0.17836803,9.957485,3.3997664
7367,1436608743372,0.24480712,9.952098,3.4141316
7368,1436608743399,0.23104046,9.909002,3.4440591
7369,1436608743415,0.17776948,9.844957,3.3638535
7370,1436608743436,0.10654198,9.698313,3.2770636
7371,1436608743456,0.050278235,9.612122,3.2076318
7372,1436608743475,-0.06284779,9.564238,3.1106665
7373,1436608743496,-0.17537527,9.55885,3.0244753
7374,1436608743516,-0.33039984,9.64564,2.9825768
7375,1436608743536,-0.45489833,9.697116,2.9418752
7376,1436608743558,-0.53809685,9.71986,2.9514523
7377,1436608743577,-0.5542577,9.713875,2.973
7378,1436608743596,-0.55844754,9.704897,2.9987376
7379,1436608743616,-0.52971715,9.728839,2.9951463
7380,1436608743636,-0.4938041,9.761759,3.0238767
7381,1436608743702,-0.45130703,9.788095,3.0867245
7382,1436608743703,-0.38965634,9.816826,3.1848867
7383,1436608743704,-0.35075054,9.836577,3.2620997
7384,1436608743713,-0.3172317,9.836577,3.29502
7385,1436608743738,-0.33039984,9.824607,3.2794578
7386,1436608743756,-0.3286042,9.790489,3.277662
7387,1436608743773,-0.3693056,9.807249,3.2202013
7388,1436608743796,-0.39923313,9.7803135,3.1346085
7389,1436608743814,-0.41120413,9.7240505,3.0969
7390,1436608743836,-0.38067806,9.724648,3.083732
7391,1436608743854,-0.3645172,9.67856,3.1028855
7392,1436608743874,-0.35793316,9.642648,3.1136594
7393,1436608743893,-0.36152446,9.651626,3.1136594
7394,1436608743916,-0.39624038,9.65821,3.105878
7395,1436608743936,-0.41000703,9.682152,3.083732
7396,1436608743956,-0.42197806,9.741408,3.108871
7397,1436608743977,-0.41479546,9.742605,3.1310172
7398,1436608743996,-0.3788824,9.72824,3.163339
7399,1436608744016,-0.3752911,9.646837,3.1681273
7400,1436608744033,-0.35673606,9.661801,3.1717186
7401,1436608744056,-0.32621,9.6923275,3.1489737
7402,1436608744079,-0.3465607,9.7084875,3.1232362
7403,1436608744093,-0.3657143,9.75697,3.1232362
7404,1436608744113,-0.3800795,9.7863,3.1316159
7405,1436608744137,-0.42197806,9.752182,3.1603463
7406,1436608744156,-0.439336,9.727043,3.1884782
7407,1436608744176,-0.48961425,9.67856,3.1944637
7408,1436608744197,-0.53091425,9.64564,3.1866825
7409,1436608744217,-0.54527944,9.649231,3.164536
7410,1436608744237,-0.557849,9.655815,3.1483753
7411,1436608744256,-0.53330845,9.686341,3.1591492
7412,1436608744276,-0.45070848,9.690532,3.1783028
7413,1436608744297,-0.33997664,9.706094,3.2154129
7414,1436608744317,-0.2621651,9.746795,3.1920695
7415,1436608744335,-0.21667525,9.768942,3.1824925
7416,1436608744356,-0.18195933,9.741408,3.1681273
7417,1436608744435,-0.15442601,9.714474,3.1435869
7418,1436608744436,-0.16220717,9.688137,3.1387985
7419,1436608744437,-0.19093758,9.663596,3.1244333
7420,1436608744438,-0.21188685,9.652225,3.1268275
7421,1436608744456,-0.24600422,9.674969,3.145981
7422,1436608744476,-0.2765303,9.730036,3.1507695
7423,1436608744494,-0.31064767,9.7402115,3.1364043
7424,1436608744519,-0.31004912,9.713875,3.1615434
7425,1436608744536,-0.27234045,9.778519,3.1794999
7426,1436608744557,-0.25019407,9.762358,3.1471782
7427,1436608744579,-0.2741361,9.7803135,3.128623
7428,1436608744595,-0.26755205,9.760562,3.1184478
7429,1436608744618,-0.2885013,9.774927,3.1238346
7430,1436608744637,-0.32920274,9.792884,3.1238346
7431,1436608744657,-0.3752911,9.801862,3.0879216
7432,1436608744677,-0.3800795,9.800066,3.063381
7433,1436608744697,-0.3609259,9.772532,3.1148565
7434,1436608744717,-0.28670564,9.76954,3.1184478
7435,1436608744737,-0.24839842,9.799467,3.1226375
7436,1436608744757,-0.21787235,9.797672,3.104681
7437,1436608744777,-0.2220622,9.799467,3.0813377
7438,1436608744797,-0.20290859,9.753379,3.0992942
7439,1436608744815,-0.17298107,9.759365,3.0992942
7440,1436608744837,-0.1592144,9.766547,3.0879216
7441,1436608744857,-0.10534488,9.735423,3.0735564
7442,1436608744875,-0.0724246,9.745598,3.0992942
7443,1436608744897,-0.026934769,9.736021,3.120842
7444,1436608744914,-0.0053869537,9.762358,3.1381998
7445,1436608744937,0.020949265,9.804854,3.1681273
7446,1436608744957,-0.033518825,9.766547,3.1184478
7447,1436608744979,-0.08200141,9.715671,3.0986955
7448,1436608744997,-0.08559271,9.6923275,3.1040826
7449,1436608745017,-0.12330139,9.695918,3.0705638
7450,1436608745037,-0.12988544,9.722255,3.0801406
7451,1436608745056,-0.11192893,9.733028,3.1124623
7452,1436608745162,-0.108337626,9.7863,3.1292217
7453,1436608745163,-0.0724246,9.8042555,3.165733
7454,1436608745164,-0.044891283,9.820416,3.139397
7455,1436608745165,-0.023942016,9.817424,3.1495724
7456,1436608745166,0.008978256,9.810242,3.122039
7457,1436608745178,0.038905777,9.78989,3.0801406
7458,1436608745199,0.0700304,9.73662,3.0490158
7459,1436608745215,0.11851298,9.735423,3.0466216
7460,1436608745247,0.15083471,9.745598,3.0621839
7461,1436608745257,0.16519992,9.740809,3.0747535
7462,1436608745276,0.22685061,9.755774,3.0663738
7463,1436608745296,0.23104046,9.792285,3.0998926
7464,1436608745315,0.2136825,9.807847,3.1010897
7465,1436608745338,0.18016368,9.785102,3.0801406
7466,1436608745355,0.12330139,9.774328,3.0813377
7467,1436608745378,0.05865794,9.763555,3.0639796
7468,1436608745398,-0.03232172,9.783905,3.074155
7469,1436608745416,-0.10354923,9.81084,3.0813377
7470,1436608745438,-0.15023616,9.78989,3.093907
7471,1436608745458,-0.15502456,9.788693,3.1310172
7472,1436608745478,-0.18674773,9.811439,3.153762
7473,1436608745498,-0.20530279,9.788693,3.1531637
7474,1436608745518,-0.24779987,9.795278,3.1465795
7475,1436608745537,-0.2657564,9.774328,3.1603463
7476,1436608745557,-0.28909984,9.807847,3.1477766
7477,1436608745578,-0.260968,9.791088,3.1441853
7478,1436608745597,-0.25318682,9.762358,3.1663318
7479,1436608745617,-0.2136825,9.749788,3.151368
7480,1436608745636,-0.18195933,9.725846,3.1376014
7481,1436608745659,-0.1352724,9.698313,3.104681
7482,1436608745680,-0.07062895,9.668385,3.039439
7483,1436608745699,0.035913024,9.57142,2.9771898
7484,1436608745718,0.16819267,9.565434,3.027468
7485,1436608745737,0.31124622,9.618107,3.1663318
7486,1436608745756,0.350152,9.776723,3.3435028
7487,1436608745777,0.22924481,10.081385,3.4278982
7488,1436608745797,-0.014963761,10.096947,3.4488475
7489,1436608745819,-0.29867667,9.881469,3.3752258
7490,1436608745883,-0.39025488,9.692925,3.217807
7491,1436608745884,-0.40761283,9.619304,3.168726
7492,1436608745885,-0.43394905,9.655217,3.1639376
7493,1436608745896,-0.4973954,9.693524,3.0502129
7494,1436608745921,-0.48362875,9.667188,2.9933507
7495,1436608745937,-0.40043023,9.635465,3.0113072
7496,1436608745957,-0.32441434,9.64564,3.0442274
7497,1436608745977,-0.17896658,9.71986,3.0723593
7498,1436608745997,0.06344634,9.80665,3.0669725
7499,1436608746016,0.22984336,9.854534,3.0597897
7500,1436608746040,0.4189853,9.822212,3.0777464
7501,1436608746056,0.5291186,9.811439,3.0885203
7502,1436608746077,0.6919243,9.907207,2.9861681
7503,1436608746097,0.8487445,9.925163,2.9777884
7504,1436608746117,0.9744401,9.924564,2.9616275
7505,1436608746138,1.0720038,9.913192,2.9712043
7506,1436608746158,1.1420342,9.829395,2.9987376
7507,1436608746177,1.0660183,9.80665,2.9903579
7508,1436608746195,1.009156,9.822212,2.9047651
7509,1436608746215,0.85772276,9.777321,2.8868086
7510,1436608746235,0.7062895,9.81503,2.873042
7511,1436608746259,0.5021838,9.862315,2.861071
7512,1436608746277,0.32441434,9.838972,2.9053638
7513,1436608746297,0.2124854,9.824607,2.9484594
7514,1436608746317,0.11252748,9.8515415,2.9017725
7515,1436608746337,0.108936176,9.871892,2.8461072
7516,1436608746356,0.24480712,9.808446,2.8538885
7517,1436608746377,0.35434186,9.757569,2.8473043
7518,1436608746399,0.49440265,9.752182,2.8042088
7519,1436608746416,0.6781576,9.66659,2.8179753
7520,1436608746439,0.85891986,9.688137,2.7976246
7521,1436608746459,0.97623575,9.700109,2.8179753
7522,1436608746477,1.062427,9.707291,2.8269536
7523,1436608746497,1.0857705,9.722853,2.8419175
7524,1436608746517,1.1145009,9.78989,2.8760347
7525,1436608746536,1.1504139,9.761759,2.9358897
7526,1436608746558,1.1988965,9.749189,2.9747956
7527,1436608746629,1.2521675,9.679757,2.9867666
7528,1436608746630,1.2862848,9.683349,2.956839
7529,1436608746631,1.2868834,9.698313,2.9712043
7530,1436608746661,1.2437878,9.713875,2.9520507
7531,1436608746674,1.1270704,9.752182,2.9215245
7532,1436608746677,1.049259,9.750386,2.9041667
7533,1436608746703,1.0570401,9.718663,2.9287071
7534,1436608746716,1.0510546,9.737218,2.9340942
7535,1436608746736,1.06123,9.755774,2.9460652
7536,1436608746756,1.0289081,9.730635,2.8975825
7537,1436608746777,1.0307038,9.677363,2.9257145
7538,1436608746796,1.0001777,9.700109,2.878429
7539,1436608746816,0.95708215,9.706693,2.8898015
7540,1436608746837,0.93852705,9.683948,2.867655
7541,1436608746859,0.8643068,9.643845,2.9083564
7542,1436608746879,0.770933,9.621698,2.885013
7543,1436608746899,0.7302315,9.64145,2.8694508
7544,1436608746922,0.6560113,9.674969,2.8389246
7545,1436608746939,0.6392518,9.763555,2.8209682
7546,1436608746959,0.6512229,9.831191,2.8329391
7547,1436608746979,0.62608373,9.772532,2.9191303
7548,1436608746999,0.61171854,9.811439,2.9502552
7549,1436608747019,0.5686229,9.859323,2.9299042
7550,1436608747040,0.5398925,9.886257,2.8898015
7551,1436608747056,0.5470751,9.904813,2.8580782
7552,1436608747077,0.5638345,9.93893,2.855684
7553,1436608747098,0.50996494,9.957485,2.8790276
7554,1436608747119,0.46387658,9.968259,2.8335378
7555,1436608747137,0.44891283,9.977836,2.8078
7556,1436608747162,0.44771573,9.949704,2.8574798
7557,1436608747182,0.4441244,9.904214,2.9047651
7558,1436608747202,0.41299978,9.903615,2.8904
7559,1436608747220,0.3728969,9.898827,2.7868507
7560,1436608747239,0.39983168,9.837775,2.7551277
7561,1436608747256,0.4249708,9.825205,2.7617116
7562,1436608747277,0.4201824,9.818023,2.755726
7563,1436608747297,0.39624038,9.8683,2.7263973
7564,1436608747322,0.3812766,9.8683,2.706645
7565,1436608747386,0.34835634,9.87668,2.7132292
7566,1436608747387,0.30286652,9.859323,2.7389667
7567,1436608747388,0.24720132,9.863512,2.7485435
7568,1436608747397,0.20410569,9.888053,2.7485435
7569,1436608747424,0.19991584,9.935339,2.6916811
7570,1436608747440,0.22924481,9.941922,2.7060466
7571,1436608747456,0.2825158,9.903615,2.7024553
7572,1436608747478,0.362123,9.915586,2.6844985
7573,1436608747497,0.43514615,9.921572,2.6683378
7574,1436608747518,0.4866215,9.8994255,2.6557682
7575,1436608747540,0.5189432,9.919178,2.690484
7576,1436608747558,0.51235914,9.91798,2.7024553
7577,1436608747577,0.46028528,9.910199,2.6940753
7578,1436608747600,0.41240123,9.906608,2.6713305
7579,1436608747620,0.3393781,9.910798,2.6210523
7580,1436608747640,0.28550854,9.8994255,2.6030958
7581,1436608747660,0.21188685,9.847352,2.5971103
7582,1436608747680,0.12928689,9.837176,2.5899277
7583,1436608747700,0.08678981,9.860519,2.570774
7584,1436608747720,0.055066638,9.886257,2.5492263
7585,1436608747740,0.076015905,9.88506,2.5396495
7586,1436608747760,0.110133275,9.838373,2.5480292
7587,1436608747778,0.18914193,9.770737,2.5803509
7588,1436608747800,0.29149407,9.860519,2.56419
7589,1436608747820,0.3417723,9.909601,2.5270798
7590,1436608747840,0.3764882,9.974843,2.5390508
7591,1436608747860,0.40162733,10.003573,2.5510218
7592,1436608747879,0.41060558,9.965864,2.541445
7593,1436608747900,0.42556936,9.931747,2.5151088
7594,1436608747920,0.4441244,9.888652,2.5001452
7595,1436608747939,0.44532153,9.886856,2.4839842
7596,1436608747960,0.4261679,9.903017,2.4582467
7597,1436608747979,0.44711718,9.902418,2.4247277
7598,1436608747999,0.46088383,9.877279,2.396596
7599,1436608748019,0.52732295,9.892841,2.3798366
7600,1436608748049,0.56682724,9.919178,2.3127987
7601,1436608748138,0.5919664,9.957485,2.2768857
7602,1436608748139,0.6147113,10.009559,2.331354
7603,1436608748140,0.51475334,10.129269,2.3612814
7604,1436608748141,0.36870706,10.184336,2.369661
7605,1436608748142,0.17896658,10.148422,2.2810757
7606,1436608748158,0.06823475,10.100538,2.1787236
7607,1436608748177,0.05746084,10.047267,2.1380222
7608,1436608748197,0.1400608,10.037092,2.1625626
7609,1436608748217,0.23463176,10.023325,2.235586
7610,1436608748240,0.31783026,10.067019,2.2523453
7611,1436608748259,0.39983168,10.053851,2.307412
7612,1436608748278,0.45609543,10.123283,2.3229742
7613,1436608748298,0.4441244,10.1460285,2.3529017
7614,1436608748318,0.44711718,10.15381,2.3588872
7615,1436608748338,0.40701428,10.126875,2.4079683
7616,1436608748358,0.39983168,10.064027,2.3439236
7617,1436608748378,0.41240123,9.949105,2.3211784
7618,1436608748398,0.44831428,9.903017,2.292448
7619,1436608748418,0.49919105,9.901819,2.2391772
7620,1436608749890,0.5482722,9.838373,2.304419
7621,1436608749891,0.599149,9.904214,2.3403323
7622,1436608749892,0.6476316,9.905411,2.368464
7623,1436608749893,0.6655881,9.943718,2.4001873
7624,1436608749894,0.6607997,9.933543,2.4049757
7625,1436608749895,0.65182143,9.889849,2.415151
7626,1436608749896,0.60094464,9.903615,2.4073699
7627,1436608749897,0.52253455,9.939528,2.373851
7628,1436608749898,0.48123455,9.907207,2.3786395
7629,1436608749899,0.439336,9.880871,2.3822308
7630,1436608749900,0.4417302,9.900024,2.3900118
7631,1436608749901,0.43634325,9.943718,2.4187422
7632,1436608749902,0.4369418,9.936536,2.4253263
7633,1436608749903,0.40402153,9.979631,2.4025815
7634,1436608749904,0.41299978,9.936536,2.391209
7635,1436608749905,0.415394,9.894637,2.4025815
7636,1436608749906,0.45669398,9.878476,2.4558525
7637,1436608749907,0.48961425,9.905411,2.4408886
7638,1436608749908,0.51595044,9.988609,2.4235306
7639,1436608749909,0.51954174,9.965864,2.4396915
7640,1436608749910,0.49919105,9.8916445,2.460641
7641,1436608749911,0.44472298,9.849147,2.4552538
7642,1436608749912,0.39264908,9.89344,2.4073699
7643,1436608749913,0.3441665,9.932944,2.3385365
7644,1436608749914,0.31902736,9.949105,2.360683
7645,1436608749915,0.2837129,9.939528,2.3780408
7646,1436608749916,0.26874915,9.946113,2.3959973
7647,1436608749917,0.25677812,9.935339,2.3732524
7648,1436608749918,0.21667525,9.989208,2.356493
7649,1436608749919,0.17657238,10.016143,2.3540988
7650,1436608749920,0.08080431,10.029311,2.3774424
7651,1436608749921,-0.032920275,10.028113,2.392406
7652,1436608749922,-0.093373865,10.02153,2.3900118
7653,1436608749923,-0.1592144,10.044274,2.4019828
7654,1436608749924,-0.22385786,10.077195,2.3385365
7655,1436608749925,-0.2208651,10.05445,2.32058
7656,1436608749926,-0.18914193,10.062231,2.3307555
7657,1436608749927,-0.15263036,10.056845,2.3421278
7658,1436608749928,-0.05207389,10.020332,2.3523033
7659,1436608749929,0.020949265,10.022727,2.404377
7660,1436608749930,0.089782566,10.044274,2.393603
7661,1436608749931,0.11432313,10.005369,2.3888147
7662,1436608749932,0.12988544,9.985018,2.385822
7663,1436608749933,0.12150574,9.981427,2.4133554
7664,1436608749934,0.09636662,10.013748,2.432509
7665,1436608749935,-0.004189853,9.982624,2.441487
7666,1436608749936,-0.0676362,9.976639,2.4378958
7667,1436608749937,-0.10115502,9.958083,2.4552538
7668,1436608749938,-0.022744916,9.989806,2.4361002
7669,1436608749939,0.08798691,10.020931,2.4582467
7670,1436608749940,0.19692309,9.950901,2.528277
7671,1436608749941,0.26396075,9.9233675,2.5528176
7672,1436608749942,0.27952304,10.035895,2.5659857
7673,1436608749943,0.28191724,10.053253,2.5240872
7674,1436608749944,0.29269117,10.014347,2.4833858
7675,1436608749945,0.30047232,9.9712515,2.4947581
7676,1436608749946,0.25737667,9.886856,2.4642322
7677,1436608749947,0.22505496,9.831191,2.4648306
7678,1436608749948,0.22385786,9.7719345,2.4881742
7679,1436608749949,0.31184477,9.724648,2.552219
7680,1436608749950,0.38965634,9.771336,2.5965118
7681,1436608749951,0.40821138,9.745,2.6677392
7682,1436608749952,0.39983168,9.742605,2.7216089
7683,1436608749953,0.3286042,9.747394,2.7323828
7684,1436608749954,0.25797522,9.774328,2.7581203
7685,1436608749955,0.20410569,9.7641535,2.7688942
7686,1436608749956,0.14963761,9.796474,2.8042088
7687,1436608749957,0.12629414,9.825205,2.8407204
7688,1436608749958,0.08559271,9.882666,2.8191724
7689,1436608749959,0.02932897,9.902418,2.7994204
7690,1436608749960,0.026934769,9.876082,2.7922378
7691,1436608749961,0.08200141,9.874885,2.814384
7692,1436608749962,0.17776948,9.890448,2.8030117
7693,1436608749963,0.25198972,9.93893,2.7688942
7694,1436608749964,0.2789245,9.935339,2.7377696
7695,1436608749965,0.34596214,9.911995,2.7802668
7696,1436608749966,0.40521863,9.864111,2.8030117
7697,1436608749978,0.4405331,9.894038,2.842516
7698,1436608749998,0.4417302,9.962274,2.831742
7699,1436608750018,0.34117374,9.970055,2.8215668
7700,1436608750038,0.2621651,9.958083,2.830545
7701,1436608750058,0.23403321,9.924564,2.859874
7702,1436608750078,0.24839842,10.001179,2.9173348
7703,1436608750098,0.34117374,10.049662,2.983774
7704,1436608750118,0.41359833,10.081385,3.0639796
7705,1436608750140,0.43873745,10.129868,3.1028855
7706,1436608750160,0.50996494,10.084377,3.1453824
7707,1436608750180,0.664391,9.937733,3.2908301
7708,1436608750200,0.7218518,9.850943,3.3740287
7709,1436608750222,0.6147113,9.782109,3.329736
7710,1436608750240,0.46447513,9.754577,3.17531
7711,1436608750260,0.40462008,9.662399,3.1202433
7712,1436608750279,0.43514615,9.659407,3.1112652
7713,1436608750300,0.504578,9.555858,3.2291796
7714,1436608750320,0.54887074,9.547478,3.38181
7715,1436608750340,0.5823896,9.578004,3.3979707
7716,1436608750363,0.56802434,9.519944,3.4464533
7717,1436608750383,0.5793968,9.465476,3.4356794
7718,1436608750400,0.56563014,9.438541,3.4404678
7719,1436608750420,0.5710171,9.44752,3.3901896
7720,1436608750446,0.5201403,9.427768,3.401562
7721,1436608750503,0.48123455,9.3583355,3.4506433
7722,1436608750504,0.41299978,9.303867,3.4757824
7723,1436608750505,0.3585317,9.294889,3.4506433
7724,1436608750524,0.24600422,9.32362,3.38181
7725,1436608750541,0.15382746,9.418191,3.401562
7726,1436608750565,0.18614918,9.487024,3.4392707
7727,1436608750579,0.16579847,9.440337,3.4662056
7728,1436608750600,0.1592144,9.473258,3.4320881
7729,1436608750620,0.207697,9.511565,3.3674448
7730,1436608750641,0.31004912,9.548077,3.3303347
7731,1436608750660,0.30885202,9.602545,3.280655
7732,1436608750681,0.24181437,9.683349,3.2632968
7733,1436608750700,0.20709845,9.7803135,3.3093853
7734,1436608750723,0.26635495,9.865308,3.3955765
7735,1436608750743,0.39743748,10.0664215,3.4871547
7736,1436608750763,0.4973954,10.162787,3.5990837
7737,1436608750781,0.5542577,10.168773,3.7343562
7738,1436608750803,0.5434838,10.15381,3.764882
7739,1436608750823,0.46088383,10.056845,3.6457705
7740,1436608750843,0.31423897,9.96766,3.4638114
7741,1436608750863,0.20530279,9.8683,3.244742
7742,1436608750880,0.10414778,9.703699,3.072958
7743,1436608750905,0.016759412,9.651027,2.9496565
7744,1436608750923,-0.08559271,9.590573,2.867655
7745,1436608750940,-0.10474633,9.534309,2.8820202
7746,1436608750963,-0.05805939,9.488221,2.961029
7747,1436608750983,0.014963761,9.523536,3.0921116
7748,1436608751003,0.04369418,9.582193,3.1830912
7749,1436608751020,0.090979666,9.613318,3.2680852
7750,1436608751040,0.16101007,9.665392,3.323152
7751,1436608751062,0.18974048,9.686341,3.3800142
7752,1436608751087,0.22266077,9.707291,3.3692403
7753,1436608751106,0.20231004,9.747394,3.3488896
7754,1436608751120,0.17118542,9.780912,3.3075895
7755,1436608751141,0.15562311,9.774927,3.2968156
7756,1436608751178,0.130484,9.745598,3.2387564
7757,1436608751180,0.109534726,9.715072,3.1908724
7758,1436608751281,0.0688333,9.659407,3.1399956
7759,1436608751282,0.079008654,9.634268,3.120842
7760,1436608751283,0.08140286,9.636064,3.1106665
7761,1436608751284,0.09696517,9.625289,3.0897174
7762,1436608751285,0.093373865,9.626487,3.104681
7763,1436608751305,0.11911154,9.630676,3.068768
7764,1436608751323,0.130484,9.482835,3.1136594
7765,1436608751340,0.18195933,9.634268,3.2076318
7766,1436608751366,0.1448492,9.730036,3.228581
7767,1436608751391,0.13467385,9.746795,3.2333694
7768,1436608751401,0.1412579,9.762956,3.1591492
7769,1436608751421,0.20290859,9.651027,3.1908724
7770,1436608751442,0.24600422,9.8198185,3.2429461
7771,1436608751463,0.21787235,9.957485,3.265691
7772,1436608751484,0.09636662,9.803059,3.2237926
7773,1436608751501,0.04369418,9.764751,3.1783028
7774,1436608751524,-0.0023942017,9.776124,3.1256304
7775,1436608751544,0.013766659,9.795278,3.13401
7776,1436608751562,0.026934769,9.853935,3.1621418
7777,1436608751581,0.017357962,9.82341,3.1866825
7778,1436608751604,0.017357962,9.802461,3.1920695
7779,1436608751622,0.046088383,9.760562,3.1884782
7780,1436608751644,0.047285482,9.782708,3.1256304
7781,1436608751663,0.06584055,9.594165,3.1040826
7782,1436608751680,0.13108255,9.6845455,3.168726
7783,1436608751704,0.1376666,9.933543,3.156755
7784,1436608751723,0.14425065,9.54209,3.247136
7785,1436608751743,0.26874915,9.613318,3.2172086
7786,1436608751763,0.3184288,9.555259,3.1789012
7787,1436608751782,0.3537433,9.595362,3.2022448
7788,1436608751804,0.3441665,9.7162695,3.2034419
7789,1436608751824,0.2220622,9.739613,3.2136173
7790,1436608751844,0.08200141,9.529521,3.256713
7791,1436608751864,0.08439561,9.638457,3.1932666
7792,1436608751883,0.077811554,9.710283,3.1232362
7793,1436608751904,0.12210429,9.717466,3.107674
7794,1436608751924,0.16220717,9.721656,3.1783028
7795,1436608751949,0.108337626,9.7803135,3.2034419
7796,1436608752023,0.03172317,9.831191,3.2016463
7797,1436608752024,-0.08020575,9.806051,3.1411927
7798,1436608752029,-0.12090719,9.74859,3.144784
7799,1436608752030,-0.089782566,9.738416,3.117849
7800,1436608752046,-0.02932897,9.762956,3.09271
7801,1436608752089,0.073621705,9.7641535,3.0969
7802,1436608752090,0.15682021,9.800066,3.1016884
7803,1436608752102,0.18375498,9.762956,3.1495724
7804,1436608752139,0.25139117,9.7719345,3.1842883
7805,1436608752145,0.28670564,9.785102,3.1789012
7806,1436608752163,0.27353755,9.779716,3.1627405
7807,1436608752182,0.21787235,9.815628,3.1878796
7808,1436608752201,0.10175357,9.8994255,3.1495724
7809,1436608752223,-0.088585466,9.9233675,3.1196449
7810,1436608752245,-0.2777274,9.877877,3.0933087
7811,1436608752263,-0.42916065,9.805453,3.0867245
7812,1436608752284,-0.4794389,9.76116,3.0532057
7813,1436608752305,-0.45729253,9.772532,3.019687
7814,1436608752322,-0.28790274,9.770737,2.9951463
7815,1436608752344,-0.107739076,9.7958765,3.0334535
7816,1436608752361,0.055066638,9.814431,3.1304188
7817,1436608752384,0.19153613,9.8198185,3.1543608
7818,1436608752401,0.29269117,9.809045,3.1190462
7819,1436608752422,0.35913026,9.782109,3.1322143
7820,1436608752441,0.40521863,9.76954,3.0711622
7821,1436608752464,0.41060558,9.73662,3.0579941
7822,1436608752485,0.42197806,9.691729,3.0442274
7823,1436608752505,0.40761283,9.694122,3.0148985
7824,1436608752525,0.41599256,9.667787,3.0005333
7825,1436608752544,0.4213795,9.668983,3.0083144
7826,1436608752563,0.46387658,9.662998,3.0148985
7827,1436608752584,0.52253455,9.657611,3.0418332
7828,1436608752605,0.5602432,9.671976,3.0669725
7829,1436608752625,0.54288524,9.668983,3.0825348
7830,1436608752645,0.504578,9.661801,3.1112652
7831,1436608752663,0.45729253,9.706693,3.0963013
7832,1436608752682,0.3812766,9.715072,3.0657754
7833,1436608752762,0.30166942,9.750386,3.0172927
7834,1436608752763,0.2088941,9.668983,3.032855
7835,1436608752764,0.053869538,9.758167,2.991555
7836,1436608752765,-0.10354923,9.768942,3.0340521
7837,1436608752782,-0.18734628,9.752182,3.105878
7838,1436608752802,-0.35254622,9.896433,3.1555579
7839,1436608752822,-0.54049104,10.107122,3.0556
7840,1436608752845,-0.676362,9.985018,3.0873232
7841,1436608752862,-0.7374141,9.952098,3.108871
7842,1436608752883,-0.6955156,9.937134,3.1010897
7843,1436608752902,-0.58298814,9.845556,3.083732
7844,1436608752923,-0.39564183,9.81084,3.1094694
7845,1436608752952,-0.24839842,9.807249,3.1346085
7846,1436608752965,-0.073621705,9.837775,3.1705215
7847,1436608752985,0.05626374,9.807249,3.2722752
7848,1436608753006,0.19093758,9.811439,3.3315318
7849,1436608753025,0.24480712,9.783307,3.3237505
7850,1436608753047,0.21787235,9.789292,3.288436
7851,1436608753065,0.14844051,9.7162695,3.2626984
7852,1436608753086,0.022744916,9.795278,3.2040405
7853,1436608753106,-0.12150574,9.818023,3.1376014
7854,1436608753127,-0.18854338,9.78989,3.091513
7855,1436608753145,-0.13227965,9.722255,3.0813377
7856,1436608753166,-0.035314474,9.701904,3.1172507
7857,1436608753183,0.095768064,9.691729,3.1549592
7858,1436608753202,0.207697,9.745,3.198055
7859,1436608753222,0.25917232,9.727641,3.271078
7860,1436608753247,0.2705448,9.722255,3.2824504
7861,1436608753268,0.24720132,9.739613,3.3435028
7862,1436608753288,0.19991584,9.747394,3.347094
7863,1436608753305,0.110133275,9.785701,3.2932243
7864,1436608753322,0.05207389,9.724648,3.2190042
7865,1436608753342,0.019153614,9.784504,3.177704
7866,1436608753362,0.044891283,9.727641,3.2519245
7867,1436608753386,0.142455,9.724648,3.3261447
7868,1436608753402,0.26036942,9.694122,3.3183637
7869,1436608753460,0.3633201,9.659407,3.256713
7870,1436608753473,0.40162733,9.667787,3.1759086
7871,1436608753474,0.45908818,9.660604,3.1789012
7872,1436608753482,0.4758476,9.659407,3.1824925
7873,1436608753505,0.44532153,9.613917,3.2022448
7874,1436608753524,0.45549688,9.564238,3.2064347
7875,1436608753542,0.43514615,9.628283,3.2154129
7876,1436608753562,0.45549688,9.627684,3.1860838
7877,1436608753584,0.4345476,9.67856,3.2758665
7878,1436608753603,0.46208093,9.728839,3.289633
7879,1436608753623,0.48123455,9.7007065,3.3087866
7880,1436608753644,0.49200845,9.706094,3.2854433
7881,1436608753663,0.4938041,9.692925,3.2794578
7882,1436608753686,0.439336,9.704897,3.2501287
7883,1436608753706,0.35913026,9.668385,3.2662897
7884,1436608753726,0.2861071,9.570822,3.2788591
7885,1436608753746,0.22505496,9.582792,3.2597055
7886,1436608753766,0.20051439,9.614515,3.276465
7887,1436608753785,0.20350714,9.643845,3.2968156
7888,1436608753806,0.24061728,9.713875,3.3195608
7889,1436608753826,0.2633622,9.740809,3.3303347
7890,1436608753847,0.2633622,9.762956,3.3267434
7891,1436608753864,0.25019407,9.779117,3.3147724
7892,1436608753886,0.22505496,9.749189,3.3153708
7893,1436608753904,0.17118542,9.694122,3.2836475
7894,1436608753930,0.11312603,9.688137,3.2866404
7895,1436608753943,0.05566519,9.689334,3.2848446
7896,1436608753964,0.026934769,9.674371,3.2722752
7897,1436608753986,-0.006584055,9.650429,3.2716765
7898,1436608754006,-0.033518825,9.674969,3.277662
7899,1436608754029,0.0017956513,9.671976,3.2902317
7900,1436608754046,0.05267244,9.688137,3.2962172
7901,1436608754066,0.11133038,9.703699,3.300407
7902,1436608754088,0.16819267,9.6923275,3.2920272
7903,1436608754106,0.19033903,9.6767645,3.3117795
7904,1436608754277,0.25019407,9.679757,3.2812533
7905,1436608754278,0.27234045,9.696517,3.2746694
7906,1436608754279,0.32561144,9.658808,3.259107
7907,1436608754280,0.30226797,9.669582,3.2914288
7908,1436608754281,0.30346507,9.673173,3.2609026
7909,1436608754282,0.29628247,9.686341,3.2728736
7910,1436608754341,0.2645593,9.718663,3.2632968
7911,1436608754343,0.2657564,9.725846,3.2704794
7912,1436608754344,0.25019407,9.736021,3.2974143
7913,1436608754345,0.1933318,9.725247,3.2860417
7914,1436608754346,0.17956513,9.724648,3.2603042
7915,1436608754347,0.17178397,9.717466,3.252523
7916,1436608754454,0.17537527,9.750985,3.2531216
7917,1436608754455,0.20649989,9.745598,3.2668881
7918,1436608754456,0.23343466,9.716867,3.2704794
7919,1436608754457,0.24241292,9.69113,3.2369606
7920,1436608754458,0.25438392,9.65821,3.2585084
7921,1436608754465,0.28670564,9.624092,3.2309752
7922,1436608754483,0.3184288,9.633669,3.2237926
7923,1436608754504,0.33039984,9.673772,3.2237926
7924,1436608754523,0.35075054,9.728839,3.240552
7925,1436608754544,0.35075054,9.801263,3.2650926
7926,1436608754564,0.3429694,9.767146,3.283049
7927,1436608754584,0.3250129,9.694721,3.2758665
7928,1436608754608,0.30765492,9.618706,3.2770636
7929,1436608754623,0.25139117,9.630077,3.2794578
7930,1436608754644,0.16400282,9.688137,3.2609026
7931,1436608754664,0.09995792,9.74859,3.2363622
7932,1436608754684,0.077213004,9.764751,3.2429461
7933,1436608754704,0.06284779,9.76535,3.2692823
7934,1436608754724,0.05626374,9.8042555,3.2824504
7935,1436608754744,0.06404489,9.812635,3.2854433
7936,1436608754764,0.0796072,9.786898,3.2674868
7937,1436608754782,0.05327099,9.80665,3.2489316
7938,1436608754803,0.04309563,9.778519,3.2303767
7939,1436608754823,0.047884032,9.742605,3.2225955
7940,1436608754843,0.016759412,9.751583,3.2118216
7941,1436608754863,0.0047884034,9.7479925,3.192668
7942,1436608754883,-0.013766659,9.731832,3.208829
7943,1436608754903,0.034715924,9.69951,3.2273839
7944,1436608754923,0.05865794,9.707291,3.245939
7945,1436608754943,0.040102877,9.703101,3.233968
7946,1436608754963,0.0035913025,9.711481,3.2399535
7947,1436608754983,-0.076614454,9.73662,3.2106245
7948,1436608755003,-0.10354923,9.717466,3.2136173
7949,1436608755024,-0.15143326,9.709086,3.229778
7950,1436608755045,-0.17058687,9.674371,3.2154129
7951,1436608755063,-0.19393034,9.7324295,3.2010477
7952,1436608755083,-0.23582886,9.71986,3.2082303
7953,1436608755103,-0.24420857,9.712079,3.1854854
7954,1436608755123,-0.19273324,9.737218,3.1908724
7955,1436608755143,-0.11312603,9.7007065,3.2070332
7956,1436608755163,-0.024540568,9.709086,3.2106245
7957,1436608755183,0.04249708,9.749788,3.2393548
7958,1436608755203,0.15203181,9.747394,3.232771
7959,1436608755223,0.219668,9.746795,3.2172086
7960,1436608755243,0.27593175,9.738416,3.2231941
7961,1436608755263,0.3429694,9.713875,3.2070332
7962,1436608755283,0.3693056,9.710882,3.217807
7963,1436608755303,0.3633201,9.7402115,3.1812954
7964,1436608755323,0.3812766,9.7240505,3.1902738
7965,1436608755345,0.3842694,9.702502,3.1711202
7966,1436608755365,0.39683893,9.727043,3.1824925
7967,1436608755387,0.4189853,9.730635,3.1848867
7968,1436608755406,0.40880993,9.738416,3.1878796
7969,1436608755427,0.44113165,9.75697,3.1830912
7970,1436608755447,0.46088383,9.764751,3.1986535
7971,1436608755465,0.4782418,9.742605,3.217807
7972,1436608755484,0.46507367,9.739613,3.2034419
7973,1436608755506,0.43035775,9.729437,3.1794999
7974,1436608755525,0.40162733,9.7479925,3.1639376
7975,1436608755544,0.37469256,9.73662,3.1477766
7976,1436608755568,0.39624038,9.742605,3.1597476
7977,1436608755584,0.40342298,9.726444,3.1435869
7978,1436608755605,0.41958386,9.739014,3.1471782
7979,1436608755626,0.46267948,9.718064,3.1453824
7980,1436608755644,0.5009867,9.752182,3.1549592
7981,1436608755666,0.53091425,9.735423,3.1531637
7982,1436608755685,0.53809685,9.751583,3.1675289
7983,1436608755707,0.51355624,9.733627,3.1878796
7984,1436608755727,0.51235914,9.758167,3.153762
7985,1436608755747,0.4854244,9.74859,3.1411927
7986,1436608755767,0.4441244,9.765948,3.1423898
7987,1436608755788,0.40581718,9.7563715,3.1429882
7988,1436608755808,0.34955344,9.72824,3.1196449
7989,1436608755828,0.3226187,9.76116,3.1465795
7990,1436608755848,0.32022446,9.744401,3.1250317
7991,1436608755867,0.34117374,9.771336,3.1022868
7992,1436608755887,0.35434186,9.778519,3.1280246
7993,1436608755906,0.3573346,9.761759,3.1531637
7994,1436608755927,0.3681085,9.76535,3.1621418
7995,1436608755948,0.35793316,9.803658,3.1729157
7996,1436608755968,0.33997664,9.785102,3.1639376
7997,1436608755986,0.31543607,9.781511,3.17531
7998,1436608756008,0.31543607,9.76116,3.1735144
7999,1436608756030,0.29568392,9.747394,3.17531
8000,1436608756047,0.2873042,9.7479925,3.17531
8001,1436608756065,0.28311434,9.7803135,3.1609447
8002,1436608756087,0.28191724,9.753379,3.1872811
8003,1436608756105,0.2825158,9.752781,3.181894
8004,1436608756126,0.28550854,9.741408,3.1908724
8005,1436608756150,0.272939,9.739613,3.1950622
8006,1436608756192,0.25378537,9.753978,3.1950622
8007,1436608756193,0.22385786,9.759365,3.1914709
8008,1436608756209,0.20171149,9.747394,3.1950622
8009,1436608756227,0.14784196,9.705495,3.2106245
8010,1436608756251,0.14724341,9.701305,3.1890767
8011,1436608756266,0.14425065,9.7084875,3.1854854
8012,1436608756286,0.18016368,9.721656,3.1830912
8013,1436608756305,0.21547815,9.70789,3.1902738
8014,1436608756336,0.23523031,9.705495,3.1842883
8015,1436608756346,0.26156655,9.715671,3.1830912
8016,1436608756370,0.2753332,9.725846,3.1615434
8017,1436608756401,0.2741361,9.716867,3.2028434
8018,1436608756405,0.26276365,9.721058,3.2136173
8019,1436608756426,0.25498247,9.7162695,3.2172086
8020,1436608756446,0.23582886,9.7084875,3.2243912
8021,1436608756467,0.22146365,9.707291,3.2136173
8022,1436608756488,0.18555063,9.714474,3.210026
8023,1436608756507,0.1604115,9.697714,3.1723173
8024,1436608756527,0.18136078,9.704897,3.1675289
8025,1436608756546,0.21906945,9.721058,3.180697
8026,1436608756569,0.24420857,9.706094,3.1842883
8027,1436608756589,0.28072014,9.712678,3.169923
8028,1436608756609,0.29149407,9.746197,3.198055
8029,1436608756629,0.29807812,9.768343,3.1830912
8030,1436608756649,0.3309984,9.753379,3.1890767
8031,1436608756700,0.33279404,9.750985,3.2106245
8032,1436608756701,0.29747957,9.746197,3.2016463
8033,1436608756706,0.2885013,9.7324295,3.1848867
8034,1436608756726,0.2633622,9.7563715,3.153762
8035,1436608756746,0.24720132,9.758167,3.1842883
8036,1436608756766,0.22864626,9.727043,3.1854854
8037,1436608756791,0.21906945,9.745,3.2004492
8038,1436608756811,0.1921347,9.755774,3.168726
8039,1436608756832,0.18614918,9.758167,3.1693244
8040,1436608756849,0.17597382,9.75697,3.1723173
8041,1436608756867,0.19033903,9.752781,3.1860838
8042,1436608756887,0.20231004,9.73662,3.1872811
8043,1436608756907,0.19812019,9.743802,3.196858
8044,1436608756927,0.20949265,9.738416,3.1675289
8045,1436608756952,0.23762453,9.737817,3.1878796
8046,1436608757011,0.2657564,9.728839,3.2136173
8047,1436608757012,0.27952304,9.724648,3.2094274
8048,1436608757029,0.29568392,9.735423,3.198055
8049,1436608757030,0.2789245,9.727641,3.2160115
8050,1436608757047,0.25438392,9.733627,3.205836
8051,1436608757089,0.207697,9.722853,3.196858
8052,1436608757090,0.19153613,9.714474,3.2076318
8053,1436608757106,0.17058687,9.7084875,3.2273839
8054,1436608757128,0.15083471,9.767146,3.232771
8055,1436608757147,0.13826515,9.739613,3.232771
8056,1436608757167,0.12689269,9.762358,3.228581
8057,1436608757192,0.092775315,9.759365,3.2531216
8058,1436608757209,0.07182605,9.771336,3.2609026
8059,1436608757229,0.051475335,9.737817,3.2267854
8060,1436608757248,0.08559271,9.7007065,3.1603463
8061,1436608757268,0.14664486,9.7084875,3.17531
8062,1436608757289,0.19393034,9.688736,3.192668
8063,1436608757309,0.28311434,9.715072,3.1878796
8064,1436608757329,0.2873042,9.71986,3.2130187
8065,1436608757349,0.30705637,9.754577,3.1992521
8066,1436608757369,0.29448682,9.7803135,3.2082303
8067,1436608757389,0.2908955,9.760562,3.2172086
8068,1436608757409,0.24301147,9.744401,3.2213984
8069,1436608757427,0.22565351,9.724648,3.1962593
8070,1436608757449,0.19692309,9.712678,3.1848867
8071,1436608757469,0.21667525,9.723452,3.192668
8072,1436608757490,0.21428105,9.721058,3.2190042
8073,1436608757510,0.23822308,9.743204,3.2190042
8074,1436608757530,0.22804771,9.750386,3.2106245
8075,1436608757550,0.219668,9.751583,3.2106245
8076,1436608757570,0.22325931,9.750386,3.2124202
8077,1436608757588,0.22026655,9.76535,3.193865
8078,1436608757610,0.23283611,9.722853,3.1824925
8079,1436608757630,0.28311434,9.741408,3.2118216
8080,1436608757651,0.29688102,9.741408,3.2070332
8081,1436608757669,0.33159694,9.7324295,3.2070332
8082,1436608757698,0.3238158,9.725247,3.204639
8083,1436608757791,0.3369839,9.734824,3.1771057
8084,1436608757792,0.3309984,9.739014,3.2028434
8085,1436608757793,0.33159694,9.724648,3.2124202
8086,1436608757794,0.29747957,9.7402115,3.1741128
8087,1436608757795,0.28550854,9.736021,3.1783028
8088,1436608757822,0.26515785,9.731832,3.1902738
8089,1436608757836,0.28072014,9.736021,3.2255883
8090,1436608757847,0.26635495,9.735423,3.2124202
8091,1436608757874,0.2633622,9.72824,3.2231941
8092,1436608757893,0.2873042,9.762956,3.1860838
8093,1436608757908,0.2813187,9.724648,3.221997
8094,1436608757927,0.25079262,9.731832,3.2357635
8095,1436608757947,0.23642741,9.734824,3.2243912
8096,1436608757969,0.23882163,9.712678,3.2130187
8097,1436608757989,0.24420857,9.720459,3.2010477
8098,1436608758010,0.25917232,9.674969,3.2022448
8099,1436608758031,0.26036942,9.643246,3.235165
8100,1436608758048,0.25438392,9.687539,3.2190042
8101,1436608758072,0.23942018,9.781511,3.2273839
8102,1436608758089,0.2088941,9.828198,3.2315738
8103,1436608758110,0.22325931,9.838373,3.2309752
8104,1436608758130,0.25019407,9.82341,3.2620997
8105,1436608758147,0.2765303,9.808446,3.2237926
8106,1436608758169,0.25378537,9.771336,3.1986535
8107,1436608758190,0.2124854,9.774927,3.1854854
8108,1436608758207,0.20470424,9.709685,3.205836
8109,1436608758227,0.18614918,9.673772,3.2231941
8110,1436608758247,0.1945289,9.690532,3.2196028
8111,1436608758272,0.21308395,9.688736,3.2154129
8112,1436608758293,0.23582886,9.679159,3.2429461
8113,1436608758313,0.28491,9.698911,3.2609026
8114,1436608758327,0.31902736,9.719262,3.2333694
8115,1436608758347,0.32621,9.733627,3.2345665
8116,1436608758367,0.34596214,9.72824,3.2453403
8117,1436608758387,0.3226187,9.734824,3.2615013
8118,1436608758408,0.30765492,9.727641,3.2333694
8119,1436608758427,0.29807812,9.686341,3.2333694
8120,1436608758481,0.28550854,9.690532,3.2094274
8121,1436608758482,0.27593175,9.692925,3.2208
8122,1436608758490,0.27712885,9.7240505,3.204639
8123,1436608758507,0.27114335,9.69113,3.2429461
8124,1436608758527,0.260968,9.69113,3.2273839
8125,1436608758549,0.23762453,9.691729,3.21661
8126,1436608758567,0.20709845,9.736021,3.208829
8127,1436608758589,0.16340427,9.761759,3.2231941
8128,1436608758607,0.16101007,9.739613,3.2154129
8129,1436608758629,0.1388637,9.752781,3.233968
8130,1436608758648,0.15861586,9.750386,3.244742
8131,1436608758668,0.1328782,9.76535,3.241749
8132,1436608758690,0.110731825,9.739613,3.2231941
8133,1436608758710,0.110133275,9.714474,3.2202013
8134,1436608758730,0.13706805,9.714474,3.1932666
8135,1436608758750,0.17417817,9.705495,3.1914709
8136,1436608758770,0.2208651,9.701904,3.1974564
8137,1436608758790,0.22266077,9.725846,3.2225955
8138,1436608758822,0.22445641,9.743802,3.228581
8139,1436608758827,0.2172738,9.759963,3.2369606
8140,1436608758859,0.21667525,9.763555,3.2495303
8141,1436608758868,0.15981296,9.749189,3.2357635
8142,1436608758887,0.1448492,9.738416,3.221997
8143,1436608758908,0.109534726,9.746197,3.2243912
8144,1436608758928,0.089184016,9.734225,3.2142158
8145,1436608759004,0.08439561,9.7084875,3.217807
8146,1436608759005,0.12569559,9.722853,3.2028434
8147,1436608759007,0.1340753,9.730036,3.2208
8148,1436608759008,0.15382746,9.730635,3.2261868
8149,1436608759029,0.18016368,9.729437,3.2196028
8150,1436608759048,0.22385786,9.734824,3.204639
8151,1436608759070,0.2645593,9.721656,3.229778
8152,1436608759088,0.2813187,9.72824,3.233968
8153,1436608759109,0.29807812,9.73662,3.2225955
8154,1436608759128,0.31004912,9.709086,3.2225955
8155,1436608759148,0.29448682,9.697116,3.2016463
8156,1436608759168,0.29029694,9.706693,3.1986535
8157,1436608759196,0.29388827,9.715671,3.1800983
8158,1436608759207,0.320823,9.701904,3.1944637
8159,1436608759228,0.32561144,9.709086,3.210026
8160,1436608759248,0.3453636,9.716867,3.2004492
8161,1436608759269,0.32680854,9.725247,3.2004492
8162,1436608759289,0.3489549,9.745598,3.1974564
8163,1436608759309,0.350152,9.753978,3.2255883
8164,1436608759328,0.3465607,9.767146,3.210026
8165,1436608759350,0.3321955,9.741408,3.2004492
8166,1436608759372,0.34117374,9.73662,3.2040405
8167,1436608759391,0.32680854,9.725846,3.2291796
8168,1436608759410,0.29927522,9.74859,3.2267854
8169,1436608759429,0.25378537,9.717466,3.2076318
8170,1436608759452,0.26156655,9.718663,3.1830912
8171,1436608759471,0.29448682,9.715072,3.1836896
8172,1436608759490,0.30346507,9.712678,3.2016463
8173,1436608759510,0.33758244,9.733627,3.2267854
8174,1436608759530,0.35913026,9.753978,3.2303767
8175,1436608759549,0.3764882,9.767146,3.2016463
8176,1436608759572,0.36990416,9.778519,3.2208
8177,1436608759590,0.3489549,9.758766,3.1908724
8178,1436608759612,0.32800564,9.74859,3.2064347
8179,1436608759632,0.3298013,9.731832,3.2070332
8180,1436608759650,0.31603462,9.733627,3.2034419
8181,1436608759670,0.31004912,9.759963,3.196858
8182,1436608759690,0.33159694,9.734824,3.1896753
8183,1436608759710,0.3657143,9.743204,3.1956608
8184,1436608759732,0.3854665,9.745,3.2028434
8185,1436608759750,0.39085343,9.758167,3.1890767
8186,1436608759770,0.37349546,9.758766,3.1854854
8187,1436608759790,0.3609259,9.742006,3.1872811
8188,1436608759815,0.35314476,9.735423,3.2076318
8189,1436608759866,0.31064767,9.739014,3.1920695
8190,1436608759867,0.2717419,9.721656,3.1920695
8191,1436608759878,0.27234045,9.723452,3.2016463
8192,1436608759889,0.23044191,9.7162695,3.2148144
8193,1436608759916,0.23044191,9.698911,3.2267854
8194,1436608759929,0.23582886,9.704897,3.2261868
8195,1436608759949,0.22385786,9.713276,3.2249897
8196,1436608759972,0.23463176,9.715671,3.2267854
8197,1436608759989,0.21787235,9.726444,3.2160115
8198,1436608760009,0.20111294,9.703699,3.2441432
8199,1436608760033,0.18555063,9.680955,3.2668881
8200,1436608760049,0.15442601,9.716867,3.228581
8201,1436608760077,0.14784196,9.702502,3.2597055
8202,1436608760089,0.15622166,9.749788,3.244742
8203,1436608760110,0.22984336,9.752182,3.318962
8204,1436608760131,0.28431144,9.811439,3.3530796
8205,1436608760152,0.29987377,9.891046,3.3722332
8206,1436608760172,0.2741361,9.910199,3.3213563
8207,1436608760192,0.20111294,9.846753,3.240552
8208,1436608760212,0.16101007,9.655217,3.1316159
8209,1436608760230,0.12449849,9.511565,3.074155
8210,1436608760250,0.12210429,9.388264,3.0585926
8211,1436608760271,0.12150574,9.385271,3.141791
8212,1436608760290,0.095169514,9.539697,3.2136173
8213,1436608760312,-0.046686932,9.713875,3.2824504
8214,1436608760330,-0.22685061,9.789292,3.3423057
8215,1436608760350,-0.31124622,9.890448,3.3632548
8216,1436608760370,-0.44831428,9.93893,3.3321302
8217,1436608760392,-0.52373165,9.883265,3.2704794
8218,1436608760422,-0.48602295,9.781511,3.1848867
8219,1436608760437,-0.374094,9.69951,3.1627405
8220,1436608760452,-0.089184016,9.712079,3.1872811
8221,1436608760472,0.16220717,9.714474,3.2315738
8222,1436608760489,0.31783026,9.757569,3.276465
8223,1436608760512,0.40521863,9.792285,3.3554738
8224,1436608760530,0.4201824,9.774927,3.3692403
8225,1436608760553,0.439336,9.759365,3.341707
8226,1436608760612,0.4417302,9.725247,3.2842462
8227,1436608760613,0.39025488,9.688736,3.233968
8228,1436608760614,0.33399114,9.6288805,3.1890767
8229,1436608760629,0.31483752,9.61691,3.141791
8230,1436608760649,0.35254622,9.640852,3.1124623
8231,1436608760669,0.4782418,9.527725,3.1022868
8232,1436608760689,0.4357447,9.645041,3.015497
8233,1436608760710,0.4866215,9.6528225,3.079542
8234,1436608760731,0.5662287,9.683349,3.1477766
8235,1436608760750,0.5315128,9.755175,3.204639
8236,1436608760771,0.48482585,9.755175,3.2184057
8237,1436608760790,0.38726214,9.770737,3.1944637
8238,1436608760813,0.30226797,9.712079,3.1621418
8239,1436608760833,0.17657238,9.7803135,3.105878
8240,1436608760853,0.14724341,9.747394,3.1238346
8241,1436608760873,0.11492168,9.755175,3.1292217
8242,1436608760890,0.11252748,9.793482,3.1651347
8243,1436608760913,0.130484,9.807847,3.1675289
8244,1436608760933,0.15382746,9.798869,3.1830912
8245,1436608760953,0.19273324,9.835381,3.1489737
8246,1436608760973,0.20949265,9.802461,3.1483753
8247,1436608760994,0.2172738,9.826403,3.1160536
8248,1436608761011,0.1352724,9.832987,3.0783448
8249,1436608761032,0.09636662,9.829993,3.0532057
8250,1436608761050,0.011372458,9.810242,3.0609868
8251,1436608761080,-0.059855044,9.800665,3.0364463
8252,1436608761090,-0.10654198,9.79827,3.0250738
8253,1436608761112,-0.08140286,9.767744,3.028665
8254,1436608761131,-0.05925649,9.803658,3.0202854
8255,1436608761150,-0.0077811554,9.806051,3.0561984
8256,1436608761170,0.0664391,9.797073,3.0891187
8257,1436608761199,0.12509704,9.8276,3.0819361
8258,1436608761210,0.15801731,9.854534,3.079542
8259,1436608761252,0.19093758,9.833585,3.0669725
8260,1436608761253,0.18016368,9.824008,3.0777464
8261,1436608761270,0.17118542,9.791686,3.063381
8262,1436608761296,0.18136078,9.762358,3.0442274
8263,1436608761368,0.19812019,9.774328,3.0280666
8264,1436608761370,0.20590134,9.789292,3.0202854
8265,1436608761371,0.2124854,9.759365,3.0322564
8266,1436608761372,0.18674773,9.737817,3.0358477
8267,1436608761392,0.18495208,9.755774,3.0298622
8268,1436608761412,0.14903906,9.764751,3.0561984
8269,1436608761430,0.18255788,9.768343,3.0358477
8270,1436608761455,0.18674773,9.768942,3.0502129
8271,1436608761472,0.17956513,9.795278,3.0561984
8272,1436608761491,0.18854338,9.764751,3.052607
8273,1436608761513,0.130484,9.783307,3.093907
8274,1436608761532,0.11432313,9.81084,3.09271
8275,1436608761551,0.08499416,9.785701,3.0759506
8276,1436608761573,0.08619126,9.807847,3.0843303
8277,1436608761593,0.06344634,9.779117,3.0963013
8278,1436608761611,0.036511578,9.782109,3.0891187
8279,1436608761634,-0.01616086,9.795278,3.0825348
8280,1436608761653,-0.035314474,9.737218,3.0340521
8281,1436608761671,0.012569559,9.742006,3.0220811
8282,1436608761694,0.10654198,9.764751,3.0508115
8283,1436608761714,0.13706805,9.757569,3.104681
8284,1436608761732,0.16759412,9.752182,3.139397
8285,1436608761752,0.17417817,9.770737,3.1387985
8286,1436608761774,0.17657238,9.76535,3.1142578
8287,1436608761793,0.20051439,9.804854,3.1112652
8288,1436608761811,0.18315643,9.795278,3.0831332
8289,1436608761830,0.20171149,9.785701,3.0669725
8290,1436608761850,0.17896658,9.739613,3.0873232
8291,1436608761877,0.16819267,9.7479925,3.0532057
8292,1436608761895,0.16579847,9.752182,3.0484173
8293,1436608761916,0.16220717,9.728839,3.0538042
8294,1436608761934,0.19393034,9.733627,3.0723593
8295,1436608761951,0.1933318,9.765948,3.0573955
8296,1436608761970,0.19931729,9.777321,3.0621839
8297,1436608761991,0.18914193,9.800066,3.039439
8298,1436608762013,0.19931729,9.770737,3.0490158
8299,1436608762042,0.20111294,9.779117,3.0340521
8300,1436608762115,0.2136825,9.786898,3.0382419
8301,1436608762116,0.24121583,9.813833,3.0370448
8302,1436608762117,0.2741361,9.828796,3.0202854
8303,1436608762118,0.31004912,9.837775,3.008913
8304,1436608762140,0.29867667,9.801862,3.0579941
8305,1436608762154,0.27473465,9.81084,3.072958
8306,1436608762171,0.2633622,9.788693,3.0603883
8307,1436608762191,0.2208651,9.780912,3.0370448
8308,1436608762214,0.19692309,9.7958765,3.0101101
8309,1436608762231,0.1933318,9.766547,3.0178912
8310,1436608762253,0.18974048,9.745,3.0298622
8311,1436608762272,0.16579847,9.776723,3.0424318
8312,1436608762292,0.1352724,9.791088,3.0388405
8313,1436608762311,0.15382746,9.821015,3.0490158
8314,1436608762333,0.16759412,9.832987,3.0669725
8315,1436608762353,0.15741876,9.830592,3.0442274
8316,1436608762373,0.1412579,9.817424,3.0573955
8317,1436608762394,0.109534726,9.772532,3.0131028
8318,1436608762415,0.12270284,9.753379,2.9879637
8319,1436608762433,0.16519992,9.7719345,2.983774
8320,1436608762454,0.23044191,9.768942,2.9724014
8321,1436608762475,0.2873042,9.770139,2.9873652
8322,1436608762493,0.33279404,9.772532,3.0101101
8323,1436608762513,0.35434186,9.782109,2.9987376
8324,1436608762532,0.3764882,9.808446,3.0178912
8325,1436608762553,0.36750996,9.802461,3.0244753
8326,1436608762574,0.32800564,9.771336,3.0292637
8327,1436608762593,0.27712885,9.771336,3.0137014
8328,1436608762611,0.21906945,9.737817,2.9987376
8329,1436608762635,0.15083471,9.737817,2.9694088
8330,1436608762654,0.11312603,9.716867,2.983774
8331,1436608762675,0.08499416,9.742006,2.9885623
8332,1436608762695,0.047285482,9.739613,3.0059202
8333,1436608762713,0.036511578,9.770737,3.039439
8334,1436608762735,0.050278235,9.771336,3.0400376
8335,1436608762753,0.051475335,9.777321,3.0579941
8336,1436608762774,0.06703765,9.77373,3.0597897
8337,1436608762796,0.019752163,9.774328,3.0627825
8338,1436608762839,0.023343466,9.749189,3.0250738
8339,1436608762840,0.020350715,9.736021,3.0101101
8340,1436608762860,0.048482586,9.735423,2.9700072
8341,1436608762871,0.088585466,9.766547,2.9765913
8342,1436608762894,0.10474633,9.727043,3.0202854
8343,1436608762911,0.10654198,9.7240505,3.0424318
8344,1436608762934,0.095169514,9.770139,3.0442274
8345,1436608762952,0.047285482,9.810242,3.0268695
8346,1436608762976,0.044292733,9.818023,3.0292637
8347,1436608762996,0.038307227,9.804854,3.032855
8348,1436608763013,-0.0047884034,9.812635,3.05141
8349,1436608763033,-0.051475335,9.8437605,3.0556
8350,1436608763055,-0.079008654,9.832987,3.032855
8351,1436608763078,-0.077213004,9.868899,3.015497
8352,1436608763096,-0.047884032,9.849746,3.0011318
8353,1436608763112,-0.047884032,9.841366,3.0250738
8354,1436608763135,-0.033518825,9.832388,3.05141
8355,1436608763156,-0.05686229,9.805453,3.0358477
8356,1436608763175,-0.0035913025,9.787497,3.0190883
8357,1436608763195,0.046088383,9.803658,3.0280666
8358,1436608763216,0.14425065,9.807249,3.0759506
8359,1436608763232,0.19812019,9.812635,3.0621839
8360,1436608763255,0.22744916,9.8683,3.0358477
8361,1436608763275,0.21787235,9.904813,3.0178912
8362,1436608763295,0.11252748,9.838373,2.9783869
8363,1436608763315,0.060453594,9.755774,2.9418752
8364,1436608763334,0.019153614,9.690532,2.8933928
8365,1436608763355,-0.017956512,9.67856,2.895787
8366,1436608763376,-0.045489833,9.703699,2.8999767
8367,1436608763395,-0.037110128,9.774927,2.9873652
8368,1436608764996,-0.047884032,9.786898,3.0023289
8369,1436608764997,-0.021547815,9.820416,3.0238767
8370,1436608764998,-0.0005985504,9.862315,2.9975405
8371,1436608764999,0.05566519,9.846753,3.0071173
8372,1436608765000,0.090979666,9.83957,3.0214825
8373,1436608765001,0.12689269,9.824607,3.0131028
8374,1436608765002,0.1340753,9.80665,2.996942
8375,1436608765003,0.15861586,9.795278,2.9622262
8376,1436608765004,0.15322891,9.795278,2.9352913
8377,1436608765005,0.17298107,9.777321,2.9322984
8378,1436608765006,0.19393034,9.776723,2.9640217
8379,1436608765007,0.26396075,9.808446,3.004723
8380,1436608765008,0.28909984,9.807249,3.040636
8381,1436608765009,0.30226797,9.821015,3.0352492
8382,1436608765010,0.29628247,9.820416,3.0244753
8383,1436608765011,0.29149407,9.835979,2.995745
8384,1436608765012,0.28191724,9.833585,2.9873652
8385,1436608765013,0.25977087,9.818023,2.9921536
8386,1436608765014,0.22984336,9.835979,3.0232782
8387,1436608765015,0.2124854,9.825205,3.0107086
8388,1436608765016,0.18974048,9.838972,2.9759927
8389,1436608765017,0.20649989,9.8437605,3.0005333
8390,1436608765018,0.17298107,9.820416,2.992752
8391,1436608765019,0.14664486,9.843162,2.9789855
8392,1436608765020,0.11133038,9.835381,2.9700072
8393,1436608765021,0.10175357,9.818622,2.9753942
8394,1436608765022,0.10354923,9.833585,2.9700072
8395,1436608765023,0.076614454,9.825205,2.9658175
8396,1436608765024,0.11372458,9.812037,2.9514523
8397,1436608765025,0.14065935,9.8437605,2.9861681
8398,1436608765026,0.14544775,9.841366,2.9741971
8399,1436608765027,0.11552023,9.867104,2.9891608
8400,1436608765028,0.094570965,9.877279,2.9724014
8401,1436608765029,0.090979666,9.85214,2.9765913
8402,1436608765030,0.10175357,9.84795,2.9712043
8403,1436608765031,0.06344634,9.846753,2.9646204
8404,1436608765032,0.026934769,9.853935,2.9364884
8405,1436608765033,0.022146367,9.824008,2.9526494
8406,1436608765034,0.0664391,9.834184,2.967613
8407,1436608765035,0.048482586,9.838373,2.9472623
8408,1436608765036,0.06584055,9.847352,2.9658175
8409,1436608765037,0.0712275,9.844358,2.9430726
8410,1436608765038,0.073023155,9.838373,2.9616275
8411,1436608765039,0.09876082,9.829993,2.961029
8412,1436608765040,0.11492168,9.824607,2.942474
8413,1436608765041,0.11971009,9.832987,2.9472623
8414,1436608765042,0.15622166,9.818622,2.9460652
8415,1436608765043,0.16998832,9.813833,2.9472623
8416,1436608765044,0.16879122,9.801862,2.9562407
8417,1436608765045,0.17298107,9.788095,2.9376855
8418,1436608765046,0.20290859,9.798869,2.954445
8419,1436608765047,0.24001873,9.791088,2.9125464
8420,1436608765048,0.2657564,9.786898,2.9233203
8421,1436608765049,0.28491,9.788693,2.9334955
8422,1436608765050,0.27473465,9.801862,2.943671
8423,1436608765051,0.25917232,9.787497,2.939481
8424,1436608765052,0.24720132,9.812037,2.9508536
8425,1436608765053,0.22685061,9.804854,2.939481
8426,1436608765054,0.22385786,9.805453,2.9562407
8427,1436608765055,0.18435353,9.829395,2.938284
8428,1436608765056,0.14784196,9.811439,2.9269116
8429,1436608765057,0.12749124,9.80665,2.9221232
8430,1436608765058,0.16220717,9.822811,2.932897
8431,1436608765059,0.17657238,9.805453,2.9376855
8432,1436608765060,0.18076223,9.815628,2.919729
8433,1436608765061,0.17836803,9.83957,2.9340942
8434,1436608765062,0.16998832,9.834782,2.9287071
8435,1436608765063,0.14903906,9.838373,2.9364884
8436,1436608765064,0.108337626,9.818622,2.954445
8437,1436608765065,0.09816227,9.811439,2.944868
8438,1436608765066,0.0676362,9.802461,2.9095535
8439,1436608765067,0.06584055,9.794679,2.9167361
8440,1436608765068,0.09696517,9.845556,2.92751
8441,1436608765069,0.12150574,9.849147,2.9658175
8442,1436608765070,0.14844051,9.898827,2.9783869
8443,1436608765071,0.1592144,9.925761,2.9712043
8444,1436608765072,0.10354923,10.01315,3.0496144
8445,1436608765073,-0.14784196,10.245986,3.0974984
8446,1436608765074,-0.51116204,10.317214,3.080739
8447,1436608765075,-0.82899237,10.022727,3.0113072
8448,1436608765076,-0.8619126,9.834184,2.8909986
8449,1436608765077,-0.6596026,9.646238,2.7287915
8450,1436608765078,-0.29747957,9.607333,2.7114334
8451,1436608765079,0.11671733,9.615114,2.7461493
8452,1436608765092,0.4285621,9.60015,2.8550856
8453,1436608765112,0.6123171,9.592369,2.9520507
8454,1436608765132,0.76554596,9.65821,3.0083144
8455,1436608765152,0.9008184,9.713875,3.0244753
8456,1436608765172,1.0630256,9.774328,3.0496144
8457,1436608765192,1.146224,9.755175,3.086126
8458,1436608765212,1.079785,9.788095,3.0657754
8459,1436608765235,1.0145429,9.859323,3.0597897
8460,1436608765257,0.7906851,9.773131,3.0478187
8461,1436608765274,0.58777654,9.628283,3.0226796
8462,1436608765297,0.51355624,9.5385,2.9999347
8463,1436608765317,0.47225627,9.498397,2.9364884
8464,1436608765335,0.4961983,9.4972,2.9376855
8465,1436608765356,0.545878,9.558251,2.967613
8466,1436608765377,0.5955577,9.689933,3.027468
8467,1436608765397,0.59376204,9.791088,3.116652
8468,1436608765417,0.4950012,9.855731,3.2064347
8469,1436608765437,0.3561375,9.951499,3.2429461
8470,1436608765457,0.1921347,10.004171,3.2345665
8471,1436608765477,0.02633622,9.987412,3.2148144
8472,1436608765496,-0.11611878,9.894038,3.1519666
8473,1436608765516,-0.18375498,9.800066,3.0532057
8474,1436608765540,-0.16400282,9.685743,2.9789855
8475,1436608765567,-0.0724246,9.636064,2.954445
8476,1436608765581,0.05686229,9.579201,2.996942
8477,1436608765601,0.079008654,9.611523,3.0250738
8478,1436608765614,0.12449849,9.664195,3.084929
8479,1436608765637,0.23762453,9.738416,3.105878
8480,1436608765655,0.40402153,9.807249,3.1477766
8481,1436608765676,0.55006784,9.862914,3.1693244
8482,1436608765695,0.5919664,9.871294,3.1214404
8483,1436608765717,0.56443304,9.873688,3.116652
8484,1436608765738,0.4938041,9.88506,3.122039
8485,1436608765757,0.39504328,9.836577,3.0909145
8486,1436608765774,0.34356794,9.7402115,3.0280666
8487,1436608765797,0.2789245,9.681553,3.008913
8488,1436608765818,0.25498247,9.633669,2.9843724
8489,1436608765838,0.23343466,9.659407,2.996942
8490,1436608765858,0.272939,9.702502,3.0190883
8491,1436608765878,0.29029694,9.783905,3.0478187
8492,1436608765895,0.29388827,9.814431,3.1322143
8493,1436608765916,0.31483752,9.827001,3.1268275
8494,1436608765936,0.33518824,9.867104,3.13401
8495,1436608765958,0.338181,9.842564,3.1280246
8496,1436608765975,0.3309984,9.824607,3.1022868
8497,1436608765996,0.31483752,9.824008,3.104681
8498,1436608766015,0.2777274,9.800665,3.110068
8499,1436608766041,0.23702596,9.763555,3.0573955
8500,1436608766056,0.2208651,9.752182,3.0508115
8501,1436608766085,0.2100912,9.714474,3.0334535
8502,1436608766098,0.23403321,9.654019,3.0466216
8503,1436608766117,0.20949265,9.716867,3.0292637
8504,1436608766135,0.19093758,9.752182,3.0454245
8505,1436608766156,0.17956513,9.774927,3.0765493
8506,1436608766176,0.2100912,9.804854,3.127426
8507,1436608766198,0.24361002,9.801862,3.1256304
8508,1436608766243,0.2777274,9.813833,3.1184478
8509,1436608766244,0.32202014,9.859921,3.0747535
8510,1436608766262,0.31184477,9.862914,3.091513
8511,1436608766275,0.30346507,9.850943,3.0663738
8512,1436608766301,0.23523031,9.827001,3.0705638
8513,1436608766315,0.1921347,9.80665,3.0430303
8514,1436608766347,0.12808979,9.832987,2.996942
8515,1436608766355,0.09876082,9.812635,2.991555
8516,1436608766375,0.075417355,9.785102,2.9999347
8517,1436608766410,0.077213004,9.779117,3.0388405
8518,1436608766415,0.12030864,9.758167,3.0334535
8519,1436608766438,0.13467385,9.755175,3.0364463
8520,1436608766456,0.13587095,9.801263,3.0310593
8521,1436608766475,0.12509704,9.812037,3.0160956
8522,1436608766496,0.12689269,9.801263,3.0137014
8523,1436608766518,0.12988544,9.825205,3.0184898
8524,1436608766538,0.16160862,9.824607,3.028665
8525,1436608766558,0.15143326,9.788693,2.9903579
8526,1436608766577,0.18854338,9.802461,3.015497
8527,1436608766598,0.19812019,9.754577,3.0011318
8528,1436608766618,0.21068975,9.776124,3.0101101
8529,1436608766638,0.24121583,9.782109,3.0190883
8530,1436608766658,0.24241292,9.768942,3.0053217
8531,1436608766713,0.22026655,9.793482,3.0262709
8532,1436608766714,0.2184709,9.805453,3.027468
8533,1436608766716,0.19812019,9.767744,3.0131028
8534,1436608766739,0.2100912,9.768343,3.0226796
8535,1436608766756,0.21667525,9.785102,3.0083144
8536,1436608766776,0.20470424,9.791686,3.031658
8537,1436608766796,0.2172738,9.813833,3.0454245
8538,1436608766821,0.17657238,9.805453,3.0466216
8539,1436608766841,0.18555063,9.803059,3.0400376
8540,1436608766861,0.16460137,9.784504,3.016694
8541,1436608766879,0.16879122,9.785701,3.0280666
8542,1436608766895,0.15382746,9.7563715,2.9987376
8543,1436608766916,0.16879122,9.764751,3.0131028
8544,1436608766936,0.18854338,9.767744,3.0184898
8545,1436608766956,0.20171149,9.760562,3.027468
8546,1436608766977,0.22385786,9.758766,3.05141
8547,1436608767040,0.21547815,9.772532,3.0388405
8548,1436608767041,0.20290859,9.787497,3.040636
8549,1436608767042,0.20111294,9.7863,3.020884
8550,1436608767066,0.19871874,9.800066,3.0424318
8551,1436608767085,0.20350714,9.788095,3.0424318
8552,1436608767096,0.18794483,9.802461,3.0885203
8553,1436608767117,0.19393034,9.816227,3.1304188
8554,1436608767136,0.19033903,9.859921,3.1196449
8555,1436608767156,0.14604631,9.876082,3.120842
8556,1436608767177,0.107739076,9.881469,3.068768
8557,1436608767197,-0.009576807,9.835381,3.0256724
8558,1436608767216,-0.077213004,9.735423,2.914342
8559,1436608767237,-0.0724246,9.624691,2.9119477
8560,1436608767257,-0.02873042,9.671976,2.9364884
8561,1436608767277,0.038905777,9.68275,2.9981391
8562,1436608767299,0.059855044,9.741408,3.039439
8563,1436608767319,0.077811554,9.789292,3.1022868
8564,1436608767339,0.10414778,9.807847,3.1232362
8565,1436608767359,0.062249243,9.840169,3.1358056
8566,1436608767379,0.050876785,9.844957,3.1118636
8567,1436608767399,0.08798691,9.799467,3.084929
8568,1436608767419,0.1376666,9.768942,3.043629
8569,1436608767439,0.15622166,9.707291,3.0520086
8570,1436608767457,0.18435353,9.674371,3.0520086
8571,1436608767479,0.20410569,9.714474,3.0226796
8572,1436608767498,0.20111294,9.722853,3.0352492
8573,1436608767518,0.24061728,9.797073,3.072958
8574,1436608767539,0.24241292,9.801862,3.0974984
8575,1436608767558,0.2124854,9.845556,3.0921116
8576,1436608767579,0.17357962,9.824607,3.1196449
8577,1436608767599,0.110731825,9.779716,3.0903158
8578,1436608767619,0.076015905,9.755774,3.0627825
8579,1436608767639,0.059855044,9.755774,3.0747535
8580,1436608767660,0.047285482,9.7479925,3.0591912
8581,1436608767678,0.08319851,9.771336,3.0561984
8582,1436608767698,0.10115502,9.782708,3.0855274
8583,1436608767717,0.11791443,9.80665,3.1142578
8584,1436608767791,0.13108255,9.815628,3.1016884
8585,1436608767792,0.14425065,9.807249,3.1118636
8586,1436608767793,0.12389994,9.776124,3.0753522
8587,1436608767798,0.09756372,9.7719345,3.0663738
8588,1436608767817,0.055066638,9.750386,3.0627825
8589,1436608767836,0.035913024,9.722853,3.0771477
8590,1436608767856,0.02633622,9.733028,3.1346085
8591,1436608767880,-0.027533319,9.817424,3.1376014
8592,1436608767897,-0.039504327,9.829993,3.1387985
8593,1436608767917,-0.076015905,9.843162,3.0867245
8594,1436608767938,-0.04070143,9.834184,3.0789435
8595,1436608767958,-0.0005985504,9.801862,3.0771477
8596,1436608767981,0.019752163,9.794081,3.0735564
8597,1436608768000,0.02932897,9.783905,3.043629
8598,1436608768020,0.034715924,9.782708,3.0520086
8599,1436608768039,0.089782566,9.740809,3.0460231
8600,1436608768057,0.109534726,9.776124,3.0693667
8601,1436608768082,0.108337626,9.79827,3.0897174
8602,1436608768097,0.109534726,9.781511,3.086126
8603,1436608768118,0.15023616,9.766547,3.0735564
8604,1436608768140,0.16400282,9.730635,3.0705638
8605,1436608768160,0.20829555,9.707291,3.1016884
8606,1436608768178,0.22984336,9.750386,3.0681696
8607,1436608768200,0.21906945,9.774927,3.0753522
8608,1436608768220,0.23223756,9.779117,3.0855274
8609,1436608768240,0.24420857,9.792884,3.080739
8610,1436608768260,0.2172738,9.77373,3.084929
8611,1436608768279,0.19812019,9.755175,3.068768
8612,1436608768299,0.21787235,9.740809,3.0478187
8613,1436608768320,0.22744916,9.754577,3.0262709
8614,1436608768340,0.22685061,9.774927,3.0370448
8615,1436608768359,0.24241292,9.762956,3.040636
8616,1436608768380,0.2753332,9.786898,3.0573955
8617,1436608768398,0.2693477,9.783307,3.067571
8618,1436608768418,0.28311434,9.803658,3.091513
8619,1436608768447,0.30286652,9.779117,3.056797
8620,1436608768515,0.30406362,9.763555,3.0544028
8621,1436608768517,0.31902736,9.7641535,3.0502129
8622,1436608768518,0.32920274,9.751583,3.027468
8623,1436608768519,0.34715924,9.750386,3.028665
8624,1436608768538,0.3645172,9.76535,3.0346506
8625,1436608768563,0.40402153,9.770139,3.0460231
8626,1436608768578,0.4285621,9.7863,3.056797
8627,1436608768599,0.42556936,9.758766,3.0579941
8628,1436608768620,0.41718966,9.752182,3.05141
8629,1436608768638,0.45609543,9.770737,3.0340521
8630,1436608768658,0.47285482,9.781511,3.0669725
8631,1436608768678,0.45549688,9.831191,3.116652
8632,1436608768697,0.43993455,9.829993,3.1106665
8633,1436608768720,0.40043023,9.831191,3.105878
8634,1436608768740,0.3429694,9.790489,3.0621839
8635,1436608768760,0.2813187,9.745,3.0148985
8636,1436608768780,0.24181437,9.751583,2.9873652
8637,1436608768800,0.19632454,9.737817,2.9472623
8638,1436608768821,0.2148796,9.767146,2.9909565
8639,1436608768841,0.24779987,9.782109,3.0268695
8640,1436608768861,0.25318682,9.783905,3.0909145
8641,1436608768880,0.22565351,9.824008,3.1022868
8642,1436608768901,0.21547815,9.816227,3.0723593
8643,1436608768917,0.23882163,9.810242,3.1040826
8644,1436608768941,0.2633622,9.794679,3.091513
8645,1436608768960,0.24600422,9.76116,3.0705638
8646,1436608768981,0.22026655,9.760562,3.0705638
8647,1436608769000,0.18614918,9.721058,3.0992942
8648,1436608769021,0.17956513,9.743204,3.1070752
8649,1436608769041,0.17537527,9.775525,3.1124623
8650,1436608769058,0.19692309,9.734225,3.1172507
8651,1436608769080,0.21308395,9.774927,3.1094694
8652,1436608769103,0.20171149,9.788693,3.1028855
8653,1436608769121,0.14724341,9.813833,3.110068
8654,1436608769141,0.11791443,9.774927,3.0819361
8655,1436608769159,0.11432313,9.747394,3.0783448
8656,1436608769185,0.12389994,9.752781,3.0573955
8657,1436608769247,0.17058687,9.746197,3.039439
8658,1436608769248,0.2136825,9.779716,3.05141
8659,1436608769249,0.25617957,9.759365,3.0789435
8660,1436608769258,0.23762453,9.772532,3.104681
8661,1436608769281,0.19093758,9.798869,3.1196449
8662,1436608769298,0.107739076,9.842564,3.0945058
8663,1436608769318,0.053869538,9.821614,3.0945058
8664,1436608769339,0.023343466,9.735423,3.0855274
8665,1436608769358,0.06284779,9.716867,3.0627825
8666,1436608769380,0.11791443,9.6845455,3.0789435
8667,1436608769400,0.16699557,9.6845455,3.0867245
8668,1436608769419,0.18555063,9.709685,3.0723593
8669,1436608769440,0.19752164,9.733627,3.1292217
8670,1436608769461,0.2124854,9.742605,3.140594
8671,1436608769481,0.2100912,9.780912,3.1106665
8672,1436608769501,0.25498247,9.812037,3.1106665
8673,1436608769520,0.29448682,9.767744,3.0502129
8674,1436608769541,0.3357868,9.746197,3.039439
8675,1436608769558,0.39384618,9.715072,2.9897594
8676,1436608769581,0.42078096,9.706693,2.9706059
8677,1436608769601,0.4237737,9.787497,2.9753942
8678,1436608769621,0.3824737,9.779117,2.9831753
8679,1436608769639,0.31244332,9.77792,3.0113072
8680,1436608769661,0.21547815,9.750985,3.0113072
8681,1436608769679,0.16460137,9.786898,3.016694
8682,1436608769699,0.075417355,9.790489,3.003526
8683,1436608769719,0.061052144,9.784504,3.0304608
8684,1436608769742,0.05925649,9.824607,3.0544028
8685,1436608769762,0.07062895,9.797073,3.0753522
8686,1436608769783,0.089184016,9.816227,3.067571
8687,1436608769800,0.12270284,9.802461,3.05141
8688,1436608769819,0.15083471,9.807847,3.0454245
8689,1436608769838,0.19153613,9.822811,3.0119057
8690,1436608769860,0.20949265,9.81922,3.019687
8691,1436608769881,0.17776948,9.801263,3.0352492
8692,1436608769902,0.15203181,9.815628,3.0454245
8693,1436608769946,0.11133038,9.840169,3.028665
8694,1436608769947,0.061052144,9.81503,3.0352492
8695,1436608769966,0.014963761,9.809045,3.0352492
8696,1436608769979,0.017357962,9.757569,3.0238767
8697,1436608769999,0.079008654,9.757569,3.0011318
8698,1436608770018,0.15502456,9.745,2.995745
8699,1436608770040,0.22625206,9.789292,2.995745
8700,1436608770061,0.22565351,9.812037,3.0502129
8701,1436608770079,0.13706805,9.869498,3.0723593
8702,1436608770100,0.005985504,9.873089,3.05141
8703,1436608770119,-0.077811554,9.876082,3.0681696
8704,1436608770139,-0.14425065,9.822811,3.0496144
8705,1436608770159,-0.13108255,9.781511,2.992752
8706,1436608770178,-0.027533319,9.757569,2.9514523
8707,1436608770199,0.10654198,9.730635,2.9514523
8708,1436608770221,0.20171149,9.752781,3.0059202
8709,1436608770242,0.2789245,9.846753,3.0951042
8710,1436608770262,0.22685061,9.895236,3.122039
8711,1436608770282,0.142455,9.894637,3.145981
8712,1436608770302,0.029927522,9.820416,3.120842
8713,1436608770322,-0.08379706,9.738416,3.0262709
8714,1436608770340,-0.18854338,9.726444,2.949058
8715,1436608770359,-0.22026655,9.698911,2.9346926
8716,1436608770380,-0.18315643,9.711481,2.991555
8717,1436608770401,-0.10354923,9.742006,3.0651767
8718,1436608770420,-0.0047884034,9.764751,3.0963013
8719,1436608770440,0.073023155,9.837775,3.1441853
8720,1436608770461,0.12090719,9.821015,3.1789012
8721,1436608770480,0.14903906,9.812037,3.1615434
8722,1436608770502,0.16819267,9.808446,3.1651347
8723,1436608770519,0.1592144,9.754577,3.122039
8724,1436608770540,0.14784196,9.759963,3.1022868
8725,1436608770561,0.15203181,9.759365,3.0771477
8726,1436608770581,0.16160862,9.759963,3.0484173
8727,1436608770601,0.1352724,9.759963,3.0298622
8728,1436608770621,0.17417817,9.746197,3.0472202
8729,1436608770641,0.1933318,9.765948,3.0550013
8730,1436608770664,0.23223756,9.772532,3.083732
8731,1436608770739,0.2669535,9.76535,3.1124623
8732,1436608770740,0.2753332,9.770737,3.1196449
8733,1436608770741,0.24301147,9.77792,3.108871
8734,1436608770742,0.20231004,9.763555,3.0789435
8735,1436608770761,0.19812019,9.766547,3.0819361
8736,1436608770781,0.19033903,9.791088,3.0885203
8737,1436608770799,0.18734628,9.783307,3.0855274
8738,1436608770825,0.18555063,9.788693,3.1004913
8739,1436608770851,0.18195933,9.80665,3.0789435
8740,1436608770860,0.20231004,9.7719345,3.067571
8741,1436608770883,0.2208651,9.799467,3.0412347
8742,1436608770900,0.2148796,9.780912,3.0202854
8743,1436608770920,0.22804771,9.759365,3.0148985
8744,1436608770943,0.2765303,9.779117,3.0202854
8745,1436608770963,0.2777274,9.770139,3.008913
8746,1436608770980,0.2837129,9.768343,3.0364463
8747,1436608771000,0.29209262,9.801263,3.0412347
8748,1436608771023,0.28491,9.84795,3.0502129
8749,1436608771040,0.25258827,9.865907,3.0400376
8750,1436608771062,0.23642741,9.869498,3.0424318
8751,1436608771079,0.19692309,9.837775,3.0585926
8752,1436608771103,0.15861586,9.817424,3.0376434
8753,1436608771122,0.12808979,9.830592,2.9921536
8754,1436608771143,0.10295067,9.837775,2.9789855
8755,1436608771163,0.10235212,9.812635,2.995745
8756,1436608771183,0.12988544,9.832987,2.9861681
8757,1436608771203,0.10354923,9.846753,2.9963434
8758,1436608771220,0.12210429,9.828796,3.0029275
8759,1436608771241,0.11432313,9.825804,2.996942
8760,1436608771260,0.12389994,9.813833,3.0065188
8761,1436608771280,0.15143326,9.80665,2.9981391
8762,1436608771300,0.18614918,9.809643,2.9963434
8763,1436608771320,0.22744916,9.834782,2.980781
8764,1436608771340,0.21787235,9.813234,2.9999347
8765,1436608771361,0.23762453,9.8042555,3.008913
8766,1436608771389,0.23343466,9.801862,2.9963434
8767,1436608771461,0.26276365,9.785102,2.979584
8768,1436608771462,0.25737667,9.784504,2.9735985
8769,1436608771463,0.28491,9.802461,2.9951463
8770,1436608771464,0.32321724,9.7863,2.9825768
8771,1436608771480,0.3465607,9.7958765,3.0041246
8772,1436608771501,0.3537433,9.770737,2.996942
8773,1436608771520,0.3429694,9.780912,2.9963434
8774,1436608771545,0.35673606,9.763555,3.003526
8775,1436608771560,0.32680854,9.758766,3.0250738
8776,1436608771581,0.27712885,9.809045,3.0238767
8777,1436608771602,0.20171149,9.789292,3.0220811
8778,1436608771620,0.16160862,9.749788,3.0184898
8779,1436608771642,0.12090719,9.75697,2.9993362
8780,1436608771662,0.12808979,9.762358,3.019687
8781,1436608771681,0.11731588,9.767146,3.0412347
8782,1436608771703,0.11552023,9.796474,3.0591912
8783,1436608771721,0.08559271,9.78989,3.0627825
8784,1436608771743,0.091578215,9.783905,3.0508115
8785,1436608771763,0.076015905,9.757569,3.05141
8786,1436608771781,0.10654198,9.753379,3.0460231
8787,1436608771803,0.142455,9.759963,3.0370448
8788,1436608771823,0.17836803,9.7402115,3.040636
8789,1436608771841,0.21428105,9.76116,3.0322564
8790,1436608771866,0.2837129,9.726444,3.064578
8791,1436608771880,0.33638534,9.723452,3.063381
8792,1436608771901,0.3250129,9.7719345,3.0723593
8793,1436608771924,0.29807812,9.781511,3.0753522
8794,1436608771941,0.25198972,9.782708,3.074155
8795,1436608771964,0.21667525,9.744401,3.0579941
8796,1436608771981,0.20410569,9.722853,3.0400376
8797,1436608772001,0.16519992,9.728839,3.0561984
8798,1436608772023,0.15562311,9.76535,3.0430303
8799,1436608772040,0.16579847,9.788095,3.083732
8800,1436608772064,0.17058687,9.78989,3.0783448
8801,1436608772080,0.17896658,9.768343,3.0771477
8802,1436608773340,0.21547815,9.773131,3.09271
8803,1436608773341,0.19572599,9.760562,3.086126
8804,1436608773342,0.16938977,9.7563715,3.0759506
8805,1436608773343,0.142455,9.768942,3.0609868
8806,1436608773344,0.13946225,9.8042555,3.0777464
8807,1436608773345,0.16819267,9.793482,3.0502129
8808,1436608773346,0.20051439,9.787497,3.09271
8809,1436608773347,0.2124854,9.806051,3.1334114
8810,1436608773348,0.2172738,9.807249,3.116652
8811,1436608773349,0.17298107,9.811439,3.0969
8812,1436608773350,0.16400282,9.74859,3.0813377
8813,1436608773351,0.15502456,9.730635,3.039439
8814,1436608773352,0.18375498,9.739014,3.0137014
8815,1436608773353,0.25498247,9.71986,3.0059202
8816,1436608773354,0.3298013,9.743204,3.0520086
8817,1436608773355,0.34835634,9.762358,3.0693667
8818,1436608773356,0.38726214,9.803059,3.0388405
8819,1436608773357,0.38845924,9.7641535,2.9939492
8820,1436608773358,0.3776853,9.813833,2.9975405
8821,1436608773359,0.39923313,9.816826,3.0083144
8822,1436608773360,0.40521863,9.777321,2.9891608
8823,1436608773361,0.41718966,9.824008,3.0059202
8824,1436608773362,0.4213795,9.846753,3.0250738
8825,1436608773363,0.46088383,9.817424,3.0352492
8826,1436608773364,0.46567222,9.849147,3.019687
8827,1436608773365,0.45130703,9.826403,3.0430303
8828,1436608773366,0.41060558,9.808446,3.043629
8829,1436608773367,0.3878607,9.787497,2.9724014
8830,1436608773368,0.31902736,9.762956,2.9616275
8831,1436608773369,0.25198972,9.7958765,2.9789855
8832,1436608773370,0.19393034,9.789292,2.9873652
8833,1436608773371,0.14664486,9.81922,3.027468
8834,1436608773372,0.12868834,9.816826,3.0753522
8835,1436608773373,0.12988544,9.838373,3.0639796
8836,1436608773374,0.13946225,9.844957,3.0855274
8837,1436608773375,0.14544775,9.821614,3.071761
8838,1436608773376,0.11791443,9.831789,3.0597897
8839,1436608773377,0.130484,9.81922,3.032855
8840,1436608773378,0.12868834,9.810242,3.0430303
8841,1436608773379,0.14724341,9.802461,3.0460231
8842,1436608773380,0.14544775,9.807847,3.0544028
8843,1436608773381,0.18136078,9.791686,3.0681696
8844,1436608773382,0.17238252,9.755175,3.0663738
8845,1436608773383,0.17657238,9.779716,3.0669725
8846,1436608773384,0.16160862,9.792285,3.0885203
8847,1436608773385,0.14784196,9.749788,3.105878
8848,1436608773386,0.16220717,9.770737,3.0969
8849,1436608773387,0.16160862,9.763555,3.0998926
8850,1436608773388,0.19093758,9.73662,3.1070752
8851,1436608773389,0.18974048,9.743802,3.1262288
8852,1436608773390,0.18016368,9.784504,3.115455
8853,1436608773391,0.15322891,9.743204,3.104681
8854,1436608773392,0.16400282,9.749788,3.105878
8855,1436608773393,0.15382746,9.755175,3.1106665
8856,1436608773394,0.1400608,9.746795,3.1238346
8857,1436608773395,0.14305355,9.715671,3.1346085
8858,1436608773396,0.13706805,9.721656,3.1316159
8859,1436608773397,0.15023616,9.725247,3.1399956
8860,1436608773398,0.1448492,9.752182,3.1501708
8861,1436608773399,0.18016368,9.767744,3.165733
8862,1436608773400,0.17118542,9.749189,3.1836896
8863,1436608773401,0.15981296,9.717466,3.17531
8864,1436608773402,0.11192893,9.710882,3.156755
8865,1436608773403,0.08559271,9.715671,3.1346085
8866,1436608773404,0.08080431,9.730036,3.1358056
8867,1436608773405,0.06823475,9.738416,3.139397
8868,1436608773420,0.0796072,9.725247,3.1334114
8869,1436608773440,0.08439561,9.69951,3.1142578
8870,1436608773460,0.08379706,9.728839,3.1112652
8871,1436608773480,0.12389994,9.760562,3.1172507
8872,1436608773500,0.16998832,9.754577,3.1106665
8873,1436608773520,0.18136078,9.755774,3.1190462
8874,1436608773540,0.2172738,9.747394,3.098097
8875,1436608773560,0.23104046,9.740809,3.0783448
8876,1436608773581,0.23283611,9.766547,3.086126
8877,1436608773606,0.23882163,9.773131,3.0945058
8878,1436608773622,0.24899697,9.78989,3.0753522
8879,1436608773645,0.24779987,9.763555,3.0969
8880,1436608773665,0.24361002,9.759365,3.1250317
8881,1436608773682,0.23882163,9.797672,3.107674
8882,1436608773703,0.20530279,9.7641535,3.1004913
8883,1436608773725,0.18255788,9.759963,3.084929
8884,1436608773745,0.2208651,9.76535,3.0711622
8885,1436608773765,0.23343466,9.773131,3.0591912
8886,1436608773786,0.28072014,9.768942,3.0544028
8887,1436608773805,0.3226187,9.796474,3.080739
8888,1436608773825,0.34835634,9.804854,3.080739
8889,1436608773844,0.35075054,9.801862,3.0813377
8890,1436608773866,0.3573346,9.786898,3.0771477
8891,1436608773884,0.36990416,9.765948,3.05141
8892,1436608773935,0.3645172,9.745,3.0184898
8893,1436608773936,0.34955344,9.74859,3.0142999
8894,1436608773951,0.34117374,9.789292,3.0142999
8895,1436608773962,0.350152,9.7863,3.0520086
8896,1436608773984,0.37229836,9.826403,3.0520086
8897,1436608774002,0.36272156,9.816826,3.052607
8898,1436608774023,0.3184288,9.805453,3.0322564
8899,1436608774046,0.30825347,9.809643,3.0591912
8900,1436608774063,0.30107087,9.812037,3.0388405
8901,1436608774086,0.28191724,9.801263,3.0472202
8902,1436608774103,0.25019407,9.795278,3.0376434
8903,1436608774124,0.2172738,9.7958765,3.0142999
8904,1436608774143,0.1933318,9.795278,3.0376434
8905,1436608774166,0.18375498,9.801862,3.0256724
8906,1436608774186,0.15861586,9.799467,3.0298622
8907,1436608774206,0.14784196,9.790489,3.0334535
8908,1436608774227,0.130484,9.80665,3.0759506
8909,1436608774245,0.12749124,9.808446,3.095703
8910,1436608774266,0.15801731,9.820416,3.104681
8911,1436608774286,0.12569559,9.812037,3.1160536
8912,1436608774306,0.11192893,9.803059,3.1028855
8913,1436608774327,0.110731825,9.812037,3.0759506
8914,1436608774344,0.12330139,9.770737,3.0801406
8915,1436608774363,0.11851298,9.796474,3.068768
8916,1436608774386,0.11791443,9.801862,3.0897174
8917,1436608774405,0.089184016,9.745,3.0759506
8918,1436608774426,0.12270284,9.758766,3.0418332
8919,1436608774444,0.16101007,9.767744,3.0819361
8920,1436608774466,0.18195933,9.791088,3.103484
8921,1436608774486,0.16998832,9.774328,3.117849
8922,1436608774505,0.14065935,9.801263,3.1130607
8923,1436608774526,0.08738836,9.808446,3.1226375
8924,1436608774545,0.05805939,9.797672,3.139397
8925,1436608774568,0.05207389,9.763555,3.1040826
8926,1436608774585,0.061650693,9.734824,3.0909145
8927,1436608774606,0.09935937,9.696517,3.068768
8928,1436608774627,0.13946225,9.713276,3.0250738
8929,1436608774672,0.18734628,9.679159,3.0496144
8930,1436608774673,0.19093758,9.655217,3.122039
8931,1436608774693,0.19033903,9.703101,3.107674
8932,1436608774703,0.20949265,9.752781,3.1172507
8933,1436608774726,0.21667525,9.767744,3.1310172
8934,1436608774745,0.25797522,9.815628,3.151368
8935,1436608774764,0.2885013,9.805453,3.1364043
8936,1436608774786,0.31244332,9.803059,3.1280246
8937,1436608774805,0.30047232,9.755774,3.079542
8938,1436608774825,0.2621651,9.7240505,3.0879216
8939,1436608774843,0.22625206,9.70789,3.0663738
8940,1436608774866,0.16280572,9.734824,3.0735564
8941,1436608774883,0.09876082,9.757569,3.0579941
8942,1436608774917,0.06284779,9.750985,3.0765493
8943,1436608774923,0.08439561,9.762358,3.0921116
8944,1436608774946,0.17477672,9.770737,3.0789435
8945,1436608774967,0.26515785,9.784504,3.1118636
8946,1436608774983,0.35434186,9.816826,3.116652
8947,1436608775003,0.43275195,9.7958765,3.1304188
8948,1436608775026,0.46627077,9.77792,3.1381998
8949,1436608775047,0.439336,9.776723,3.1316159
8950,1436608775065,0.4141969,9.822212,3.1070752
8951,1436608775088,0.3549404,9.785102,3.056797
8952,1436608775105,0.31364042,9.742605,3.0418332
8953,1436608775130,0.30047232,9.773131,3.0053217
8954,1436608775143,0.2801216,9.782109,2.9855695
8955,1436608775166,0.29568392,9.780912,2.9861681
8956,1436608775187,0.3226187,9.816826,3.0023289
8957,1436608775206,0.33518824,9.833585,3.0520086
8958,1436608775226,0.32441434,9.832987,3.0735564
8959,1436608775246,0.29747957,9.842564,3.0735564
8960,1436608775266,0.27114335,9.818622,3.0639796
8961,1436608775286,0.29388827,9.770737,3.039439
8962,1436608775307,0.26994625,9.815628,3.0585926
8963,1436608775326,0.25019407,9.831789,3.0490158
8964,1436608775344,0.28191724,9.799467,3.0544028
8965,1436608775411,0.3405752,9.762956,3.0346506
8966,1436608775412,0.3842694,9.746795,3.0502129
8967,1436608775413,0.4417302,9.745,3.043629
8968,1436608775424,0.46208093,9.742605,3.0472202
8969,1436608775448,0.4429273,9.742006,3.0813377
8970,1436608775481,0.40701428,9.737218,3.0591912
8971,1436608775484,0.3549404,9.76116,3.0699651
8972,1436608775506,0.30705637,9.76116,3.0496144
8973,1436608775528,0.25977087,9.781511,3.0424318
8974,1436608775544,0.20949265,9.808446,3.0735564
8975,1436608775567,0.10594343,9.825205,3.091513
8976,1436608775589,0.036511578,9.801263,3.0933087
8977,1436608775604,-0.018555064,9.763555,3.0831332
8978,1436608775626,-0.044891283,9.752182,3.0472202
8979,1436608775646,-0.016759412,9.770139,3.0867245
8980,1436608775666,0.022744916,9.704897,3.1124623
8981,1436608775686,0.11671733,9.670779,3.1483753
8982,1436608775704,0.20829555,9.743802,3.169923
8983,1436608775724,0.19512744,9.864111,3.1836896
8984,1436608775744,0.1376666,9.909002,3.151368
8985,1436608775764,0.038905777,9.903017,3.1573534
8986,1436608775784,-0.008379706,9.856929,3.1621418
8987,1436608775806,-0.11133038,9.853337,3.0951042
8988,1436608775827,-0.14425065,9.800066,3.0256724
8989,1436608775847,-0.11611878,9.693524,3.0226796
8990,1436608775866,0.0023942017,9.677363,3.0460231
8991,1436608775888,0.12030864,9.636662,3.0561984
8992,1436608775908,0.21787235,9.676167,3.0969
8993,1436608775929,0.33399114,9.753379,3.1226375
8994,1436608775946,0.35673606,9.812037,3.1920695
8995,1436608775967,0.27832595,9.82341,3.2555158
8996,1436608775986,0.13587095,9.81084,3.2387564
8997,1436608776005,0.007182605,9.787497,3.1794999
8998,1436608776029,-0.07062895,9.746197,3.1441853
8999,1436608776134,-0.08379706,9.715671,3.1070752
9000,1436608776135,-0.012569559,9.698911,3.0783448
9001,1436608776154,0.092775315,9.664794,3.108871
9002,1436608776155,0.2100912,9.673173,3.1322143
9003,1436608776156,0.30645782,9.706693,3.141791
9004,1436608776157,0.3441665,9.762358,3.198055
9005,1436608776166,0.338181,9.808446,3.2465374
9006,1436608776185,0.2681506,9.8042555,3.245939
9007,1436608776205,0.20709845,9.7479925,3.2196028
9008,1436608776227,0.17657238,9.735423,3.1771057
9009,1436608776244,0.18914193,9.6923275,3.1124623
9010,1436608776266,0.19812019,9.698313,3.0502129
9011,1436608776287,0.20470424,9.700109,3.0238767
9012,1436608776319,0.23044191,9.646238,3.0113072
9013,1436608776326,0.25079262,9.674969,3.0597897
9014,1436608776350,0.21547815,9.677961,3.1226375
9015,1436608776397,0.20470424,9.72824,3.1741128
9016,1436608776398,0.19871874,9.742006,3.2172086
9017,1436608776406,0.15682021,9.77373,3.2202013
9018,1436608776436,0.11971009,9.818023,3.2429461
9019,1436608776445,0.073023155,9.801263,3.232771
9020,1436608776471,0.074220255,9.811439,3.2680852
9021,1436608776485,0.088585466,9.785701,3.210026
9022,1436608776505,0.08080431,9.7007065,3.2010477
9023,1436608776526,0.12509704,9.701904,3.1705215
9024,1436608776546,0.17238252,9.715671,3.1411927
9025,1436608776566,0.1921347,9.714474,3.139397
9026,1436608776585,0.20051439,9.731233,3.1411927
9027,1436608776605,0.20949265,9.71986,3.1693244
9028,1436608776625,0.19393034,9.783905,3.1627405
9029,1436608776646,0.17657238,9.801263,3.1860838
9030,1436608776665,0.15143326,9.840768,3.2202013
9031,1436608776704,0.076015905,9.850345,3.2273839
9032,1436608776710,-0.004189853,9.804854,3.232771
9033,1436608776726,-0.092775315,9.785701,3.1884782
9034,1436608776745,-0.16519992,9.760562,3.192668
9035,1436608776767,-0.20350714,9.7240505,3.1812954
9036,1436608776788,-0.2184709,9.718064,3.1842883
9037,1436608776808,-0.16759412,9.7402115,3.1884782
9038,1436608776826,-0.077213004,9.752781,3.1705215
9039,1436608776845,0.0035913025,9.772532,3.1914709
9040,1436608776867,0.08439561,9.757569,3.1675289
9041,1436608776886,0.15322891,9.74859,3.1543608
9042,1436608776906,0.18076223,9.746197,3.140594
9043,1436608776925,0.16699557,9.69532,3.132813
9044,1436608776949,0.13946225,9.6767645,3.1226375
9045,1436608776969,0.12210429,9.688137,3.1358056
9046,1436608776989,0.11192893,9.704298,3.1669302
9047,1436608777008,0.09816227,9.754577,3.2094274
9048,1436608777029,0.077811554,9.77373,3.2190042
9049,1436608777048,0.092176765,9.77792,3.2303767
9050,1436608777065,0.0664391,9.754577,3.2333694
9051,1436608777086,0.0053869537,9.755774,3.2004492
9052,1436608777109,-0.06823475,9.745598,3.1483753
9053,1436608777127,-0.107739076,9.723452,3.108871
9054,1436608777146,-0.11133038,9.742605,3.1172507
9055,1436608777166,-0.06943185,9.744401,3.1453824
9056,1436608777187,-0.027533319,9.739613,3.1914709
9057,1436608777210,-0.011971008,9.784504,3.208829
9058,1436608777230,0.012569559,9.792285,3.2399535
9059,1436608777247,0.035314474,9.779716,3.21661
9060,1436608777268,0.05925649,9.752781,3.2076318
9061,1436608777289,0.089184016,9.737817,3.1866825
9062,1436608777308,0.08379706,9.746197,3.177704
9063,1436608777327,0.090381116,9.73662,3.1651347
9064,1436608777349,0.092176765,9.7563715,3.1669302
9065,1436608777367,0.095768064,9.745598,3.1783028
9066,1436608777388,0.11372458,9.729437,3.1896753
9067,1436608777406,0.12449849,9.737817,3.1944637
9068,1436608777430,0.1436521,9.737218,3.2016463
9069,1436608777475,0.110133275,9.710882,3.2154129
9070,1436608777476,0.1364695,9.725247,3.2004492
9071,1436608777495,0.13108255,9.700109,3.1693244
9072,1436608777506,0.15263036,9.697714,3.1651347
9073,1436608777529,0.19093758,9.7240505,3.1597476
9074,1436608777546,0.2220622,9.731832,3.1651347
9075,1436608777568,0.2693477,9.766547,3.140594
9076,1436608777586,0.30166942,9.758766,3.13401
9077,1436608777606,0.31783026,9.752182,3.1184478
9078,1436608777628,0.29688102,9.750985,3.1112652
9079,1436608777646,0.31423897,9.7563715,3.1106665
9080,1436608777668,0.29149407,9.736021,3.1268275
9081,1436608777686,0.24600422,9.739613,3.1399956
9082,1436608777708,0.22266077,9.755175,3.1609447
9083,1436608777728,0.19692309,9.773131,3.1370027
9084,1436608777748,0.18674773,9.733028,3.1663318
9085,1436608777768,0.20051439,9.785102,3.1956608
9086,1436608777788,0.19393034,9.795278,3.1717186
9087,1436608777808,0.17657238,9.749189,3.1747115
9088,1436608777828,0.19093758,9.7641535,3.1471782
9089,1436608777849,0.2112883,9.727641,3.1262288
9090,1436608777870,0.25558102,9.722255,3.103484
9091,1436608777886,0.25737667,9.703101,3.0963013
9092,1436608777909,0.28909984,9.774927,3.083732
9093,1436608777926,0.3333926,9.7958765,3.117849
9094,1436608777946,0.3429694,9.807249,3.1675289
9095,1436608777966,0.37828386,9.803658,3.1735144
9096,1436608777992,0.39624038,9.760562,3.1549592
9097,1436608778011,0.37948096,9.714474,3.1411927
9098,1436608778034,0.34715924,9.722853,3.0963013
9099,1436608778049,0.33997664,9.726444,3.1010897
9100,1436608778073,0.37469256,9.716867,3.1196449
9101,1436608778089,0.34715924,9.734824,3.1250317
9102,1436608778110,0.29508537,9.742006,3.1621418
9103,1436608778128,0.25737667,9.726444,3.1549592
9104,1436608778147,0.20111294,9.74859,3.1573534
9105,1436608778202,0.1592144,9.731832,3.1675289
9106,1436608778203,0.13347675,9.757569,3.1471782
9107,1436608778216,0.11492168,9.7958765,3.1429882
9108,1436608778226,0.06703765,9.793482,3.1561563
9109,1436608778251,0.108936176,9.78989,3.1783028
9110,1436608778267,0.12569559,9.799467,3.145981
9111,1436608778287,0.18674773,9.761759,3.108871
9112,1436608778308,0.24420857,9.759963,3.0759506
9113,1436608778327,0.32800564,9.766547,3.091513
9114,1436608778348,0.40222588,9.780912,3.0825348
9115,1436608778367,0.44891283,9.789292,3.0963013
9116,1436608778389,0.4866215,9.800665,3.1082723
9117,1436608778408,0.47465047,9.791088,3.128623
9118,1436608778430,0.46746787,9.742006,3.1196449
9119,1436608778449,0.42078096,9.76954,3.0945058
9120,1436608778469,0.3657143,9.741408,3.098097
9121,1436608778489,0.3226187,9.70789,3.091513
9122,1436608778507,0.31902736,9.730036,3.1028855
9123,1436608778531,0.32202014,9.707291,3.1184478
9124,1436608778549,0.31603462,9.731832,3.12982
9125,1436608778568,0.29508537,9.760562,3.1352072
9126,1436608778588,0.23822308,9.753379,3.13401
9127,1436608778607,0.20530279,9.771336,3.145981
9128,1436608778629,0.16400282,9.794081,3.1597476
9129,1436608778648,0.12389994,9.7958765,3.1603463
9130,1436608778667,0.079008654,9.787497,3.17531
9131,1436608778687,0.055066638,9.7563715,3.1962593
9132,1436608778707,0.04309563,9.767146,3.1848867
9133,1436608778729,0.046686932,9.791088,3.1711202
9134,1436608778749,0.08200141,9.755774,3.1519666
9135,1436608778770,0.14065935,9.767744,3.1429882
9136,1436608778787,0.17537527,9.742605,3.1573534
9137,1436608778808,0.2160767,9.766547,3.1358056
9138,1436608778829,0.2765303,9.752182,3.165733
9139,1436608778862,0.31902736,9.755774,3.1483753
9140,1436608778877,0.3537433,9.725247,3.1477766
9141,1436608778935,0.38307226,9.742605,3.1244333
9142,1436608778936,0.36870706,9.75697,3.1316159
9143,1436608778937,0.36990416,9.771336,3.1322143
9144,1436608778976,0.34835634,9.753978,3.120842
9145,1436608778977,0.35254622,9.7240505,3.1621418
9146,1436608778987,0.374094,9.745,3.157952
9147,1436608779007,0.374094,9.723452,3.165733
9148,1436608779054,0.40940848,9.725247,3.1423898
9149,1436608779055,0.42197806,9.736021,3.1621418
9150,1436608779081,0.40462008,9.711481,3.1549592
9151,1436608779097,0.3854665,9.7007065,3.1196449
9152,1436608779111,0.37349546,9.696517,3.144784
9153,1436608779128,0.362123,9.752781,3.1411927
9154,1436608779147,0.36391866,9.805453,3.1836896
9155,1436608779167,0.35553896,9.759963,3.181894
9156,1436608779187,0.31184477,9.73662,3.1663318
9157,1436608779208,0.29269117,9.7162695,3.1549592
9158,1436608779227,0.27712885,9.726444,3.1250317
9159,1436608779252,0.2645593,9.739014,3.12982
9160,1436608779267,0.27952304,9.758167,3.1250317
9161,1436608779286,0.2621651,9.796474,3.1358056
9162,1436608779307,0.2908955,9.792285,3.1585505
9163,1436608779330,0.29867667,9.785102,3.1142578
9164,1436608779347,0.31064767,9.761759,3.1070752
9165,1436608779372,0.34237084,9.7402115,3.0891187
9166,1436608779390,0.37948096,9.698911,3.086126
9167,1436608779410,0.45070848,9.739613,3.0472202
9168,1436608779429,0.50876784,9.7402115,3.0753522
9169,1436608779449,0.5835867,9.771336,3.063381
9170,1436608779472,0.58897364,9.783307,3.0550013
9171,1436608779492,0.58777654,9.8042555,3.0765493
9172,1436608779509,0.5835867,9.77792,3.0220811
9173,1436608779529,0.5758055,9.77373,3.0190883
9174,1436608779550,0.59136784,9.778519,3.008913
9175,1436608779567,0.61770403,9.759365,2.9993362
9176,1436608779588,0.6835446,9.797672,3.0142999
9177,1436608779619,0.7062895,9.790489,3.0214825
9178,1436608779631,0.75477207,9.782109,3.0184898
9179,1436608779649,0.78529817,9.7563715,3.0358477
9180,1436608779667,0.80445176,9.755774,3.015497
9181,1436608779689,0.7882909,9.73662,2.995745
9182,1436608779708,0.7469909,9.736021,2.9801826
9183,1436608779729,0.7260417,9.77373,2.979584
9184,1436608779747,0.65182143,9.746197,2.9777884
9185,1436608779768,0.5626374,9.760562,3.0268695
9186,1436608779790,0.45310268,9.754577,3.0101101
9187,1436608779811,0.3405752,9.803658,3.0538042
9188,1436608779830,0.23283611,9.811439,3.0992942
9189,1436608779850,0.14604631,9.813234,3.141791
9190,1436608779871,0.035913024,9.829993,3.1202433
9191,1436608779891,-0.095768064,9.825804,3.116652
9192,1436608779910,-0.16998832,9.817424,3.0945058
9193,1436608779931,-0.2100912,9.838972,3.067571
9194,1436608779950,-0.2220622,9.803658,3.0813377
9195,1436608779971,-0.18195933,9.822811,3.0951042
9196,1436608779989,-0.1376666,9.828796,3.067571
9197,1436608780010,-0.092775315,9.841965,3.0615854
9198,1436608780030,-0.035913024,9.8677025,3.0597897
9199,1436608780050,0.09935937,9.894038,3.0400376
9200,1436608780070,0.24001873,9.886257,2.979584
9201,1436608780089,0.4345476,9.856929,2.9658175
9202,1436608780109,0.56203884,9.81503,2.9604304
9203,1436608780130,0.694917,9.837176,2.9334955
9204,1436608780150,0.8122329,9.783905,2.9334955
9205,1436608780171,0.8146271,9.752781,2.9508536
9206,1436608780191,0.7026982,9.831191,2.915539
9207,1436608780211,0.5470751,9.801263,2.9131448
9208,1436608780231,0.3573346,9.871294,2.9113493
9209,1436608780254,0.24720132,9.923966,2.919729
9210,1436608780302,0.17896658,9.80665,3.0101101
9211,1436608780303,0.15502456,9.745598,3.1064768
9212,1436608780310,0.06943185,9.922769,3.116652
9213,1436608780328,-0.019752163,10.044274,3.0825348
9214,1436608780350,0.037110128,10.133459,3.0454245
9215,1436608780370,0.20231004,10.099341,3.1112652
9216,1436608780390,0.32621,9.990405,3.2040405
9217,1436608780410,0.31004912,9.953894,3.1531637
9218,1436608780429,0.31783026,9.895834,3.103484
9219,1436608780450,0.3728969,9.884461,3.0639796
9220,1436608780476,0.48602295,9.934141,2.9909565
9221,1436608780490,0.6398504,9.922171,3.05141
9222,1436608780511,0.8026561,9.878476,3.1651347
9223,1436608780529,0.9427169,9.883265,3.321955
9224,1436608780550,0.9923966,9.993398,3.4237084
9225,1436608780569,1.1174936,9.887454,3.57993
9226,1436608780590,1.2521675,9.7324295,3.7086184
9227,1436608780612,1.3299791,9.652225,3.6601357
9228,1436608780629,1.4460979,9.610326,3.50152
9229,1436608780650,1.602918,9.52174,3.459023
9230,1436608780672,1.6879122,9.5492735,3.5488055
9231,1436608780690,1.6627731,9.5798,3.7014358
9232,1436608780710,1.6077064,9.361329,3.8612487
9233,1436608780732,1.5472529,9.283517,3.875614
9234,1436608780752,1.5125369,9.242217,3.8552632
9235,1436608780772,1.5095441,9.297882,3.8367083
9236,1436608780790,1.5328877,9.275736,3.9600096
9237,1436608780812,1.5233108,9.288305,4.085107
9238,1436608780831,1.3515269,9.250597,4.1018662
9239,1436608780851,1.050456,9.194333,3.9881415
9240,1436608780872,0.75956047,9.173384,3.8013937
9241,1436608780890,0.7930793,8.930971,3.7954082
9242,1436608780912,0.9540894,8.7849245,3.915717
9243,1436608780929,1.3904326,8.716091,4.1533413
9244,1436608780950,1.9716251,8.573038,4.2221746
9245,1436608780970,2.315193,8.7771435,4.3807907
9246,1436608781112,2.385822,9.069835,4.630985
9247,1436608781113,2.2056582,8.924985,4.83509
9248,1436608781114,2.0440497,9.122507,4.6902413
9249,1436608781115,1.9476831,9.138069,4.6004586
9250,1436608781116,1.9111716,9.006987,4.594473
9251,1436608781117,2.0027497,9.074024,4.542998
9252,1436608781118,2.1027076,8.97646,4.5423994
9253,1436608781152,2.144606,8.716091,4.607043
9254,1436608781153,2.03148,8.5383215,4.5842977
9255,1436608781181,1.8854338,8.542512,4.4167037
9256,1436608781216,1.6172832,8.746617,4.408922
9257,1436608781217,1.3425486,8.644864,4.3520603
9258,1436608781242,1.0534488,8.698733,4.2000284
9259,1436608781249,0.8924387,8.743625,4.0761285
9260,1436608781269,0.88944596,8.802881,4.1892543
9261,1436608781289,1.2012907,8.819042,4.2479124
9262,1436608781310,1.292869,9.08001,4.353257
9263,1436608781346,1.34195,9.248202,4.5082817
9264,1436608781372,1.4024036,9.215282,4.6136265
9265,1436608781373,1.4915876,9.246407,4.5232453
9266,1436608781420,1.6891093,9.280524,4.4113164
9267,1436608781421,1.9075803,9.311649,4.3263226
9268,1436608781502,2.0207062,9.329605,4.380192
9269,1436608781503,2.1152773,9.24102,4.426879
9270,1436608781504,2.1230583,9.102157,4.4328647
9271,1436608781505,1.9111716,9.037513,4.2640734
9272,1436608781515,1.7322049,8.924387,4.1862617
9273,1436608781529,1.673547,9.053674,4.2173862
9274,1436608781549,1.8728642,9.097368,4.237737
9275,1436608781569,1.7316064,9.156026,4.073136
9276,1436608781590,1.733402,9.215881,3.9576154
9277,1436608781612,1.857302,8.978855,3.9282866
9278,1436608781630,1.9572599,8.966286,3.9492357
9279,1436608781650,2.1033063,9.035119,3.8965633
9280,1436608781670,2.3187842,9.198523,3.9217024
9281,1436608781690,2.4432828,9.094974,3.9815574
9282,1436608781710,2.5420437,9.087193,4.03004
9283,1436608781730,2.7383683,9.392453,3.9845502
9284,1436608781750,2.8622682,9.503783,4.0587707
9285,1436608781790,2.8886044,9.505579,4.1814733
9286,1436608781791,2.8832173,9.7240505,4.32333
9287,1436608781809,2.6928782,9.75697,4.219182
9288,1436608781829,2.3798366,9.500193,3.958214
9289,1436608781852,2.0404584,9.283517,3.6170402
9290,1436608781872,1.8908207,9.038112,3.3333273
9291,1436608781889,1.8734628,8.884883,3.2453403
9292,1436608781910,2.0296845,8.946533,3.280655
9293,1436608781934,2.191293,9.11712,3.441665
9294,1436608781950,2.2278047,9.212888,3.7104142
9295,1436608781974,2.1619642,9.23683,3.8109705
9296,1436608781994,2.0578163,9.242816,3.7702692
9297,1436608782009,1.9871874,9.267955,3.6128504
9298,1436608782031,1.988983,9.361927,3.4847605
9299,1436608782051,2.0919337,9.443929,3.4129345
9300,1436608782072,2.1697452,9.422979,3.405752
9301,1436608782091,2.204461,9.336788,3.4093432
9302,1436608782112,2.2469583,9.387665,3.3632548
9303,1436608782130,2.2230163,9.43076,3.3273418
9304,1436608782151,2.1739352,9.486425,3.3201592
9305,1436608782170,2.0572178,9.546281,3.2734723
9306,1436608782191,2.022502,9.577405,3.3171666
9307,1436608782211,1.9177556,9.607333,3.2543187
9308,1436608782230,1.7788919,9.663596,3.1848867
9309,1436608782252,1.690905,9.711481,3.0412347
9310,1436608782275,1.6118963,9.717466,2.995745
9311,1436608782290,1.5245079,9.67018,2.9520507
9312,1436608782314,1.4490906,9.674969,2.906561
9313,1436608782331,1.3964181,9.765948,2.7832594
9314,1436608782352,1.347337,9.759963,2.7503393
9315,1436608782371,1.2970588,9.737817,2.742558
9316,1436608782391,1.292869,9.765948,2.7766755
9317,1436608782415,1.3192052,9.778519,2.743755
9318,1436608782482,1.3227965,9.808446,2.7132292
9319,1436608782483,1.3628993,9.852738,2.7730842
9320,1436608782484,1.3790601,9.901819,2.7850552
9321,1436608782493,1.4095862,9.975441,2.8042088
9322,1436608782511,1.4065934,9.996989,2.8419175
9323,1436608782531,1.3443443,10.03769,2.8119898
9324,1436608782551,1.2605472,10.038888,2.7730842
9325,1436608782571,1.174356,9.972448,2.7682958
9326,1436608782592,1.0390835,10.022128,2.6611552
9327,1436608782611,0.9552865,10.056246,2.6198552
9328,1436608782633,0.90500826,9.930551,2.630629
9329,1436608782651,0.90979666,9.895834,2.6426
9330,1436608782671,0.95708215,9.907207,2.6557682
9331,1436608782694,1.062427,9.86471,2.6527755
9332,1436608782713,1.103727,9.86471,2.6821043
9333,1436608782734,1.1180922,9.936536,2.7204118
9334,1436608782754,1.1390414,9.947908,2.7581203
9335,1436608782773,1.1546037,9.895236,2.7982233
9336,1436608782794,1.1683705,9.892242,2.7575219
9337,1436608782815,1.0965444,9.844358,2.7515364
9338,1436608782833,1.0348936,9.799467,2.7581203
9339,1436608782854,1.0235212,9.779716,2.730587
9340,1436608782872,0.9876082,9.84795,2.6809072
9341,1436608782894,1.0672154,9.797073,2.6916811
9342,1436608782915,1.1540052,9.818023,2.7581203
9343,1436608782934,1.198298,9.792285,2.8287494
9344,1436608782954,1.282095,9.834184,2.8496985
9345,1436608782973,1.3395559,9.834184,2.847903
9346,1436608782993,1.3880384,9.813234,2.9179332
9347,1436608783014,1.4586674,9.783905,3.0801406
9348,1436608783036,1.5239093,9.7803135,3.0627825
9349,1436608783054,1.4748282,9.731233,3.116652
9350,1436608783072,1.3587095,9.74859,2.995745
9351,1436608783093,1.2413936,9.72824,2.9137435
9352,1436608783112,1.1031284,9.657013,2.961029
9353,1436608783132,0.8936358,9.512163,3.09271
9354,1436608783196,0.7092823,9.519346,3.0376434
9355,1436608783197,0.59017074,9.787497,2.8802247
9356,1436608783198,0.5805939,10.004171,2.8119898
9357,1436608783218,0.6775591,9.988011,3.008913
9358,1436608783231,0.7092823,9.854534,3.3566709
9359,1436608783251,0.7835025,9.922171,3.503914
9360,1436608783274,0.8643068,9.922769,3.5033157
9361,1436608783292,0.92176765,10.028712,3.466804
9362,1436608783315,0.9391256,9.96766,3.5392287
9363,1436608783332,1.0085574,9.829395,3.6290112
9364,1436608783352,1.1198878,9.712678,3.6577415
9365,1436608783373,1.2270284,9.673772,3.6996403
9366,1436608783394,1.3084313,9.640852,3.6541502
9367,1436608783412,1.2791022,9.593566,3.6421793
9368,1436608783436,1.2294226,9.521142,3.6337996
9369,1436608783455,1.2360066,9.405622,3.6607344
9370,1436608783475,1.2372037,9.382876,3.6936548
9371,1436608783495,1.2689269,9.478046,3.7630866
9372,1436608783512,1.3054385,9.423578,3.9564183
9373,1436608783535,1.3676877,9.41879,4.1826706
9374,1436608783555,1.4341269,9.436148,4.361038
9375,1436608783575,1.4640543,9.448717,4.382586
9376,1436608783595,1.5245079,9.433155,4.466982
9377,1436608783612,1.5143325,9.342773,4.5382094
9378,1436608783638,1.4197617,9.139266,4.559757
9379,1436608783656,1.4030021,9.013571,4.5699325
9380,1436608783675,1.3856442,8.963891,4.619014
9381,1436608783694,1.3946224,8.917204,4.619612
9382,1436608783712,1.3251907,8.854955,4.675876
9383,1436608783735,1.2264298,8.904634,4.655525
9384,1436608783756,1.1216835,9.033323,4.755483
9385,1436608783775,1.0498575,8.962694,4.7740383
9386,1436608783795,0.9008184,8.80767,4.823119
9387,1436608783816,0.85772276,8.747216,4.8219223
9388,1436608783835,0.92176765,8.610746,4.8135424
9389,1436608783854,1.0181342,8.573038,4.8524485
9390,1436608783877,1.0767922,8.506598,4.9841294
9391,1436608783932,1.1653777,8.494628,5.0840874
9392,1436608783933,1.2192472,8.50181,5.083489
9393,1436608783934,1.1815386,8.533533,5.0781016
9394,1436608783953,1.1988965,8.500613,5.209783
9395,1436608783976,1.3144168,8.488642,5.321113
9396,1436608783993,1.311424,8.548497,5.341464
9397,1436608784012,1.2904748,8.549694,5.367202
9398,1436608784032,1.258153,8.541314,5.3438582
9399,1436608784055,1.1773487,8.6017685,5.2678423
9400,1436608784072,1.1599907,8.561666,5.33907
9401,1436608784094,1.1534066,8.6095495,5.4085016
9402,1436608784113,1.2306197,8.714894,5.4982843
9403,1436608784133,1.4030021,8.805275,5.6347537
9404,1436608784153,1.5143325,8.734048,5.7395
9405,1436608784175,1.6160861,8.664018,5.758055
9406,1436608784196,1.6585833,8.635885,5.617396
9407,1436608784215,1.6196774,8.634089,5.456984
9408,1436608784245,1.6106992,8.505402,5.4025164
9409,1436608784252,1.6053122,8.397662,5.4091
9410,1436608784273,1.5999253,8.388684,5.4061074
9411,1436608784326,1.5921441,8.405443,5.3965306
9412,1436608784327,1.5155296,8.474277,5.4204726
9413,1436608784332,1.4359225,8.491635,5.49589
9414,1436608784352,1.5023615,8.470087,5.631761
9415,1436608784375,1.3700819,8.499416,5.5844755
9416,1436608784394,1.1959038,8.511986,5.6359506
9417,1436608784414,1.1025299,8.655039,5.6982
9418,1436608784434,1.0336965,8.789114,5.799355
9419,1436608784454,0.92655605,8.614338,5.9202623
9420,1436608784472,0.88166475,8.612542,6.041768
9421,1436608784495,0.8924387,8.55987,5.969343
9422,1436608784514,0.9792285,8.407239,5.8867435
9423,1436608784536,1.1246762,8.382699,5.8143187
9424,1436608784554,1.1755531,8.416218,5.7424927
9425,1436608784577,1.146224,8.294113,5.7442884
9426,1436608784596,1.1839328,8.200141,5.6856303
9427,1436608784666,1.1707647,8.210316,5.6551046
9428,1436608784667,1.1815386,8.049905,5.6563015
9429,1436608784668,1.3467385,7.94037,5.7281275
9430,1436608784691,1.5107412,8.104373,5.864597
9431,1436608784696,1.553837,8.142081,5.8987145
9432,1436608784714,1.6118963,8.159439,5.977723
9433,1436608784738,1.578976,8.1558485,5.98311
9434,1436608784753,1.471237,8.020576,5.9483943
9435,1436608784779,1.5047557,7.9583263,5.955577
9436,1436608784794,1.5227122,7.9984293,5.8801594
9437,1436608784814,1.4544775,8.071452,5.901707
9438,1436608784840,1.3976152,8.102577,5.9268465
9439,1436608784854,1.283292,8.091804,5.985504
9440,1436608784879,1.1540052,8.090008,5.9202623
9441,1436608784896,1.2126632,8.127118,5.9998693
9442,1436608784916,1.2731167,8.25401,6.0890536
9443,1436608784936,1.258153,8.230068,6.0447607
9444,1436608784956,1.2575544,8.298902,6.105214
9445,1436608784977,1.2503718,8.34499,6.054936
9446,1436608784996,1.163582,8.180987,5.967548
9447,1436608785016,1.1306617,8.115147,5.9184666
9448,1436608785033,1.0193313,8.053496,5.820903
9449,1436608785056,0.91697925,8.0924015,5.7083755
9450,1436608785087,0.92296475,7.9583263,5.5964465
9451,1436608785095,0.9923966,7.872135,5.66947
9452,1436608785116,1.1180922,8.265383,5.6987987
9453,1436608785136,1.2731167,8.3821,5.7389016
9454,1436608785156,1.38325,8.492233,5.971139
9455,1436608785176,1.4287399,8.448539,6.1716533
9456,1436608785195,1.3359646,8.337209,6.1890116
9457,1436608785215,1.2515689,8.377312,6.000468
9458,1436608785235,1.2413936,8.535329,5.817312
9459,1436608785256,1.2970588,8.536526,5.755062
9460,1436608785277,1.401805,8.429984,5.7921724
9461,1436608785296,1.4119805,8.314464,5.819706
9462,1436608785314,1.328782,8.271368,5.799355
9463,1436608785343,1.2384008,8.523358,5.722142
9464,1436608785395,1.1001357,8.576629,5.7185507
9465,1436608785396,1.0372878,8.399458,5.7646394
9466,1436608785397,1.1049241,8.37013,5.7377043
9467,1436608785415,1.2084733,8.45213,5.7335143
9468,1436608785436,1.2485762,8.473679,5.6987987
9469,1436608785455,1.2695254,8.398261,5.681441
9470,1436608785473,1.2192472,8.269572,5.617396
9471,1436608785498,1.1749545,8.245032,5.5802855
9472,1436608785516,1.1300632,8.297106,5.530606
9473,1436608785537,1.1976994,8.327033,5.557541
9474,1436608785556,1.3156139,8.26239,5.6239796
9475,1436608785575,1.3994108,8.2995,5.695806
9476,1436608785598,1.4640543,8.375516,5.641338
9477,1436608785617,1.543063,8.548497,5.595848
9478,1436608785637,1.5921441,8.649054,5.6126075
9479,1436608785657,1.5640123,8.556278,5.641338
9480,1436608785677,1.5759833,8.444948,5.683835
9481,1436608785697,1.6053122,8.413225,5.61979
9482,1436608785717,1.5969325,8.365939,5.5401826
9483,1436608785737,1.471237,8.3551655,5.5485625
9484,1436608785757,1.3862427,8.363545,5.5246205
9485,1436608785777,1.2515689,8.46051,5.439028
9486,1436608785797,1.1510124,8.471284,5.451597
9487,1436608785815,1.0486604,8.461707,5.579687
9488,1436608785837,1.0163386,8.502409,5.7365074
9489,1436608785857,0.9947908,8.616732,5.7724204
9490,1436608785878,0.9600749,8.622119,5.775413
9491,1436608785897,1.009156,8.59279,5.799355
9492,1436608785917,1.2419921,8.637681,5.7418942
9493,1436608785937,1.4425066,8.556278,5.6664767
9494,1436608785957,1.5460558,8.505402,5.585074
9495,1436608785977,1.5885528,8.41502,5.6042275
9496,1436608785998,1.5777789,8.367136,5.5563436
9497,1436608786018,1.5065514,8.283937,5.4922986
9498,1436608786037,1.4329298,8.267777,5.5204306
9499,1436608786057,1.2743138,8.16363,5.443816
9500,1436608786155,1.1252748,8.091205,5.34326
9501,1436608786156,1.0749966,8.231864,5.312135
9502,1436608786157,1.0845734,8.416816,5.357625
9503,1436608786158,1.2204443,8.470087,5.5443726
9504,1436608786159,1.3808558,8.620323,5.6922145
9505,1436608786175,1.353921,8.672397,5.708974
9506,1436608786197,1.2862848,8.613141,5.535993
9507,1436608786235,1.1246762,8.494029,5.4288526
9508,1436608786236,1.0253168,8.581417,5.303157
9509,1436608786255,1.0636241,8.8777,5.2439003
9510,1436608786276,1.186327,8.8364,5.365406
9511,1436608786296,1.2737153,8.675988,5.602432
9512,1436608786317,1.3916297,8.652645,5.6467247
9513,1436608786338,1.436521,8.980052,5.535993
9514,1436608786354,1.2946646,9.022549,5.403115
9515,1436608786374,1.1474211,8.715493,5.321113
9516,1436608786395,1.0821792,8.656237,5.2026005
9517,1436608786415,1.0737995,8.740033,5.0421886
9518,1436608786437,1.1563994,8.898649,5.00867
9519,1436608786458,1.2234371,8.817246,5.1624975
9520,1436608786475,1.2952632,8.794501,5.345055
9521,1436608786494,1.3084313,8.628104,5.386954
9522,1436608786521,1.3437457,8.557475,5.3522377
9523,1436608786537,1.3838485,8.610746,5.301361
9524,1436608786555,1.3341689,8.608353,5.142745
9525,1436608786578,1.2551602,8.522161,5.023035
9526,1436608786597,1.2240356,8.610147,4.8524485
9527,1436608786618,1.2802993,8.816648,4.7764325
9528,1436608786638,1.2958617,8.824429,4.7925935
9529,1436608786655,1.359308,8.7609825,4.932654
9530,1436608786676,1.3970166,8.793902,5.0942626
9531,1436608786728,1.4933833,9.003994,5.173271
9532,1436608786729,1.4191631,8.99741,5.2121773
9533,1436608786739,1.377863,8.995016,5.216367
9534,1436608786758,1.2779051,9.003994,5.1744685
9535,1436608786777,1.1025299,9.046491,5.0397944
9536,1436608786796,1.0283096,9.054273,4.911705
9537,1436608786853,1.0684125,9.030929,4.859631
9538,1436608786866,1.1234791,9.014768,4.797382
9539,1436608786867,1.2479776,9.192537,4.787805
9540,1436608786876,1.3922282,9.24521,4.7776294
9541,1436608786906,1.5424645,8.959103,4.863222
9542,1436608786917,1.5735891,8.661025,4.9757495
9543,1436608786935,1.4221559,8.692748,4.8985367
9544,1436608786957,1.198298,8.727464,4.721366
9545,1436608786977,1.0660183,8.768166,4.6471453
9546,1436608786996,0.9672575,8.773552,4.675277
9547,1436608787016,0.81522566,8.845378,4.703409
9548,1436608787038,0.770933,8.942942,4.7524905
9549,1436608787062,0.81402856,8.93935,4.800973
9550,1436608787077,0.92535895,8.890269,4.8865657
9551,1436608787097,1.0354922,8.921992,4.9158945
9552,1436608787115,1.1755531,9.014768,4.8440685
9553,1436608787138,1.246182,9.024344,4.8015714
9554,1436608787158,1.2635399,8.981848,4.7758336
9555,1436608787178,1.2054806,9.054273,4.6495395
9556,1436608787198,1.1569979,9.137471,4.55856
9557,1436608787218,1.1528081,9.134478,4.4915223
9558,1436608787237,1.1677719,9.069835,4.5262384
9559,1436608787258,1.2192472,9.037513,4.5280337
9560,1436608787278,1.2850877,9.030929,4.5364137
9561,1436608787299,1.2569559,9.045294,4.494515
9562,1436608787318,1.2743138,9.123704,4.470573
9563,1436608787336,1.2802993,9.17099,4.449025
9564,1436608787357,1.3251907,9.2308445,4.4663835
9565,1436608787379,1.3365631,9.210494,4.496909
9566,1436608787399,1.3611037,9.173983,4.5483847
9567,1436608787419,1.377863,9.234436,4.537012
9568,1436608787437,1.3239936,9.25359,4.3993454
9569,1436608787459,1.2880806,9.240421,4.248511
9570,1436608787477,1.2306197,9.09617,4.1665096
9571,1436608787497,1.2401965,9.003395,4.11264
9572,1436608787518,1.3162124,8.987833,4.080917
9573,1436608787566,1.4101849,9.103952,4.0599675
9574,1436608787567,1.5011644,9.285912,4.0922894
9575,1436608787586,1.395221,9.275137,4.1000705
9576,1436608787596,1.3174095,9.368511,4.134786
9577,1436608787625,1.3515269,9.543886,4.0934863
9578,1436608787637,1.3970166,9.689933,4.079121
9579,1436608787656,1.447295,9.585785,4.176685
9580,1436608787679,1.4167689,9.448118,4.256292
9581,1436608787696,1.3347675,9.399636,4.138976
9582,1436608787719,1.2156559,9.36911,3.9432502
9583,1436608787739,1.1965023,9.32781,3.781043
9584,1436608787757,1.2132617,9.3182335,3.7630866
9585,1436608787776,1.2348095,9.3343935,3.74513
9586,1436608787799,1.2605472,9.360131,3.7415388
9587,1436608787819,1.2443863,9.392453,3.7541082
9588,1436608787839,1.210269,9.425373,3.7469256
9589,1436608787859,1.0767922,9.442732,3.7235823
9590,1436608787879,0.96426475,9.542689,3.6978445
9591,1436608787899,0.9331401,9.547478,3.6780925
9592,1436608787919,0.93852705,9.559449,3.6876693
9593,1436608787939,1.0313023,9.601347,3.7098155
9594,1436608787959,1.09834,9.619903,3.6475663
9595,1436608787979,1.1180922,9.599552,3.5488055
9596,1436608787999,1.0827777,9.533711,3.4290953
9597,1436608788017,1.0755951,9.44752,3.264494
9598,1436608788037,1.1522095,9.372103,3.1836896
9599,1436608788061,1.2814964,9.443929,3.1519666
9600,1436608788086,1.4197617,9.628283,3.1890767
9601,1436608788097,1.4933833,9.767744,3.3033998
9602,1436608788119,1.5089456,9.803059,3.4356794
9603,1436608788139,1.4939818,9.859323,3.3614593
9604,1436608788157,1.4131776,9.915586,3.2040405
9605,1436608788178,1.3341689,9.931747,3.1860838
9606,1436608788197,1.2431892,9.970653,3.1914709
9607,1436608788218,1.2449849,9.99639,3.1435869
9608,1436608788240,1.1827357,9.929353,3.1160536
9609,1436608788293,1.0845734,9.949704,3.0466216
9610,1436608788306,1.1761516,9.809045,3.0627825
9611,1436608788307,1.4263457,9.5809965,3.0992942
9612,1436608788316,1.6256629,9.619903,3.1729157
9613,1436608788342,1.6705543,9.841965,3.157952
9614,1436608788357,1.6537948,9.7641535,3.1226375
9615,1436608788377,1.4975731,9.7240505,3.040636
9616,1436608788398,1.3682863,9.665991,3.052607
9617,1436608788418,1.3215994,9.52174,3.1202433
9618,1436608788437,1.4287399,9.5570545,3.105878
9619,1436608788456,1.4329298,9.597756,3.0597897
9620,1436608788479,1.352724,9.504981,3.1423898
9621,1436608788498,1.2060791,9.595961,3.1998506
9622,1436608788520,0.97982705,9.68275,3.2423477
9623,1436608788538,0.74998367,9.8515415,3.1358056
9624,1436608788560,0.5823896,9.717466,3.1717186
9625,1436608788580,0.58538234,9.56304,3.1549592
9626,1436608788600,0.84814596,9.323022,3.1531637
9627,1436608788620,1.1839328,9.384073,3.0454245
9628,1436608788640,1.323395,9.437943,3.0478187
9629,1436608788663,1.543063,9.475652,3.1794999
9630,1436608788682,1.543063,9.492412,3.241749
9631,1436608788697,1.395221,9.630077,3.1675289
9632,1436608788720,1.2156559,9.686341,3.068768
9633,1436608788737,1.062427,9.622895,3.067571
9634,1436608788757,1.0809821,9.618706,3.1028855
9635,1436608788777,1.1324574,9.698911,3.1316159
9636,1436608788802,1.2395979,9.768343,3.1501708
9637,1436608788822,1.311424,9.8437605,3.1866825
9638,1436608788843,1.2659341,9.841965,3.2333694
9639,1436608788860,1.1372458,9.880871,3.168726
9640,1436608788878,0.91697925,9.740809,3.0603883
9641,1436608788897,0.6344634,9.801862,2.8514943
9642,1436608788917,0.46746787,9.904813,2.7383683
9643,1436608788938,0.46567222,9.937134,2.6629508
9644,1436608788960,0.581791,9.880871,2.7635074
9645,1436608789006,0.7954735,9.758766,2.9311013
9646,1436608789007,0.99898064,9.710882,2.9813797
9647,1436608789029,1.1025299,9.64145,3.0017304
9648,1436608789039,1.2132617,9.628283,2.8778305
9649,1436608789057,1.2000936,9.635465,2.842516
9650,1436608789095,1.0911574,9.583989,2.8287494
9651,1436608789098,0.9624691,9.491813,2.8281507
9652,1436608789117,0.8218097,9.600749,2.6719291
9653,1436608789143,0.88765025,9.855731,2.5330653
9654,1436608789157,1.1534066,9.716867,2.60549
9655,1436608789182,1.3964181,9.695918,2.789245
9656,1436608789202,1.4993688,9.898827,2.9017725
9657,1436608789218,1.5382746,9.932345,2.9245174
9658,1436608789240,1.5891514,9.943718,2.8981812
9659,1436608789260,1.590947,10.028113,2.7682958
9660,1436608789280,1.5520413,9.93893,2.6408045
9661,1436608789300,1.5191209,9.909002,2.4528596
9662,1436608789320,1.6412252,9.902418,2.3307555
9663,1436608789340,1.8273745,9.858724,2.256535
9664,1436608789360,1.9123687,9.868899,2.223615
9665,1436608789380,2.011728,9.903615,2.2391772
9666,1436608789400,2.0153193,9.983223,2.2290018
9667,1436608789421,2.0099323,10.003573,2.2439656
9668,1436608789438,1.9219455,10.150218,2.2661119
9669,1436608789461,1.7381904,9.996989,2.4420857
9670,1436608789480,1.5275006,9.962274,2.4720132
9671,1436608789500,1.3054385,10.044873,2.404377
9672,1436608789521,1.0408791,9.913192,2.3828292
9673,1436608789540,0.86849666,9.749788,2.3906105
9674,1436608789560,0.7445967,9.733028,2.3708582
9675,1436608789580,0.61411273,9.793482,2.3127987
9676,1436608789601,0.5398925,9.818622,2.3116016
9677,1436608789620,0.50757074,9.910199,2.3762453
9678,1436608789641,0.4309563,9.940127,2.4498668
9679,1436608789661,0.40342298,9.946113,2.4893713
9680,1436608789679,0.3645172,9.961675,2.5031378
9681,1436608789703,0.3357868,9.992201,2.4779987
9682,1436608789769,0.34835634,9.998186,2.417545
9683,1436608789770,0.39025488,9.988011,2.4091654
9684,1436608789771,0.39444473,9.956886,2.3971944
9685,1436608789780,0.3573346,9.962872,2.3840263
9686,1436608789799,0.37110126,9.911396,2.3355439
9687,1436608789820,0.3800795,9.909601,2.3211784
9688,1436608789838,0.4189853,9.977836,2.380435
9689,1436608789858,0.46986207,10.09156,2.4223335
9690,1436608789880,0.5542577,10.168773,2.4259248
9691,1436608789900,0.58119243,10.143634,2.3959973
9692,1436608789919,0.63087213,10.126875,2.344522
9693,1436608789939,0.65301853,10.111312,2.292448
9694,1436608789960,0.7206547,10.055049,2.247557
9695,1436608789980,0.75716627,9.969456,2.3133974
9696,1436608790000,0.7020996,10.026319,2.3989902
9697,1436608790021,0.5315128,10.085575,2.472612
9698,1436608790039,0.3645172,10.14543,2.5318682
9699,1436608790058,0.24361002,10.137649,2.5246856
9700,1436608790079,0.18016368,10.10413,2.497751
9701,1436608790098,0.14425065,10.003573,2.441487
9702,1436608790119,0.18255788,9.93474,2.3319526
9703,1436608790139,0.31244332,9.771336,2.3110032
9704,1436608790158,0.5267244,9.529521,2.4199393
9705,1436608790181,0.83497787,9.630077,2.540248
9706,1436608790200,1.1007342,9.697714,2.6084828
9707,1436608790221,1.2174516,9.9233675,2.5492263
9708,1436608790240,1.0833763,10.077195,2.534861
9709,1436608790260,0.8098387,10.314819,2.544438
9710,1436608790281,0.48123455,10.602123,2.44029
9711,1436608790301,0.2100912,10.488997,2.4672248
9712,1436608790321,0.0796072,10.275315,2.4971523
9713,1436608790340,0.13587095,10.087969,2.4486697
9714,1436608790360,0.35434186,9.778519,2.385822
9715,1436608790380,0.6374562,9.5971575,2.285864
9716,1436608790399,0.85532856,9.523536,2.3397336
9717,1436608790430,0.98820674,9.458294,2.4181437
9718,1436608790482,1.0402806,9.660006,2.4893713
9719,1436608790483,1.0420763,9.758766,2.5965118
9720,1436608790484,0.96905315,9.79827,2.6581624
9721,1436608790504,0.86370826,9.80665,2.6479871
9722,1436608790520,0.7799112,9.780912,2.617461
9723,1436608790539,0.80325466,9.826403,2.5995045
9724,1436608790560,0.9343372,9.900622,2.5983074
9725,1436608790578,1.0241197,9.999383,2.6072857
9726,1436608790600,1.1091139,10.05445,2.6629508
9727,1436608790619,1.115698,10.064027,2.6384103
9728,1436608790639,1.1468226,9.993398,2.634819
9729,1436608790660,1.1641805,9.90601,2.6324248
9730,1436608790679,1.1905168,9.928755,2.6252422
9731,1436608790700,1.1671734,9.837775,2.6114755
9732,1436608790722,1.158195,9.713276,2.52289
9733,1436608790742,1.1402385,9.631275,2.4756045
9734,1436608790762,1.0815806,9.601946,2.4971523
9735,1436608790780,1.0522517,9.5809965,2.5516205
9736,1436608790800,1.0378864,9.599552,2.5911248
9737,1436608790822,0.99179804,9.660006,2.6192567
9738,1436608790842,0.98940384,9.733627,2.6378117
9739,1436608790860,1.002572,9.753379,2.682703
9740,1436608790881,1.0175357,9.6845455,2.7449522
9741,1436608790900,1.0103531,9.709086,2.7341783
9742,1436608790920,1.0378864,9.763555,2.6880898
9743,1436608790942,1.1031284,9.7863,2.6743233
9744,1436608790962,1.1372458,9.8683,2.669535
9745,1436608790980,1.1976994,9.922769,2.7114334
9746,1436608791000,1.2443863,9.795278,2.7329812
9747,1436608791022,1.1713632,9.7162695,2.7748797
9748,1436608791044,0.96426475,9.7563715,2.7994204
9749,1436608791062,0.8882488,10.006566,2.5803509
9750,1436608791079,0.82240826,10.02572,2.4708161
9751,1436608791101,0.7954735,9.913192,2.4349031
9752,1436608791120,0.83497787,9.792285,2.5893292
9753,1436608791139,0.8607155,9.707291,2.6300306
9754,1436608791169,0.8888474,9.809045,2.5683799
9755,1436608791240,0.9487024,9.895834,2.509722
9756,1436608791241,1.0205284,9.954493,2.5222914
9757,1436608791242,1.0726024,9.890448,2.5929205
9758,1436608791243,1.0702082,9.859323,2.6222494
9759,1436608791259,1.0253168,9.937134,2.5785553
9760,1436608791280,0.9576807,9.8994255,2.5432408
9761,1436608791299,0.8523358,9.96766,2.5558102
9762,1436608791321,0.7493851,9.994595,2.5791538
9763,1436608791339,0.6793547,9.985617,2.5905263
9764,1436608791361,0.6607997,10.022727,2.510919
9765,1436608791379,0.64463884,10.007763,2.4289176
9766,1436608791400,0.66139823,9.962872,2.3714569
9767,1436608791420,0.6572084,10.00477,2.3235726
9768,1436608791439,0.62249243,10.03769,2.397793
9769,1436608791460,0.62847793,10.049662,2.432509
9770,1436608791480,0.6290765,10.040684,2.48578
9771,1436608791499,0.6667852,10.064626,2.4851813
9772,1436608791520,0.7649474,10.129269,2.4995465
9773,1436608791541,0.9295488,10.0825815,2.5198972
9774,1436608791560,0.99060094,10.003573,2.5498247
9775,1436608791581,0.9636662,9.96766,2.5510218
9776,1436608791603,0.8972271,9.907207,2.5222914
9777,1436608791623,0.7739257,9.837176,2.5133133
9778,1436608791646,0.61650693,9.791686,2.5300727
9779,1436608791663,0.5303157,9.783905,2.5187001
9780,1436608791680,0.59017074,9.784504,2.52289
9781,1436608791700,0.6997054,9.814431,2.5133133
9782,1436608791726,0.7565677,9.818023,2.5594015
9783,1436608791740,0.7751228,9.874885,2.6515784
9784,1436608791759,0.6847417,10.057443,2.6856956
9785,1436608791780,0.5566519,10.46745,2.6060886
9786,1436608791800,0.31603462,10.6637745,2.6132712
9787,1436608791838,0.15502456,10.381259,2.722806
9788,1436608791847,0.31244332,10.007165,2.6515784
9789,1436608791860,0.736217,9.9951935,2.2481554
9790,1436608791880,1.2282255,9.812635,2.030283
9791,1436608791900,1.5316905,9.624092,2.058415
9792,1436608791926,1.6873137,9.498995,2.2242134
9793,1436608791949,1.7675194,9.523536,2.3331497
9794,1436608791963,1.7280151,9.533113,2.4079683
9795,1436608791980,1.6885108,9.710882,2.4127567
9796,1436608792001,1.6244658,9.76535,2.4229321
9797,1436608792020,1.4263457,9.797073,2.492364
9798,1436608792040,1.1575965,9.814431,2.5791538
9799,1436608792061,0.90261406,9.704298,2.6060886
9800,1436608792081,0.7733272,9.526528,2.5917234
9801,1436608792101,0.9391256,9.5732155,2.558803
9802,1436608792122,1.1534066,9.803658,2.5288756
9803,1436608792140,1.2479776,9.86471,2.6856956
9804,1436608792161,1.1097125,9.912594,2.8161798
9805,1436608792183,0.985214,10.2417965,2.6803088
9806,1436608792200,0.9911995,10.412383,2.517503
9807,1436608792221,0.9888053,10.538677,2.4959552
9808,1436608792243,0.99538934,10.509947,2.4642322
9809,1436608792263,1.0779893,10.234015,2.432509
9810,1436608792281,1.2449849,9.853337,2.397793
9811,1436608792303,1.441908,9.685743,2.3505075
9812,1436608792323,1.4939818,9.572019,2.429516
9813,1436608792341,1.3676877,9.495404,2.509722
9814,1436608792363,1.168969,9.527725,2.581548
9815,1436608792381,0.9995792,9.803658,2.5432408
9816,1436608792402,0.8678981,9.833585,2.6473885
9817,1436608792423,0.7846996,9.747394,2.7724855
9818,1436608792443,0.7457938,9.767146,2.8496985
9819,1436608792464,0.8218097,9.798869,2.871845
9820,1436608792482,0.9780314,9.751583,2.8736405
9821,1436608792503,1.0851719,9.80665,2.879626
9822,1436608792523,1.1007342,9.816826,2.8502972
9823,1436608792543,1.1127052,9.734225,2.7922378
9824,1436608792565,1.1121067,9.680356,2.7790697
9825,1436608792583,1.0773908,9.654618,2.7263973
9826,1436608792603,1.0552444,9.6288805,2.669535
9827,1436608792622,1.0582372,9.633071,2.5923219
9828,1436608792642,1.0737995,9.685144,2.52289
9829,1436608792707,1.1366472,9.77373,2.4432828
9830,1436608792708,1.2276269,9.709685,2.4863784
9831,1436608792709,1.328782,9.64983,2.5133133
9832,1436608792728,1.4191631,9.657611,2.533664
9833,1436608792741,1.417966,9.679159,2.5187001
9834,1436608792761,1.3856442,9.668983,2.544438
9835,1436608792780,1.3180081,9.662399,2.5635915
9836,1436608792801,1.2210429,9.676167,2.5959132
9837,1436608792822,1.1444284,9.774328,2.5594015
9838,1436608792843,1.0809821,9.862914,2.5474305
9839,1436608792862,1.073201,10.033501,2.4881742
9840,1436608792882,1.0857705,10.125079,2.4785974
9841,1436608792903,1.049259,10.15381,2.4211364
9842,1436608792921,1.0121487,10.171766,2.3355439
9843,1436608792944,0.94092125,10.237008,2.2140381
9844,1436608792963,1.0079589,10.205883,2.1631613
9845,1436608792982,1.0785879,10.030508,2.19249
9846,1436608793004,1.1534066,9.8754835,2.1697452
9847,1436608793023,1.1976994,9.901819,2.2098482
9848,1436608793044,1.2431892,9.844358,2.2697031
9849,1436608793063,1.2246342,9.727043,2.2852654
9850,1436608793089,1.1785458,9.822212,2.321777
9851,1436608793104,1.1133038,9.879075,2.296638
9852,1436608793121,1.0803835,9.882666,2.2828712
9853,1436608793143,1.0785879,9.968858,2.2583308
9854,1436608793164,1.0815806,10.096349,2.2092497
9855,1436608793183,1.1139023,10.13705,2.167351
9856,1436608793201,1.192911,10.129269,2.1308396
9857,1436608793222,1.282095,10.108918,2.1667526
9858,1436608793243,1.3736732,10.100538,2.167351
9859,1436608793265,1.3694834,10.092158,2.1266496
9860,1436608793283,1.2755109,10.078392,2.1230583
9861,1436608793304,1.1198878,10.064027,2.0973208
9862,1436608793326,1.033098,10.05864,2.0727801
9863,1436608793344,0.9935937,10.0987425,2.0332758
9864,1436608793364,0.97862995,10.062231,2.0644004
9865,1436608793385,0.99179804,10.064027,2.1146786
9866,1436608793453,1.0073603,10.123283,2.1057005
9867,1436608793454,1.055843,10.136452,2.11827
9868,1436608793455,1.0893618,10.1226845,2.1392193
9869,1436608793462,1.0947487,10.114903,2.135628
9870,1436608793491,1.0941502,10.03769,2.1086931
9871,1436608793503,1.067814,10.019135,2.079364
9872,1436608793524,1.0672154,9.962274,2.0871453
9873,1436608793544,1.0755951,9.970653,2.0937295
9874,1436608793562,1.0893618,9.966463,2.0961237
9875,1436608793583,1.1228806,9.928755,2.1230583
9876,1436608793601,1.1534066,9.912594,2.144606
9877,1436608793625,1.1647792,9.910798,2.154183
9878,1436608793642,1.2180501,9.874885,2.1691468
9879,1436608793665,1.2150574,9.877279,2.1841104
9880,1436608793682,1.2078748,9.890448,2.1643584
9881,1436608793705,1.1911154,9.884461,2.1972785
9882,1436608793725,1.1623849,9.880272,2.2158337
9883,1436608793745,1.1228806,9.840169,2.2427685
9884,1436608793765,1.0827777,9.825804,2.2427685
9885,1436608793784,1.0528502,9.846753,2.1960814
9886,1436608793805,0.99778354,9.845556,2.1763294
9887,1436608793823,0.9876082,9.844358,2.1948843
9888,1436608793844,1.0001777,9.834184,2.1906946
9889,1436608793865,0.9768343,9.850943,2.1613655
9890,1436608793885,0.98341835,9.863512,2.1757307
9891,1436608793905,1.0301052,9.891046,2.1906946
9892,1436608793925,1.0360907,9.892242,2.1829133
9893,1436608793945,1.0001777,9.904813,2.1996727
9894,1436608793965,0.943914,9.877279,2.2403743
9895,1436608793984,0.9127894,9.8916445,2.2098482
9896,1436608794005,0.8870517,9.935339,2.19249
9897,1436608794025,0.88525605,9.983821,2.2170308
9898,1436608794046,0.89064306,9.988011,2.2391772
9899,1436608794063,0.87208796,10.012551,2.2709002
9900,1436608794144,0.84335756,10.055049,2.2786815
9901,1436608794145,0.82719666,10.092158,2.2655134
9902,1436608794146,0.7727286,10.12448,2.2643163
9903,1436608794147,0.7194576,10.143036,2.2786815
9904,1436608794162,0.6548142,10.126276,2.2631192
9905,1436608794182,0.545878,10.111312,2.2451627
9906,1436608794202,0.4141969,10.139444,2.2170308
9907,1436608794223,0.31423897,10.140042,2.2152352
9908,1436608794242,0.25139117,10.139444,2.2038627
9909,1436608794266,0.19512744,10.105926,2.220622
9910,1436608794283,0.16160862,10.110714,2.2439656
9911,1436608794303,0.14724341,10.160992,2.2529438
9912,1436608794323,0.14544775,10.162787,2.2798786
9913,1436608794345,0.14065935,10.131663,2.3116016
9914,1436608794368,0.14544775,10.093954,2.3157916
9915,1436608794386,0.16101007,10.092158,2.315193
9916,1436608794405,0.17238252,10.078991,2.315193
9917,1436608794426,0.18435353,10.059837,2.3253684
9918,1436608794445,0.19153613,10.052056,2.3762453
9919,1436608794466,0.24181437,10.061034,2.372654
9920,1436608794485,0.3298013,10.023924,2.4127567
9921,1436608794506,0.34596214,10.004171,2.4636335
9922,1436608794526,0.27114335,10.055647,2.4756045
9923,1436608794546,0.20171149,10.059238,2.4666264
9924,1436608794565,0.14544775,10.016742,2.4558525
9925,1436608794585,0.09876082,9.982025,2.4510639
9926,1436608794603,0.035314474,9.987412,2.461838
9927,1436608794624,0.008978256,10.004171,2.4678235
9928,1436608794643,0.029927522,10.0029745,2.4797945
9929,1436608794666,0.08678981,9.988609,2.4809916
9930,1436608794684,0.11611878,9.948506,2.510919
9931,1436608794705,0.12030864,9.91798,2.4929626
9932,1436608794726,0.1400608,9.909601,2.484583
9933,1436608794745,0.20111294,9.846753,2.5073278
9934,1436608794764,0.26635495,9.813234,2.5169046
9935,1436608794784,0.3184288,9.779716,2.5019407
9936,1436608794804,0.38187516,9.757569,2.5234885
9937,1436608794826,0.4309563,9.76954,2.529474
9938,1436608794881,0.5057751,9.809643,2.5342624
9939,1436608794894,0.55246204,9.817424,2.6144683
9940,1436608794895,0.57281274,9.810242,2.6018987
9941,1436608794903,0.557849,9.807847,2.610877
9942,1436608794923,0.5422867,9.7803135,2.5863364
9943,1436608794955,0.51834464,9.798869,2.5755625
9944,1436608794963,0.50637364,9.768343,2.5432408
9945,1436608794983,0.50517654,9.740809,2.5462334
9946,1436608795006,0.5117606,9.772532,2.5151088
9947,1436608795024,0.50517654,9.762358,2.521693
9948,1436608795069,0.5398925,9.792884,2.556409
9949,1436608795074,0.5554548,9.822212,2.5743654
9950,1436608795085,0.5847838,9.861118,2.6156654
9951,1436608795106,0.6039374,9.8683,2.6318262
9952,1436608795124,0.58418524,9.855731,2.6449943
9953,1436608795144,0.52612585,9.862315,2.5929205
9954,1436608795164,0.5141548,9.909002,2.5600002
9955,1436608795185,0.5009867,9.902418,2.5246856
9956,1436608795203,0.4878186,9.927557,2.4899697
9957,1436608795224,0.5141548,9.916184,2.4396915
9958,1436608795245,0.56682724,9.859921,2.4103625
9959,1436608795264,0.6584055,9.826403,2.3666685
9960,1436608795285,0.7637503,9.844358,2.3265655
9961,1436608795304,0.84934306,9.870695,2.3020248
9962,1436608795326,0.87687635,9.878476,2.3104045
9963,1436608795343,0.90261406,9.879673,2.2577322
9964,1436608795363,0.9516952,9.904813,2.2547395
9965,1436608795383,0.9624691,9.955689,2.2828712
9966,1436608795406,0.9768343,10.040684,2.247557
9967,1436608795426,0.9127894,10.099341,2.255338
9968,1436608795446,0.8559271,10.142437,2.2732944
9969,1436608795466,0.8098387,10.1161,2.3008277
9970,1436608795484,0.7589619,10.131064,2.3259668
9971,1436608795504,0.7302315,10.1382475,2.3110032
9972,1436608795537,0.7188591,10.131663,2.2906525
9973,1436608795544,0.6835446,10.107122,2.2643163
9974,1436608795564,0.6691794,10.095152,2.303222
9975,1436608795584,0.7032967,10.040684,2.2906525
9976,1436608795687,0.7260417,9.993398,2.2535424
9977,1436608795688,0.81522566,9.991004,2.2619221
9978,1436608795689,0.90381116,9.990405,2.232593
9979,1436608795690,0.9911995,9.9790325,2.2703018
9980,1436608795691,1.0271125,9.988609,2.2882583
9981,1436608795704,1.0235212,10.0029745,2.3068132
9982,1436608795726,1.0163386,10.001179,2.3187842
9983,1436608795743,1.0103531,9.972448,2.3169887
9984,1436608795770,1.027711,9.958083,2.345719
9985,1436608795786,1.0336965,9.948506,2.3535004
9986,1436608795805,1.0151415,9.911995,2.3331497
9987,1436608795825,1.0265139,9.886257,2.3481133
9988,1436608795845,1.0815806,9.863512,2.360683
9989,1436608795869,1.0941502,9.883265,2.3840263
9990,1436608795886,1.0809821,9.892242,2.421735
9991,1436608795906,1.0247183,9.882068,2.4277205
9992,1436608795926,0.9840169,9.849147,2.4492683
9993,1436608795946,0.91817635,9.813234,2.461838
9994,1436608795966,0.88765025,9.831191,2.4450784
9995,1436608795986,0.8559271,9.824607,2.496554
9996,1436608796006,0.89184016,9.858724,2.557606
9997,1436608796030,0.9487024,9.892242,2.5863364
9998,1436608796047,0.9403227,9.908403,2.4899697
9999,1436608796065,0.9223662,9.888652,2.4253263
10000,1436608796087,0.87328506,9.844358,2.4115596
10001,1436608796105,0.8206126,9.797672,2.4588451
10002,1436608796127,0.8158242,9.801263,2.4947581
10003,1436608796147,0.7793127,9.768942,2.546832
10004,1436608796167,0.7236475,9.853935,2.5743654
10005,1436608796187,0.5859809,9.891046,2.5905263
10006,1436608796207,0.47165772,9.882068,2.6168625
10007,1436608796228,0.3842694,10.098145,2.5133133
10008,1436608796246,0.3573346,10.186729,2.441487
10009,1436608796266,0.39923313,10.097546,2.4791958
10010,1436608796286,0.53450555,9.931747,2.4875755
10011,1436608796307,0.7248446,9.809643,2.4582467
10012,1436608796333,0.95109665,9.760562,2.420538
10013,1436608796398,1.1019313,9.704298,2.4103625
10014,1436608796399,1.1599907,9.743802,2.4558525
10015,1436608796400,1.1683705,9.766547,2.4953568
10016,1436608796407,1.1731589,9.809045,2.5210943
10017,1436608796435,1.1725603,9.811439,2.544438
10018,1436608796447,1.1540052,9.821614,2.4905684
10019,1436608796465,1.1779473,9.84795,2.433706
10020,1436608796487,1.2138603,9.825205,2.4193408
10021,1436608796505,1.2378023,9.821614,2.3942018
10022,1436608796526,1.3024458,9.841965,2.416348
10023,1436608796554,1.335366,9.936536,2.4492683
10024,1436608796566,1.3227965,9.97604,2.4612393
10025,1436608796585,1.2144588,10.029909,2.4732103
10026,1436608796605,1.055843,10.000581,2.460641
10027,1436608796625,0.9187749,9.995792,2.415151
10028,1436608796645,0.74998367,9.974843,2.35769
10029,1436608796668,0.60094464,9.950302,2.2972364
10030,1436608796687,0.53330845,9.943718,2.2397757
10031,1436608796734,0.4961983,9.929353,2.2936451
10032,1436608796735,0.5009867,9.858126,2.409764
10033,1436608796747,0.53091425,9.858724,2.4450784
10034,1436608796768,0.641646,9.920375,2.4181437
10035,1436608796786,0.7799112,9.970055,2.4103625
10036,1436608796807,0.9283517,9.93474,2.4384944
10037,1436608796828,1.0097545,9.920973,2.4756045
10038,1436608796845,1.0319009,9.903017,2.480393
10039,1436608796865,1.0163386,9.873688,2.415151
10040,1436608796887,0.97982705,9.901221,2.4091654
10041,1436608796910,0.90021986,9.920973,2.40318
10042,1436608796930,0.80924016,9.927557,2.3864205
10043,1436608796949,0.7350199,9.931149,2.3666685
10044,1436608796967,0.724246,9.935339,2.3451207
10045,1436608796986,0.7218518,9.986216,2.3762453
10046,1436608797007,0.6823475,9.9790325,2.4007857
10047,1436608797025,0.62129533,9.968259,2.4241292
10048,1436608797049,0.5446809,9.985617,2.4277205
10049,1436608797148,0.5057751,9.9928,2.4145525
10050,1436608797149,0.50876784,9.977237,2.4061728
10051,1436608797150,0.50278234,9.959879,2.420538
10052,1436608797151,0.5117606,9.954493,2.4486697
10053,1436608797152,0.5422867,9.956886,2.4492683
10054,1436608797165,0.56922144,9.958682,2.415151
10055,1436608797186,0.62249243,9.9550905,2.4331074
10056,1436608797205,0.65242,9.966463,2.4612393
10057,1436608797231,0.6572084,9.968858,2.4762032
10058,1436608797247,0.64463884,9.972448,2.4744074
10059,1436608797266,0.6428431,10.028712,2.4396915
10060,1436608797285,0.56802434,9.972448,2.4708161
10061,1436608797306,0.50996494,9.956886,2.4396915
10062,1436608797327,0.40342298,9.992201,2.4516625
10063,1436608797348,0.31902736,9.9233675,2.4384944
10064,1436608797368,0.3250129,9.890448,2.4229321
10065,1436608797386,0.36631286,9.898229,2.4791958
10066,1436608797407,0.4369418,9.903615,2.5378537
10067,1436608797428,0.44532153,10.028712,2.565387
10068,1436608797448,0.4381389,10.149619,2.5091233
10069,1436608797468,0.3585317,10.075399,2.4785974
10070,1436608797488,0.2813187,9.910199,2.420538
10071,1436608797508,0.28431144,9.818023,2.3511062
10072,1436608797527,0.34596214,9.725846,2.3415294
10073,1436608797549,0.44352585,9.665991,2.3439236
10074,1436608797566,0.4866215,9.750985,2.3666685
10075,1436608797588,0.44771573,10.0269165,2.3768437
10076,1436608797608,0.40462008,10.110115,2.429516
10077,1436608797629,0.3609259,10.217256,2.457648
10078,1436608797649,0.38367084,10.360908,2.4259248
10079,1436608797668,0.40701428,10.286089,2.3546975
10080,1436608797696,0.44592008,10.144831,2.333748
10081,1436608797707,0.46387658,10.029311,2.3475149
10082,1436608797725,0.46926352,9.835979,2.3732524
10083,1436608797746,0.43754035,9.788095,2.3594859
10084,1436608797766,0.44532153,9.812635,2.3038206
10085,1436608797786,0.49919105,9.853337,2.2786815
10086,1436608797805,0.5823896,9.937733,2.2661119
10087,1436608797836,0.6679823,10.000581,2.327164
10088,1436608797850,0.7404069,10.03769,2.3798366
10089,1436608797866,0.81761986,10.084976,2.3864205
10090,1436608797886,0.9211691,10.019734,2.3948002
10091,1436608797906,1.0791864,9.883863,2.4600422
10092,1436608797926,1.2449849,9.873688,2.4462755
10093,1436608797951,1.3198037,9.798869,2.4426842
10094,1436608797967,1.3521254,9.745,2.4223335
10095,1436608797987,1.3718776,9.731832,2.4522612
10096,1436608798007,1.3551182,9.774328,2.4558525
10097,1436608798030,1.376666,9.850943,2.4193408
10098,1436608798052,1.3347675,9.868899,2.3780408
10099,1436608798066,1.335366,9.880871,2.369661
10100,1436608798088,1.3156139,9.856929,2.355296
10101,1436608798106,1.2850877,9.822811,2.35769
10102,1436608798127,1.2695254,9.817424,2.3798366
10103,1436608798149,1.2761095,9.845556,2.3780408
10104,1436608798169,1.2629414,9.882068,2.3732524
10105,1436608798189,1.2372037,9.90601,2.3971944
10106,1436608798209,1.1456255,9.9550905,2.3642743
10107,1436608798229,1.0851719,9.841965,2.385822
10108,1436608798248,1.0660183,9.845556,2.3331497
10109,1436608798269,1.1192893,9.836577,2.3050177
10110,1436608798291,1.1917139,9.831789,2.2625206
10111,1436608798311,1.2443863,9.809045,2.3181858
10112,1436608798331,1.2922704,9.822212,2.3570917
10113,1436608798349,1.2731167,9.872491,2.4079683
10114,1436608798367,1.2958617,9.915586,2.4372973
10115,1436608798387,1.282095,9.972448,2.4546554
10116,1436608798406,1.2695254,9.996989,2.4301147
10117,1436608798431,1.1965023,9.98442,2.4025815
10118,1436608798451,1.1204864,9.929952,2.3756466
10119,1436608798472,1.0360907,9.970653,2.345719
10120,1436608798489,0.9475053,10.009559,2.295441
10121,1436608798512,0.8846575,9.988011,2.3056161
10122,1436608798587,0.86729956,9.973047,2.3062148
10123,1436608798588,0.8283938,10.027515,2.2894554
10124,1436608798589,0.83018947,9.9951935,2.2948422
10125,1436608798590,0.86011696,9.960478,2.247557
10126,1436608798609,0.90500826,10.022128,2.2643163
10127,1436608798629,0.9091981,10.011953,2.304419
10128,1436608798647,0.9223662,9.989806,2.31639
10129,1436608798668,0.95708215,9.945514,2.3349452
10130,1436608798693,1.0145429,9.908403,2.3391352
10131,1436608798711,1.0995371,9.909601,2.3145945
10132,1436608798731,1.1851299,9.892841,2.356493
10133,1436608798747,1.2719196,9.894038,2.356493
10134,1436608798770,1.335366,9.894038,2.3768437
10135,1436608798787,1.3515269,9.917382,2.3702598
10136,1436608798810,1.3790601,9.964667,2.285864
10137,1436608798829,1.3694834,9.980229,2.3068132
10138,1436608798849,1.2940661,9.911396,2.3415294
10139,1436608798869,1.1893197,9.881469,2.373851
10140,1436608798889,1.1438298,9.81922,2.409764
10141,1436608798909,1.1204864,9.803059,2.3756466
10142,1436608798950,1.0959458,9.767744,2.331354
10143,1436608798951,1.0630256,9.78989,2.332551
10144,1436608798981,1.0229226,9.844358,2.343325
10145,1436608798995,0.97503865,9.901221,2.35769
10146,1436608799009,0.92296475,9.928755,2.3523033
10147,1436608799032,0.90859956,9.962274,2.3517046
10148,1436608799049,0.89303726,9.983821,2.3391352
10149,1436608799069,0.8607155,9.922171,2.3732524
10150,1436608799087,0.81522566,9.854534,2.4187422
10151,1436608799107,0.75596917,9.850943,2.4187422
10152,1436608799127,0.724246,9.923966,2.3840263
10153,1436608799150,0.6374562,9.968858,2.3810337
10154,1436608799170,0.5943606,10.008362,2.421735
10155,1436608799191,0.5255273,9.998186,2.4917655
10156,1436608799207,0.45968673,10.034698,2.4893713
10157,1436608799231,0.4782418,10.010756,2.4552538
10158,1436608799256,0.52612585,10.005369,2.4067712
10159,1436608799277,0.6003461,9.986814,2.408567
10160,1436608799287,0.65062433,9.91798,2.441487
10161,1436608799313,0.70509243,9.904813,2.420538
10162,1436608799329,0.75118077,9.907207,2.408567
10163,1436608799352,0.8122329,9.898229,2.4265234
10164,1436608799367,0.82121116,9.913192,2.4355016
10165,1436608799387,0.7799112,9.894637,2.4552538
10166,1436608799407,0.724246,9.994595,2.44448
10167,1436608799427,0.6536171,9.935339,2.40318
10168,1436608799447,0.6985083,9.991004,2.333748
10169,1436608799467,0.7589619,10.015544,2.3660698
10170,1436608799488,0.86969376,9.973646,2.4157495
10171,1436608799507,0.8996213,9.9951935,2.4157495
10172,1436608799526,0.8607155,10.02572,2.3942018
10173,1436608799546,0.76195467,10.0029745,2.4091654
10174,1436608799566,0.6266823,10.065224,2.3786395
10175,1436608799587,0.5201403,10.094553,2.3654714
10176,1436608799611,0.48003745,10.028712,2.4247277
10177,1436608799631,0.4237737,10.03769,2.4271219
10178,1436608799651,0.439336,9.982025,2.432509
10179,1436608799671,0.48482585,9.9790325,2.4366987
10180,1436608799689,0.5883751,10.024523,2.445677
10181,1436608799712,0.6512229,10.074203,2.4690206
10182,1436608799730,0.6727707,10.0341,2.5288756
10183,1436608799746,0.7098808,9.955689,2.5623944
10184,1436608799771,0.7781156,9.897031,2.5833437
10185,1436608799789,0.84096336,9.837775,2.5540147
10186,1436608799808,0.9103952,9.804854,2.5192988
10187,1436608799828,0.931943,9.787497,2.5037365
10188,1436608799850,0.90261406,9.749189,2.4917655
10189,1436608799872,0.90620536,9.734225,2.5312698
10190,1436608799889,0.94451255,9.742006,2.5354595
10191,1436608799911,0.997185,9.749189,2.5623944
10192,1436608799928,1.0336965,9.753978,2.5516205
10193,1436608799948,1.0313023,9.754577,2.5600002
10194,1436608799968,0.9768343,9.759963,2.5635915
10195,1436608799989,0.9187749,9.780912,2.56419
10196,1436608800007,0.8122329,9.812037,2.5743654
10197,1436608800080,0.7565677,9.8677025,2.553416
10198,1436608800081,0.7110779,9.843162,2.5731683
10199,1436608800082,0.65242,9.890448,2.5875335
10200,1436608800095,0.60214174,9.907805,2.5971103
10201,1436608800112,0.52852005,9.953894,2.5971103
10202,1436608800129,0.44352585,9.938332,2.5761611
10203,1436608800148,0.37588966,9.974244,2.5360582
10204,1436608800168,0.3417723,9.9550905,2.566584
10205,1436608800190,0.36032736,9.949105,2.6042929
10206,1436608800209,0.37349546,10.011354,2.6013002
10207,1436608800229,0.3465607,10.011953,2.6354175
10208,1436608800250,0.3393781,10.0269165,2.6725276
10209,1436608800270,0.32142156,10.115502,2.6120741
10210,1436608800291,0.28072014,10.134656,2.5683799
10211,1436608800311,0.26396075,10.079589,2.5192988
10212,1436608800330,0.25558102,10.09994,2.4779987
10213,1436608800350,0.23104046,10.214263,2.4648306
10214,1436608800371,0.18375498,10.31901,2.4396915
10215,1436608800391,0.15801731,10.436325,2.4905684
10216,1436608800420,0.24001873,10.560823,2.6234465
10217,1436608800430,0.20709845,10.550649,2.7269957
10218,1436608800448,0.17776948,10.484209,2.855684
10219,1436608800471,0.2172738,10.422559,2.9095535
10220,1436608800489,0.2801216,10.242993,3.1142578
10221,1436608800511,0.3357868,9.835381,3.3614593
10222,1436608800529,0.3681085,9.555259,3.4799721
10223,1436608800549,0.362123,9.350554,3.478775
10224,1436608800570,0.34356794,9.085397,3.393781
10225,1436608800592,0.3441665,8.954913,3.2213984
10226,1436608800612,0.40521863,8.783129,3.1783028
10227,1436608800633,0.5141548,8.729858,3.21661
10228,1436608800650,0.7026982,8.749012,3.2920272
10229,1436608800669,0.96426475,8.847773,3.3608606
10230,1436608800689,1.1174936,9.066243,3.3925838
10231,1436608800709,1.2330139,9.292496,3.4213142
10232,1436608800729,1.3156139,9.418191,3.469797
10233,1436608800809,1.3263878,9.55047,3.4494462
10234,1436608800810,1.2485762,9.683948,3.3494883
10235,1436608800811,1.186327,9.726444,3.2752678
10236,1436608800812,1.0809821,9.695918,3.2740707
10237,1436608800829,0.9307459,9.818023,3.2196028
10238,1436608800849,0.65182143,9.818622,3.1477766
10239,1436608800868,0.43634325,9.733627,3.108871
10240,1436608800889,0.29927522,9.768343,3.0346506
10241,1436608800910,0.23163901,9.8677025,3.0292637
10242,1436608800931,0.22864626,9.880871,3.071761
10243,1436608800949,0.2908955,9.854534,3.1453824
10244,1436608800969,0.39264908,9.904214,3.1471782
10245,1436608800990,0.52732295,9.877877,3.1310172
10246,1436608801010,0.7044938,9.739613,3.120842
10247,1436608801033,0.8948329,9.686341,3.1675289
10248,1436608801049,1.009156,9.758167,3.1842883
10249,1436608801070,1.01574,9.739014,3.1705215
10250,1436608801089,0.97623575,9.715072,3.141791
10251,1436608801110,0.97384155,9.7324295,3.1411927
10252,1436608801130,0.9576807,9.733028,3.115455
10253,1436608801150,0.9331401,9.749788,3.056797
10254,1436608801172,0.9020155,9.694122,3.0705638
10255,1436608801191,0.9451111,9.654618,3.0561984
10256,1436608801210,0.9983821,9.658808,3.0268695
10257,1436608801232,1.0899603,9.6845455,3.0370448
10258,1436608801253,1.1264719,9.680356,3.0693667
10259,1436608801270,1.1288661,9.680356,3.0657754
10260,1436608801289,1.0654198,9.577405,3.1262288
10261,1436608801312,0.9487024,9.489418,3.1381998
10262,1436608801332,0.84694886,9.428367,3.1597476
10263,1436608801352,0.7715315,9.323022,3.2387564
10264,1436608801372,0.7284359,9.346365,3.2172086
10265,1436608801392,0.64823014,9.437943,3.1262288
10266,1436608801409,0.58897364,9.412206,3.0262709
10267,1436608801429,0.58119243,9.438541,2.815581
10268,1436608801556,0.6380547,9.471462,2.6473885
10269,1436608801557,0.7835025,9.523536,2.5450363
10270,1436608801558,0.9552865,9.582193,2.4594438
10271,1436608801559,1.0510546,9.646837,2.4235306
10272,1436608801560,1.1563994,9.777321,2.4289176
10273,1436608801561,1.2563573,9.842564,2.4797945
10274,1436608801580,1.2838906,10.0987425,2.4546554
10275,1436608801589,1.2479776,10.281899,2.441487
10276,1436608801619,1.1312603,10.373477,2.4319103
10277,1436608801630,0.93373865,10.426748,2.4636335
10278,1436608801649,0.66020113,10.465055,2.475006
10279,1436608801671,0.40521863,10.450092,2.4331074
10280,1436608801691,0.24301147,10.366295,2.3768437
10281,1436608801711,0.16699557,10.307637,2.3259668
10282,1436608801730,0.17956513,10.263344,2.297835
10283,1436608801750,0.30945057,10.205285,2.285864
10284,1436608801770,0.47524905,10.142437,2.3104045
10285,1436608801790,0.6452374,10.105926,2.2882583
10286,1436608801813,0.7164649,10.005369,2.1918917
10287,1436608801833,0.74639237,9.931149,2.0733786
10288,1436608801853,0.7194576,10.073604,2.12246
10289,1436608801872,0.6356605,10.218452,2.202067
10290,1436608801890,0.6206968,10.218452,2.3864205
10291,1436608801913,0.6500258,10.28549,2.48578
10292,1436608801933,0.5662287,10.281899,2.504335
10293,1436608801950,0.49559975,10.241198,2.4271219
10294,1436608801972,0.3453636,10.131064,2.3139958
10295,1436608801993,0.2741361,9.997588,2.1972785
10296,1436608802011,0.2645593,9.928755,2.1134815
10297,1436608802031,0.29269117,9.8994255,2.0871453
10298,1436608802054,0.33758244,9.902418,2.0949266
10299,1436608802079,0.42078096,9.922769,2.130241
10300,1436608802095,0.50996494,10.016742,2.2409728
10301,1436608802114,0.5386954,10.114903,2.3008277
10302,1436608802130,0.5674258,10.149021,2.3666685
10303,1436608802151,0.6290765,10.107721,2.4007857
10304,1436608802170,0.7074866,10.08737,2.3894134
10305,1436608802191,0.760159,10.035895,2.2960393
10306,1436608802212,0.7721301,9.934141,2.2559366
10307,1436608802232,0.7733272,9.9233675,2.1709423
10308,1436608802298,0.7224504,9.900024,2.1763294
10309,1436608802299,0.6476316,9.905411,2.154183
10310,1436608802300,0.51475334,9.978435,2.1853075
10311,1436608802310,0.40581718,10.001179,2.2667105
10312,1436608802333,0.31423897,9.931149,2.3319526
10313,1436608802351,0.28909984,9.929952,2.369661
10314,1436608802371,0.32142156,9.933543,2.391209
10315,1436608802392,0.38367084,9.876082,2.3852234
10316,1436608802411,0.43873745,9.850943,2.36188
10317,1436608802431,0.4165911,9.871294,2.3882163
10318,1436608802450,0.43275195,9.847352,2.3852234
10319,1436608802471,0.40342298,9.735423,2.4648306
10320,1436608802490,0.41240123,9.668385,2.5067291
10321,1436608802511,0.44891283,9.646837,2.5240872
10322,1436608802531,0.51954174,9.624691,2.5240872
10323,1436608802553,0.5770026,9.80665,2.5252843
10324,1436608802574,0.5374983,10.041282,2.510919
10325,1436608802593,0.4830302,10.11251,2.5611973
10326,1436608802613,0.46567222,10.21127,2.5881321
10327,1436608802631,0.48003745,10.3639,2.5779567
10328,1436608802653,0.50278234,10.398018,2.566584
10329,1436608802671,0.521936,10.364499,2.5594015
10330,1436608802694,0.4141969,10.277709,2.5773582
10331,1436608802713,0.3573346,10.170568,2.5983074
10332,1436608802732,0.32800564,10.032304,2.5689783
10333,1436608802752,0.3321955,9.896433,2.5210943
10334,1436608802771,0.33399114,9.841366,2.532467
10335,1436608802793,0.30466217,9.861118,2.52289
10336,1436608802815,0.30166942,9.831789,2.5719712
10337,1436608802834,0.36032736,9.785102,2.629432
10338,1436608802854,0.43873745,9.791088,2.7156234
10339,1436608802871,0.5590461,9.745598,2.7515364
10340,1436608802891,0.6380547,9.717466,2.7527335
10341,1436608802912,0.7074866,9.677961,2.753332
10342,1436608802932,0.75716627,9.634866,2.77069
10343,1436608803032,0.76434886,9.592968,2.7641058
10344,1436608803033,0.8158242,9.564836,2.7090392
10345,1436608803034,0.89423436,9.519944,2.710835
10346,1436608803035,0.9708488,9.489418,2.7180176
10347,1436608803036,1.0636241,9.487024,2.7509377
10348,1436608803061,1.1629834,9.512163,2.7940333
10349,1436608803103,1.3192052,9.595362,2.778471
10350,1436608803104,1.4598645,9.67018,2.7700913
10351,1436608803148,1.5705963,9.696517,2.7210102
10352,1436608803149,1.6065093,9.665991,2.6515784
10353,1436608803164,1.543063,9.677961,2.593519
10354,1436608803171,1.4748282,9.604341,2.5821466
10355,1436608803191,1.3587095,9.556456,2.5528176
10356,1436608803211,1.2689269,9.661801,2.5504234
10357,1436608803231,1.1168951,9.7324295,2.621651
10358,1436608803253,0.97623575,9.879075,2.6527755
10359,1436608803274,0.79607207,10.01734,2.6755204
10360,1436608803293,0.670975,10.078991,2.6461914
10361,1436608803314,0.6326678,10.092158,2.653374
10362,1436608803331,0.66738373,10.070012,2.6683378
10363,1436608803353,0.7433996,10.004171,2.6964695
10364,1436608803375,0.85293436,9.96347,2.712032
10365,1436608803393,0.9020155,9.958083,2.6797101
10366,1436608803413,0.84934306,10.006566,2.6557682
10367,1436608803431,0.6739678,10.028113,2.6264393
10368,1436608803453,0.46267948,10.140641,2.566584
10369,1436608803474,0.27473465,10.1621895,2.5306711
10370,1436608803491,0.18255788,10.121488,2.5127146
10371,1436608803511,0.15981296,10.159795,2.5121162
10372,1436608803532,0.25258827,10.135853,2.5528176
10373,1436608803553,0.38965634,10.076596,2.545635
10374,1436608803575,0.5626374,10.028113,2.5354595
10375,1436608803594,0.7703344,9.964667,2.5528176
10376,1436608803613,0.86969376,9.927557,2.56419
10377,1436608803634,0.88944596,9.8677025,2.5779567
10378,1436608803652,0.82779527,9.812037,2.581548
10379,1436608803672,0.7918822,9.817424,2.6156654
10380,1436608803694,0.6961141,9.824008,2.6246436
10381,1436608803771,0.6302736,9.850345,2.64679
10382,1436608803772,0.60094464,9.870695,2.6850972
10383,1436608803773,0.5650316,9.844957,2.7114334
10384,1436608803774,0.6075287,9.8276,2.6886885
10385,1436608803794,0.66379243,9.879673,2.6443958
10386,1436608803813,0.6997054,9.825205,2.690484
10387,1436608803831,0.7098808,9.8515415,2.7168205
10388,1436608803855,0.65541273,9.904214,2.670732
10389,1436608803881,0.5554548,9.96766,2.6198552
10390,1436608803892,0.44532153,10.052654,2.5019407
10391,1436608803919,0.47105917,9.922769,2.5151088
10392,1436608803933,0.5446809,9.796474,2.5803509
10393,1436608803957,0.6218939,9.636064,2.6156654
10394,1436608803975,0.7044938,9.56304,2.7150247
10395,1436608803995,0.79367787,9.570223,2.754529
10396,1436608804014,0.84814596,9.630077,2.830545
10397,1436608804033,0.8283938,9.697714,2.9538465
10398,1436608804054,0.74878657,9.773131,2.947861
10399,1436608804077,0.66498953,9.840768,2.9113493
10400,1436608804094,0.59256494,9.871294,2.8281507
10401,1436608804112,0.6398504,9.846154,2.7994204
10402,1436608804137,0.7200562,9.807847,2.790442
10403,1436608804153,0.8242039,9.782708,2.790442
10404,1436608804175,0.9307459,9.801862,2.7311857
10405,1436608804195,0.9864111,9.800665,2.6910827
10406,1436608804215,0.9636662,9.80665,2.6497827
10407,1436608804234,0.87927055,9.825804,2.6647465
10408,1436608804256,0.7793127,9.844358,2.6330233
10409,1436608804272,0.705691,9.860519,2.6246436
10410,1436608804295,0.65660983,9.900622,2.6162639
10411,1436608804315,0.6123171,9.940725,2.6497827
10412,1436608804334,0.61890113,9.951499,2.6312277
10413,1436608804356,0.62847793,9.985018,2.6599581
10414,1436608804376,0.65242,10.035895,2.6491842
10415,1436608804395,0.6835446,10.057443,2.658761
10416,1436608804415,0.6781576,10.039486,2.6210523
10417,1436608804474,0.6326678,10.048465,2.593519
10418,1436608804475,0.5758055,10.014946,2.5623944
10419,1436608804476,0.5781997,9.942521,2.585738
10420,1436608804500,0.6147113,9.913192,2.6090813
10421,1436608804512,0.6703765,9.858724,2.6623523
10422,1436608804538,0.7374141,9.830592,2.700061
10423,1436608804552,0.7260417,9.683948,2.7341783
10424,1436608804572,0.6889315,9.710882,2.7132292
10425,1436608804594,0.60214174,9.837176,2.6809072
10426,1436608804613,0.47405192,9.934141,2.594716
10427,1436608804635,0.39025488,10.00477,2.5689783
10428,1436608804653,0.3890578,10.011953,2.6515784
10429,1436608804676,0.43035775,10.109517,2.6001031
10430,1436608804692,0.5363012,10.155006,2.5785553
10431,1436608804715,0.6027403,10.197504,2.5079262
10432,1436608804736,0.5907693,10.1460285,2.5420437
10433,1436608804759,0.59376204,10.013748,2.5923219
10434,1436608804776,0.59256494,9.8994255,2.5743654
10435,1436608804796,0.6087258,9.7863,2.5941176
10436,1436608804816,0.59017074,9.76954,2.6001031
10437,1436608804836,0.53809685,9.8198185,2.6641479
10438,1436608804856,0.4782418,9.869498,2.6420016
10439,1436608804878,0.43394905,9.879673,2.6833014
10440,1436608804893,0.44831428,9.871892,2.6803088
10441,1436608804916,0.48602295,9.788693,2.6898856
10442,1436608804937,0.5506664,9.742006,2.6420016
10443,1436608804956,0.66858083,9.681553,2.6150668
10444,1436608804977,0.801459,9.5809965,2.6180596
10445,1436608804996,0.9475053,9.458294,2.698864
10446,1436608805016,1.0295067,9.534309,2.7102363
10447,1436608805035,1.0145429,9.764751,2.695871
10448,1436608805054,0.85652566,9.982624,2.698864
10449,1436608805081,0.6667852,10.28549,2.6761189
10450,1436608805098,0.5662287,10.38485,2.6731262
10451,1436608805117,0.40222588,10.557233,2.6581624
10452,1436608805135,0.37948096,10.649409,2.6473885
10453,1436608805156,0.40162733,10.579977,2.6366146
10454,1436608805227,0.43634325,10.4405155,2.6138697
10455,1436608805228,0.51116204,10.315418,2.629432
10456,1436608805229,0.5291186,10.197504,2.7114334
10457,1436608805235,0.49440265,10.073005,2.707842
10458,1436608805260,0.4261679,9.964069,2.6922798
10459,1436608805273,0.4297592,10.060435,2.6994624
10460,1436608805293,0.57041854,9.905411,2.8856115
10461,1436608805316,0.7565677,9.7641535,3.0430303
10462,1436608805333,0.81163436,9.674371,3.1112652
10463,1436608805357,0.85413146,9.626487,3.0759506
10464,1436608805376,0.9828198,9.537901,3.0107086
10465,1436608805394,1.1300632,9.5492735,3.019687
10466,1436608805413,1.216853,9.507375,3.052607
10467,1436608805436,1.2545617,9.196129,3.120842
10468,1436608805456,1.2443863,9.056067,3.0693667
10469,1436608805476,1.2802993,9.09258,3.0178912
10470,1436608805496,1.2479776,9.178172,3.0250738
10471,1436608805516,1.1719618,9.285912,3.052607
10472,1436608805537,1.1749545,9.2865095,3.1824925
10473,1436608805556,1.2443863,9.345766,3.2208
10474,1436608805576,1.353921,9.471462,3.2513258
10475,1436608805597,1.4065934,9.580399,3.2668881
10476,1436608805613,1.4047978,9.716867,3.2638955
10477,1436608805636,1.2952632,9.7958765,3.2441432
10478,1436608805656,1.1378443,9.773131,3.1555579
10479,1436608805676,1.0755951,9.576208,3.1471782
10480,1436608805696,1.0684125,9.489418,3.1028855
10481,1436608805716,1.0923545,9.619903,3.0819361
10482,1436608805736,1.0444705,9.590573,3.105878
10483,1436608805756,1.0121487,9.5570545,3.1435869
10484,1436608805777,0.9463082,9.695918,3.0759506
10485,1436608805796,0.8936358,9.7084875,3.0250738
10486,1436608805817,0.7457938,9.595961,2.918532
10487,1436608805837,0.7978677,9.428965,2.9532478
10488,1436608805856,1.1264719,9.208698,3.1184478
10489,1436608805880,1.620276,9.199121,3.2914288
10490,1436608805932,1.9877859,9.539697,3.3614593
10491,1436608805934,2.0697873,9.8276,3.5565867
10492,1436608805935,1.9045875,9.773131,3.5272577
10493,1436608805953,1.6298528,9.516952,3.2202013
10494,1436608805977,1.4706384,9.48882,2.9867666
10495,1436608805996,1.4407109,9.566033,2.9083564
10496,1436608806013,1.3940239,9.520543,2.8688521
10497,1436608806033,1.2749124,9.454702,2.8413188
10498,1436608806055,1.1252748,9.494206,2.8898015
10499,1436608806074,0.94810385,9.47206,2.9771898
10500,1436608806096,0.88286185,9.552266,2.9999347
10501,1436608806115,0.84096336,9.849147,3.0843303
10502,1436608806138,0.90261406,10.20289,3.107674
10503,1436608806157,0.85652566,10.092158,3.043629
10504,1436608806177,0.9175778,9.812635,3.0065188
10505,1436608806197,1.0540473,9.7402115,2.7485435
10506,1436608806217,1.0013748,9.724648,2.48159
10507,1436608806237,0.9307459,9.749189,2.3020248
10508,1436608806257,0.90500826,9.743204,2.2756886
10509,1436608806277,0.78290397,9.740809,2.355296
10510,1436608806297,0.6919243,9.850345,2.4594438
10511,1436608806317,0.6368576,10.031107,2.486977
10512,1436608806337,0.60333884,10.179547,2.6120741
10513,1436608806356,0.6548142,10.206482,2.7910407
10514,1436608806375,0.7769185,10.1861315,2.8868086
10515,1436608806397,0.84335756,10.035895,2.8862102
10516,1436608806414,0.8984242,10.001778,2.719813
10517,1436608806436,0.93852705,10.093356,2.4534583
10518,1436608806455,0.9343372,10.070611,2.2212207
10519,1436608806479,0.88525605,10.047866,2.019509
10520,1436608806499,0.90620536,9.983223,2.0021513
10521,1436608806519,1.0013748,9.932345,1.9237411
10522,1436608806537,1.0737995,10.01315,1.8393455
10523,1436608806559,1.1091139,10.113108,1.7435774
10524,1436608806578,1.1043255,10.17835,1.7705121
10525,1436608806595,1.0654198,10.220847,1.9494787
10526,1436608806614,0.91099375,10.339958,2.0697873
10527,1436608806646,0.6278794,10.421362,2.1320367
10528,1436608806700,0.29867667,10.49199,2.1829133
10529,1436608806701,-0.025737667,10.575788,2.1883004
10530,1436608806702,-0.39444473,10.626664,2.1158757
10531,1436608806735,-0.717662,10.587758,2.1110873
10532,1436608806736,-0.973243,10.506355,2.0967221
10533,1436608806755,-1.1647792,10.457274,2.0572178
10534,1436608806778,-1.1965023,10.334572,2.066196
10535,1436608806795,-1.1510124,10.235212,2.0805612
10536,1436608806814,-0.97144735,10.257359,2.0524294
10537,1436608806837,-0.78888947,10.204087,2.0536265
10538,1436608806855,-0.599149,10.155006,2.0697873
10539,1436608806877,-0.3824737,10.141838,2.0907366
10540,1436608806895,-0.16220717,10.135254,2.1296425
10541,1436608806915,0.005985504,10.120291,2.1499932
10542,1436608806938,0.17657238,10.084377,2.1817162
10543,1436608806958,0.31004912,9.972448,2.2457612
10544,1436608806978,0.43514615,9.908403,2.3331497
10545,1436608806997,0.48602295,9.978435,2.337938
10546,1436608807018,0.5033809,9.988011,2.4157495
10547,1436608807036,0.48841715,9.920973,2.4247277
10548,1436608807057,0.45789108,9.888053,2.4762032
10549,1436608807077,0.46866497,9.876082,2.5079262
10550,1436608807097,0.50996494,9.818622,2.528277
10551,1436608807120,0.55006784,9.825205,2.5582044
10552,1436608807138,0.5955577,9.76535,2.621651
10553,1436608807160,0.61890113,9.674969,2.7060466
10554,1436608807180,0.58119243,9.7324295,2.7581203
10555,1436608807200,0.52133745,9.7402115,2.7335799
10556,1436608807218,0.4794389,9.654019,2.718616
10557,1436608807236,0.45190558,9.633669,2.7144263
10558,1436608807255,0.5518635,9.64564,2.755726
10559,1436608807275,0.7020996,9.551069,2.8814218
10560,1436608807301,0.80086046,9.602545,2.9161377
10561,1436608807321,0.74519527,9.561244,2.8951883
10562,1436608807341,0.6655881,9.52174,2.747945
10563,1436608807356,0.65242,9.519944,2.6126726
10564,1436608807383,0.65182143,9.542689,2.493561
10565,1436608807466,0.66618663,9.5253315,2.6007016
10566,1436608807467,0.62847793,9.65821,2.6192567
10567,1436608807468,0.6847417,9.733028,2.7383683
10568,1436608807469,0.8367735,9.811439,2.8060043
10569,1436608807481,1.0779893,9.911995,2.7940333
10570,1436608807495,1.2114661,9.900024,2.794632
10571,1436608807517,1.2336124,9.869498,2.758719
10572,1436608807537,1.1426327,9.806051,2.6743233
10573,1436608807557,0.9935937,9.753379,2.6001031
10574,1436608807575,0.87448215,9.789292,2.618658
10575,1436608807596,0.7404069,9.774927,2.6569653
10576,1436608807616,0.635062,9.8677025,2.6982653
10577,1436608807639,0.5410896,9.941324,2.7988217
10578,1436608807656,0.48362875,10.020931,2.7928362
10579,1436608807678,0.47165772,10.058042,2.8137856
10580,1436608807698,0.5602432,9.995792,2.8431146
10581,1436608807718,0.61112,9.965266,2.815581
10582,1436608807738,0.682946,9.950302,2.80361
10583,1436608807758,0.7625532,9.90601,2.8161798
10584,1436608807776,0.81283146,9.838972,2.8568811
10585,1436608807798,0.83138657,9.762358,2.8670566
10586,1436608807818,0.84216046,9.718663,2.8485014
10587,1436608807837,0.84335756,9.707291,2.8101943
10588,1436608807857,0.8643068,9.734225,2.7521348
10589,1436608807878,0.85772276,9.700109,2.7263973
10590,1436608807896,0.87448215,9.679757,2.7192147
10591,1436608807916,0.88765025,9.69113,2.724003
10592,1436608807937,0.93972415,9.730635,2.7383683
10593,1436608807960,0.99179804,9.714474,2.7323828
10594,1436608807980,0.98102415,9.715671,2.7473464
10595,1436608808001,0.93732995,9.713276,2.7299886
10596,1436608808019,0.87687635,9.7563715,2.681506
10597,1436608808039,0.8265981,9.800066,2.6689363
10598,1436608808056,0.74639237,9.829395,2.6737247
10599,1436608808077,0.6943185,9.820416,2.6868927
10600,1436608808097,0.623091,9.852738,2.6473885
10601,1436608808162,0.54408234,9.895834,2.6042929
10602,1436608808163,0.4842273,9.907207,2.5462334
10603,1436608808164,0.4285621,9.926959,2.557606
10604,1436608808176,0.3561375,9.932944,2.5611973
10605,1436608808196,0.28491,9.9951935,2.5462334
10606,1436608808216,0.23882163,9.9951935,2.5372553
10607,1436608808237,0.20051439,10.007165,2.5372553
10608,1436608808256,0.15981296,10.0508585,2.5462334
10609,1436608808277,0.05686229,10.105327,2.5635915
10610,1436608808296,0.01616086,10.092757,2.581548
10611,1436608808316,-0.038307227,10.09994,2.5181017
10612,1436608808339,0.017956512,9.989208,2.5629928
10613,1436608808357,0.059855044,9.932345,2.48578
10614,1436608808379,0.16101007,9.903017,2.5001452
10615,1436608808399,0.25498247,9.836577,2.5157075
10616,1436608808419,0.3333926,9.824008,2.5061307
10617,1436608808439,0.39444473,9.8677025,2.4582467
10618,1436608808459,0.45489833,9.928755,2.4588451
10619,1436608808478,0.49679685,10.023924,2.4833858
10620,1436608808499,0.5267244,10.05445,2.5701754
10621,1436608808519,0.59735334,10.012551,2.6001031
10622,1436608808539,0.6452374,9.974244,2.6264393
10623,1436608808559,0.6745663,10.005369,2.5570073
10624,1436608808577,0.5943606,10.013748,2.4899697
10625,1436608808599,0.42437226,9.891046,2.463035
10626,1436608808619,0.34715924,9.791686,2.4115596
10627,1436608808639,0.20470424,9.633669,2.396596
10628,1436608808658,0.11192893,9.513959,2.393603
10629,1436608808678,0.1328782,9.589975,2.445677
10630,1436608808699,0.17836803,9.738416,2.5378537
10631,1436608808719,0.20051439,9.933543,2.5558102
10632,1436608808753,0.17417817,10.173561,2.5019407
10633,1436608808756,0.19093758,10.349535,2.504335
10634,1436608808777,0.1945289,10.456078,2.5157075
10635,1436608808796,0.12389994,10.429741,2.509722
10636,1436608808816,0.06584055,10.353127,2.5192988
10637,1436608808836,-0.04369418,10.301651,2.4594438
10638,1436608808873,-0.08798691,10.263344,2.4133554
10639,1436608808888,-0.13467385,10.204686,2.3469162
10640,1436608808898,-0.12509704,10.0987425,2.3421278
10641,1436608808918,-0.079008654,10.084377,2.408567
10642,1436608808936,-0.022744916,10.168175,2.4528596
10643,1436608808960,0.040102877,10.205883,2.5288756
10644,1436608808977,0.076614454,10.23222,2.5863364
10645,1436608808997,0.12689269,10.20289,2.698864
10646,1436608809018,0.16160862,10.109517,2.7886465
10647,1436608809038,0.18974048,10.038888,2.77069
10648,1436608809057,0.22924481,9.916184,2.754529
10649,1436608809079,0.2765303,9.831191,2.7700913
10650,1436608809097,0.31423897,9.7402115,2.7712884
10651,1436608809119,0.30825347,9.636064,2.734777
10652,1436608809138,0.28191724,9.573814,2.7341783
10653,1436608809160,0.28311434,9.450513,2.718616
10654,1436608809180,0.28909984,9.406818,2.7180176
10655,1436608809200,0.2669535,9.368511,2.7204118
10656,1436608809220,0.2633622,9.422979,2.7287915
10657,1436608809240,0.29807812,9.589975,2.767697
10658,1436608809260,0.39025488,9.797073,2.8323407
10659,1436608809280,0.49081135,9.94312,2.9574378
10660,1436608809299,0.5781997,10.060435,3.1118636
10661,1436608809318,0.623091,10.093356,3.1914709
10662,1436608809339,0.6500258,9.989806,3.2064347
10663,1436608809360,0.57640404,9.840768,3.1136594
10664,1436608809377,0.53570265,9.640852,2.947861
10665,1436608809397,0.47405192,9.440936,2.8532898
10666,1436608809417,0.42197806,9.4062195,2.791639
10667,1436608809442,0.37828386,9.464878,2.7383683
10668,1436608809463,0.3238158,9.523536,2.861071
10669,1436608809482,0.4237737,9.670779,2.8963854
10670,1436608809500,0.53809685,9.57561,2.8622682
10671,1436608809517,0.6697779,9.572019,2.8191724
10672,1436608809537,0.5482722,9.878476,2.7497406
10673,1436608809557,0.2765303,10.179547,2.7192147
10674,1436608809579,0.109534726,10.392631,2.6868927
10675,1436608809597,0.19273324,10.210073,2.818574
10676,1436608809646,0.29807812,9.847352,2.8443117
10677,1436608809647,0.3812766,9.66659,2.718616
10678,1436608809658,0.4973954,9.567828,2.6449943
10679,1436608809678,0.5141548,9.556456,2.6264393
10680,1436608809697,0.43394905,9.7563715,2.6246436
10681,1436608809717,0.36870706,9.943718,2.7126305
10682,1436608809737,0.41000703,10.108319,2.7084408
10683,1436608809758,0.4890157,10.152613,2.7018566
10684,1436608809777,0.59855044,10.0987425,2.7006595
10685,1436608809798,0.6452374,9.9550905,2.7036524
10686,1436608809823,0.62009823,9.845556,2.7090392
10687,1436608809838,0.66259533,9.715072,2.6102784
10688,1436608809860,0.74758947,9.613917,2.463035
10689,1436608809880,0.80804306,9.5732155,2.4301147
10690,1436608809900,0.8230068,9.661801,2.4037786
10691,1436608809920,0.9068039,9.729437,2.4378958
10692,1436608809940,0.96665895,9.871892,2.5312698
10693,1436608809960,0.9564836,10.078392,2.5594015
10694,1436608809981,0.9223662,10.210671,2.5396495
10695,1436608810001,0.87089086,10.247782,2.5372553
10696,1436608810020,0.79487497,10.254366,2.5492263
10697,1436608810039,0.7661445,10.229825,2.5486276
10698,1436608810064,0.6572084,10.096947,2.4863784
10699,1436608810085,0.5943606,9.943718,2.4145525
10700,1436608810098,0.6003461,9.922171,2.2930467
10701,1436608810118,0.65182143,9.84795,2.2260091
10702,1436608810142,0.75956047,9.801263,2.2307975
10703,1436608810160,0.89064306,9.745,2.2535424
10704,1436608810177,0.96546185,9.6767645,2.3666685
10705,1436608810197,1.049259,9.704298,2.392406
10706,1436608810218,1.0959458,9.721058,2.3068132
10707,1436608810244,1.2419921,9.7563715,2.259528
10708,1436608810264,1.377863,9.722853,2.27928
10709,1436608810284,1.4760253,9.729437,2.3319526
10710,1436608810305,1.4610616,9.846753,2.3127987
10711,1436608810322,1.3389573,10.0341,2.190096
10712,1436608810375,1.1695676,10.189722,2.2038627
10713,1436608810376,1.0241197,10.199898,2.2876596
10714,1436608810379,0.85891986,10.199299,2.3133974
10715,1436608810398,0.6721721,10.2178545,2.236783
10716,1436608810418,0.4854244,10.20289,2.123657
10717,1436608810438,0.26515785,10.17835,2.046444
10718,1436608810460,0.13347675,10.080787,2.0290859
10719,1436608810478,0.05626374,10.038289,2.0745757
10720,1436608810500,0.074220255,10.040684,2.1212628
10721,1436608810519,0.18495208,10.052056,2.1853075
10722,1436608810539,0.39025488,10.120889,2.2403743
10723,1436608810559,0.54408234,10.153211,2.2481554
10724,1436608810579,0.65301853,10.17416,2.2284033
10725,1436608810601,0.7284359,10.22384,2.231396
10726,1436608810621,0.81881696,10.160992,2.2457612
10727,1436608810640,0.88166475,10.089765,2.2631192
10728,1436608810660,0.8972271,9.986216,2.3127987
10729,1436608810679,0.88405895,9.921572,2.3187842
10730,1436608810700,0.7990648,9.841366,2.2948422
10731,1436608810721,0.7284359,9.832987,2.3241713
10732,1436608810740,0.66498953,9.882666,2.2936451
10733,1436608810761,0.64583594,9.898827,2.2972364
10734,1436608810780,0.59495914,10.003573,2.3026235
10735,1436608810799,0.6135142,10.023924,2.327164
10736,1436608810821,0.6548142,10.039486,2.368464
10737,1436608810839,0.6548142,10.081385,2.336741
10738,1436608810860,0.66738373,10.0825815,2.344522
10739,1436608810879,0.6452374,10.022727,2.3732524
10740,1436608810902,0.60094464,9.943718,2.367267
10741,1436608810922,0.5446809,9.879075,2.3828292
10742,1436608810942,0.4854244,9.903017,2.3427265
10743,1436608810962,0.51116204,9.900024,2.3505075
10744,1436608810981,0.51834464,9.914988,2.3660698
10745,1436608810998,0.5141548,9.892841,2.379238
10746,1436608811020,0.49200845,9.867104,2.3834279
10747,1436608811040,0.45010993,9.865907,2.3906105
10748,1436608811132,0.47884035,9.877279,2.456451
10749,1436608811133,0.492607,10.018537,2.5570073
10750,1436608811146,0.3728969,10.317214,2.557606
10751,1436608811147,0.11611878,10.398617,2.5779567
10752,1436608811148,-0.20470424,10.290877,2.546832
10753,1436608811158,-0.39504328,10.177752,2.4319103
10754,1436608811179,-0.41000703,10.08737,2.2104468
10755,1436608811199,-0.17597382,10.039486,2.010531
10756,1436608811219,0.20470424,10.206482,1.9243397
10757,1436608811240,0.5943606,10.136452,2.0614076
10758,1436608811260,0.97743285,9.77792,2.3223755
10759,1436608811280,1.3012487,9.689334,2.3834279
10760,1436608811300,1.4652514,9.825205,2.3588872
10761,1436608811320,1.3820529,9.680356,2.373851
10762,1436608811341,1.311424,9.668385,2.463035
10763,1436608811362,1.3461399,9.922171,2.3582888
10764,1436608811382,1.3569138,9.826403,2.3582888
10765,1436608811402,1.3293805,9.876082,2.3624785
10766,1436608811422,1.2623428,9.993398,2.3301568
10767,1436608811440,1.186327,9.768942,2.3666685
10768,1436608811462,1.1210849,9.664195,2.4408886
10769,1436608811485,1.0947487,9.635465,2.420538
10770,1436608811499,1.0378864,9.490017,2.3983915
10771,1436608811519,1.0205284,9.336189,2.3882163
10772,1436608811539,1.0480618,9.348759,2.392406
10773,1436608811559,1.1139023,9.359533,2.3517046
10774,1436608811580,1.1641805,9.300277,2.4408886
10775,1436608811600,1.2557588,9.458893,2.4420857
10776,1436608811620,1.3844471,9.557653,2.4432828
10777,1436608811642,1.6118963,9.7641535,2.4396915
10778,1436608811660,1.8309658,9.925761,2.4995465
10779,1436608811680,1.9057846,10.105926,2.5623944
10780,1436608811702,1.7381904,10.600926,2.5198972
10781,1436608811721,1.3670892,10.938509,2.4013844
10782,1436608811741,0.88765025,10.585364,2.4594438
10783,1436608811761,0.54049104,10.102334,2.6366146
10784,1436608811781,0.1945289,9.844957,2.5755625
10785,1436608811861,-0.22026655,9.601347,2.4480712
10786,1436608811862,-0.59615624,9.612122,2.3157916
10787,1436608811863,-0.6913257,9.782708,2.2391772
10788,1436608811864,-0.5770026,9.864111,2.3355439
10789,1436608811879,-0.46806642,9.913791,2.5031378
10790,1436608811901,-0.40402153,10.040085,2.6755204
10791,1436608811920,-0.31663316,10.163386,2.7670987
10792,1436608811939,-0.09756372,10.209475,2.846706
10793,1436608811965,0.11372458,10.21965,2.8335378
10794,1436608811980,0.20350714,10.175956,2.6378117
10795,1436608812000,0.21068975,10.229227,2.4073699
10796,1436608812020,0.091578215,10.118495,2.321777
10797,1436608812040,0.074220255,9.860519,2.4372973
10798,1436608812061,0.18195933,9.781511,2.4486697
10799,1436608812082,0.3196259,9.696517,2.5276785
10800,1436608812100,0.45190558,9.783905,2.5887306
10801,1436608812120,0.6464345,9.952697,2.5761611
10802,1436608812140,0.8170213,10.023924,2.5833437
10803,1436608812160,0.8218097,9.983821,2.6503813
10804,1436608812183,0.6811504,9.960478,2.6593595
10805,1436608812203,0.61052144,9.958682,2.645593
10806,1436608812223,0.5069722,9.96347,2.545635
10807,1436608812240,0.5069722,9.885659,2.528277
10808,1436608812260,0.57520694,9.862315,2.517503
10809,1436608812281,0.62488663,9.813833,2.5306711
10810,1436608812300,0.6733692,9.867104,2.4636335
10811,1436608812322,0.6979098,9.9550905,2.4211364
10812,1436608812340,0.7146692,10.032304,2.3906105
10813,1436608812361,0.76075757,10.019734,2.4486697
10814,1436608812383,0.7787141,9.983821,2.4624364
10815,1436608812402,0.7679402,9.916783,2.4636335
10816,1436608812422,0.7368156,9.901819,2.4211364
10817,1436608812441,0.724246,9.900622,2.4091654
10818,1436608812463,0.7721301,9.895236,2.3989902
10819,1436608812482,0.84575176,9.907207,2.4121583
10820,1436608812501,0.94331545,9.888652,2.3983915
10821,1436608812521,1.0348936,9.904813,2.3756466
10822,1436608812542,1.1252748,9.937733,2.368464
10823,1436608812561,1.1923125,9.965266,2.355296
10824,1436608812607,1.2491747,9.958682,2.3104045
10825,1436608812608,1.2785037,9.919776,2.2720973
10826,1436608812620,1.3347675,9.888652,2.2774844
10827,1436608812651,1.34195,9.842564,2.2822728
10828,1436608812660,1.3736732,9.858126,2.2828712
10829,1436608812681,1.3982137,9.873688,2.3187842
10830,1436608812701,1.3994108,9.882068,2.3852234
10831,1436608812722,1.3880384,9.931149,2.3953989
10832,1436608812741,1.3694834,9.953295,2.397793
10833,1436608812761,1.3611037,9.921572,2.460641
10834,1436608812782,1.3072342,9.952697,2.5073278
10835,1436608812801,1.2348095,9.962872,2.48578
10836,1436608812821,1.1677719,9.911995,2.4349031
10837,1436608812841,1.1264719,9.835979,2.4139538
10838,1436608812861,1.1013328,9.786898,2.4289176
10839,1436608812883,1.1145009,9.792285,2.4103625
10840,1436608812901,1.1318588,9.791686,2.4378958
10841,1436608812923,1.1492168,9.7958765,2.4762032
10842,1436608812941,1.1611878,9.809643,2.4971523
10843,1436608812961,1.1432313,9.841965,2.5121162
10844,1436608812983,1.1204864,9.821614,2.5234885
10845,1436608813001,1.1336545,9.826403,2.542642
10846,1436608813025,1.1384429,9.834184,2.5372553
10847,1436608813046,1.1204864,9.846753,2.545635
10848,1436608813063,1.067814,9.855731,2.5617957
10849,1436608813080,1.0474633,9.854534,2.5516205
10850,1436608813106,1.0319009,9.861717,2.5342624
10851,1436608813123,1.0055647,9.804854,2.5462334
10852,1436608813141,0.96067345,9.789292,2.5773582
10853,1436608813161,0.9008184,9.802461,2.5611973
10854,1436608813181,0.85473,9.807249,2.532467
10855,1436608813200,0.81761986,9.834782,2.5594015
10856,1436608813225,0.8074445,9.814431,2.5611973
10857,1436608813245,0.78410107,9.845556,2.5372553
10858,1436608813266,0.7739257,9.895834,2.5049336
10859,1436608813283,0.78410107,9.870695,2.5288756
10860,1436608813304,0.80205756,9.907207,2.5486276
10861,1436608813382,0.7882909,9.890448,2.52289
10862,1436608813383,0.7870938,9.92636,2.5306711
10863,1436608813384,0.8050503,9.981427,2.5103204
10864,1436608813385,0.79846627,9.952697,2.5240872
10865,1436608813404,0.82240826,9.916783,2.556409
10866,1436608813424,0.777517,9.891046,2.556409
10867,1436608813441,0.6985083,9.898827,2.516306
10868,1436608813466,0.62368953,9.888053,2.468422
10869,1436608813491,0.6051345,9.906608,2.4570496
10870,1436608813501,0.58538234,9.925163,2.480393
10871,1436608813527,0.5919664,9.919178,2.5354595
10872,1436608813542,0.58119243,9.905411,2.5288756
10873,1436608813564,0.5566519,9.900622,2.5432408
10874,1436608813585,0.51355624,9.913791,2.5246856
10875,1436608813603,0.4902128,9.901221,2.521693
10876,1436608813624,0.46686932,9.904214,2.5210943
10877,1436608813642,0.4429273,9.941922,2.5198972
10878,1436608813661,0.45010993,10.007165,2.4797945
10879,1436608813683,0.52373165,10.09156,2.3852234
10880,1436608813703,0.7098808,9.996989,2.4384944
10881,1436608813723,0.85652566,9.882068,2.5127146
10882,1436608813742,0.99778354,9.835381,2.498948
10883,1436608813764,1.0354922,9.786898,2.4582467
10884,1436608813784,1.0390835,9.827001,2.4067712
10885,1436608813806,1.0474633,9.86471,2.4067712
10886,1436608813826,1.0432734,9.89763,2.4378958
10887,1436608813842,0.97503865,9.9473095,2.456451
10888,1436608813864,0.81043726,9.959281,2.4863784
10889,1436608813896,0.6596026,9.957485,2.5037365
10890,1436608813901,0.5446809,9.945514,2.5049336
10891,1436608813921,0.44891283,9.9550905,2.4774003
10892,1436608813941,0.3633201,9.97604,2.4390929
10893,1436608813961,0.34117374,9.937733,2.4438813
10894,1436608813982,0.3657143,9.8994255,2.4510639
10895,1436608814002,0.38726214,9.892841,2.4498668
10896,1436608814030,0.42676646,9.908403,2.4450784
10897,1436608814112,0.48243165,9.9550905,2.408567
10898,1436608814113,0.59735334,9.977237,2.396596
10899,1436608814114,0.7206547,9.964069,2.420538
10900,1436608814115,0.78050977,9.917382,2.4720132
10901,1436608814144,0.7715315,9.916783,2.4971523
10902,1436608814145,0.7739257,9.921572,2.475006
10903,1436608814161,0.7685388,9.958682,2.5151088
10904,1436608814183,0.7170634,9.9473095,2.546832
10905,1436608814201,0.6218939,9.937733,2.508525
10906,1436608814226,0.4878186,9.985018,2.508525
10907,1436608814242,0.29209262,10.095152,2.4947581
10908,1436608814262,0.10534488,10.1861315,2.433706
10909,1436608814283,0.030526072,10.053851,2.4785974
10910,1436608814302,0.044292733,10.022727,2.4833858
10911,1436608814325,0.050876785,10.004171,2.4319103
10912,1436608814345,0.0688333,9.972448,2.3810337
10913,1436608814365,0.20051439,9.920973,2.3038206
10914,1436608814385,0.4225766,9.934141,2.268506
10915,1436608814405,0.6691794,9.868899,2.309806
10916,1436608814426,0.89184016,9.909601,2.331354
10917,1436608814445,1.1043255,9.973047,2.3133974
10918,1436608814466,1.1953052,9.966463,2.2888567
10919,1436608814484,1.2413936,9.961076,2.3139958
10920,1436608814506,1.2485762,9.919776,2.3535004
10921,1436608814524,1.2312182,9.919178,2.3630772
10922,1436608814545,1.0845734,10.010158,2.3361423
10923,1436608814563,0.96306765,9.968858,2.3169887
10924,1436608814582,0.89782566,9.925163,2.3594859
10925,1436608814604,0.8738836,9.972448,2.36188
10926,1436608814627,0.7769185,9.955689,2.367267
10927,1436608814646,0.6655881,9.985617,2.4067712
10928,1436608814665,0.5506664,9.974843,2.4007857
10929,1436608814686,0.4309563,9.892841,2.4037786
10930,1436608814705,0.39983168,9.965266,2.3636756
10931,1436608814723,0.4141969,9.973047,2.31639
10932,1436608814742,0.54527944,9.879673,2.4187422
10933,1436608814765,0.6631939,9.865907,2.4516625
10934,1436608814783,0.760159,9.89763,2.4289176
10935,1436608814835,0.88046765,9.904214,2.3900118
10936,1436608814836,1.0127473,9.919178,2.409764
10937,1436608814852,1.1312603,9.964069,2.380435
10938,1436608814862,1.2246342,9.861118,2.35769
10939,1436608814885,1.3299791,9.78989,2.3666685
10940,1436608814905,1.395221,9.738416,2.3385365
10941,1436608814922,1.3808558,9.733627,2.3307555
10942,1436608814945,1.3467385,9.81503,2.3732524
10943,1436608814963,1.192911,9.967062,2.4504654
10944,1436608814985,0.99179804,10.025121,2.545635
10945,1436608815092,0.7757214,10.061633,2.585738
10946,1436608815093,0.51475334,10.092757,2.5725696
10947,1436608815094,0.43394905,10.089166,2.5270798
10948,1436608815095,0.24720132,10.0029745,2.546832
10949,1436608815096,0.17477672,9.922769,2.5474305
10950,1436608815112,0.13108255,9.9233675,2.461838
10951,1436608815127,0.15143326,9.866506,2.3900118
10952,1436608815143,0.26156655,9.807249,2.409764
10953,1436608815189,0.4429273,9.831789,2.417545
10954,1436608815190,0.6841431,9.828198,2.4552538
10955,1436608815208,0.8355764,9.831789,2.532467
10956,1436608815223,0.9151836,9.901221,2.5258827
10957,1436608815243,0.9624691,9.925761,2.5049336
10958,1436608815263,0.9498995,9.949704,2.4756045
10959,1436608815283,0.91697925,9.906608,2.4546554
10960,1436608815302,0.8900445,9.850943,2.4259248
10961,1436608815323,0.8619126,9.85214,2.4067712
10962,1436608815343,0.85532856,9.821015,2.396596
10963,1436608815363,0.8702923,9.852738,2.404377
10964,1436608815383,0.8690952,9.888652,2.4025815
10965,1436608815403,0.86490536,9.955689,2.3744495
10966,1436608815423,0.8936358,9.972448,2.3702598
10967,1436608815443,0.86251116,9.977237,2.380435
10968,1436608815463,0.8571242,9.977237,2.3762453
10969,1436608815483,0.82360536,10.039486,2.344522
10970,1436608815503,0.8026561,10.016742,2.3349452
10971,1436608815525,0.86490536,9.973047,2.3529017
10972,1436608815543,0.95229375,9.980229,2.333748
10973,1436608815612,1.0360907,9.965266,2.3056161
10974,1436608815613,1.0881647,9.950302,2.2942438
10975,1436608815614,1.0989386,9.941324,2.3199813
10976,1436608815628,1.0600328,9.905411,2.31639
10977,1436608815642,0.997185,9.946113,2.3092074
10978,1436608815662,0.9259575,9.982624,2.3169887
10979,1436608815683,0.84335756,9.9550905,2.3127987
10980,1436608815702,0.78649527,9.924564,2.3187842
10981,1436608815722,0.75716627,9.920973,2.3050177
10982,1436608815742,0.78050977,9.936536,2.2894554
10983,1436608815762,0.76434886,9.991004,2.2756886
10984,1436608815782,0.85532856,9.98442,2.3092074
10985,1436608815802,0.9235633,10.024523,2.3235726
10986,1436608815822,0.9684546,10.005967,2.3397336
10987,1436608815842,1.0127473,9.968259,2.3331497
10988,1436608815862,1.0043676,9.922171,2.3349452
10989,1436608815882,0.96546185,9.870096,2.3241713
10990,1436608815902,0.9379285,9.847352,2.3253684
10991,1436608815922,0.92296475,9.828796,2.3391352
10992,1436608815945,0.9103952,9.838373,2.355296
10993,1436608815967,0.88645315,9.900622,2.3439236
10994,1436608815986,0.8810662,9.978435,2.3529017
10995,1436608816006,0.86969376,9.9790325,2.3942018
10996,1436608816028,0.8750807,9.989806,2.381632
10997,1436608816045,0.8631097,9.977836,2.3702598
10998,1436608816064,0.8451532,9.974244,2.3050177
10999,1436608816086,0.84455466,9.952697,2.2882583
11000,1436608816109,0.88046765,9.9233675,2.3343468
11001,1436608816125,0.86849666,9.888053,2.3475149
11002,1436608816143,0.8535329,9.892841,2.3361423
11003,1436608816165,0.8331822,9.880871,2.2906525
11004,1436608816184,0.8499416,9.86471,2.3229742
11005,1436608816233,0.9283517,9.860519,2.309806
11006,1436608816243,1.0181342,9.903615,2.2756886
11007,1436608816244,1.0851719,9.942521,2.2589293
11008,1436608816270,1.1097125,9.9951935,2.268506
11009,1436608816286,1.1264719,9.967062,2.272696
11010,1436608816305,1.1121067,9.958083,2.3020248
11011,1436608816323,1.0468647,9.944916,2.2774844
11012,1436608816346,0.97384155,9.99639,2.268506
11013,1436608816367,0.90740246,9.97185,2.2457612
11014,1436608816386,0.8583213,9.933543,2.2816741
11015,1436608816406,0.80086046,9.93474,2.2936451
11016,1436608816428,0.7529764,9.939528,2.2960393
11017,1436608816446,0.75836337,9.968858,2.331354
11018,1436608816469,0.7104794,10.016143,2.333748
11019,1436608816486,0.6937199,10.044873,2.32058
11020,1436608816506,0.6584055,10.038888,2.3558946
11021,1436608816526,0.623091,9.982624,2.36188
11022,1436608816547,0.5979519,9.980828,2.3690627
11023,1436608816566,0.6087258,9.986216,2.3475149
11024,1436608816583,0.62129533,10.059238,2.304419
11025,1436608816604,0.6488287,10.049063,2.2984335
11026,1436608816625,0.6817489,9.944317,2.4061728
11027,1436608816646,0.6901286,9.944317,2.381632
11028,1436608816668,0.6428431,9.919776,2.4013844
11029,1436608816686,0.492607,9.904813,2.4049757
11030,1436608816704,0.33997664,9.92636,2.360683
11031,1436608816759,0.23283611,9.844957,2.3756466
11032,1436608816760,0.19632454,9.809643,2.3666685
11033,1436608816764,0.17357962,9.858724,2.3451207
11034,1436608816787,0.1933318,9.925163,2.4289176
11035,1436608816808,0.2136825,9.921572,2.4534583
11036,1436608816827,0.22565351,9.953894,2.508525
11037,1436608816845,0.29209262,10.007763,2.5091233
11038,1436608816933,0.36272156,9.86471,2.5462334
11039,1436608816934,0.41000703,9.922769,2.496554
11040,1436608816935,0.38486794,9.982025,2.4594438
11041,1436608816936,0.41958386,9.935339,2.428319
11042,1436608816947,0.44232875,9.871892,2.4612393
11043,1436608816969,0.41000703,9.88506,2.4708161
11044,1436608816985,0.32202014,9.953894,2.4624364
11045,1436608817004,0.20949265,10.001179,2.4504654
11046,1436608817030,0.05327099,10.07121,2.4552538
11047,1436608817046,-0.08379706,10.150817,2.4157495
11048,1436608817069,-0.18255788,10.098145,2.3852234
11049,1436608817087,-0.19393034,10.055647,2.408567
11050,1436608817105,-0.2112883,10.041282,2.4133554
11051,1436608817125,-0.16280572,10.05864,2.4199393
11052,1436608817148,-0.1400608,10.061633,2.4546554
11053,1436608817168,-0.13108255,10.049662,2.44448
11054,1436608817188,-0.06584055,9.979631,2.4827871
11055,1436608817208,0.02813187,9.952697,2.4827871
11056,1436608817228,0.08499416,9.909002,2.5222914
11057,1436608817247,0.18734628,9.892242,2.5408466
11058,1436608817268,0.20171149,9.923966,2.5103204
11059,1436608817288,0.19153613,9.959281,2.496554
11060,1436608817308,0.1921347,9.925163,2.5306711
11061,1436608817325,0.20649989,9.949105,2.5629928
11062,1436608817348,0.20231004,9.942521,2.554613
11063,1436608817368,0.19273324,9.975441,2.5031378
11064,1436608817391,0.219668,9.957485,2.520496
11065,1436608817407,0.23343466,9.940725,2.5600002
11066,1436608817428,0.20649989,10.022128,2.5540147
11067,1436608817448,0.1376666,9.995792,2.5300727
11068,1436608817468,0.10414778,10.011354,2.4510639
11069,1436608817488,0.16460137,9.934141,2.4349031
11070,1436608817506,0.24181437,9.852738,2.4690206
11071,1436608817529,0.24660277,9.7479925,2.521693
11072,1436608817547,0.21547815,9.777321,2.4887726
11073,1436608817566,0.21188685,9.87668,2.475006
11074,1436608817585,0.25558102,9.928755,2.5276785
11075,1436608817655,0.29328972,9.990405,2.5450363
11076,1436608817656,0.31304187,10.018537,2.5378537
11077,1436608817657,0.35434186,10.037092,2.5276785
11078,1436608817665,0.41359833,10.064027,2.492364
11079,1436608817690,0.51355624,9.985018,2.4540567
11080,1436608817706,0.61650693,9.859921,2.4540567
11081,1436608817727,0.75237787,9.763555,2.4408886
11082,1436608817747,0.8319851,9.697714,2.3774424
11083,1436608817766,0.9564836,9.71986,2.3822308
11084,1436608817786,1.0468647,9.739014,2.4480712
11085,1436608817806,1.0618285,9.794679,2.4235306
11086,1436608817828,1.0205284,9.801263,2.3666685
11087,1436608817845,0.9888053,9.812037,2.333748
11088,1436608817868,1.0019734,9.841366,2.307412
11089,1436608817888,1.0169371,9.929952,2.3594859
11090,1436608817907,1.0241197,9.959879,2.3774424
11091,1436608817927,1.0283096,9.965266,2.4103625
11092,1436608817948,1.06123,9.959879,2.44448
11093,1436608817968,1.0564415,9.959281,2.429516
11094,1436608817986,1.0450691,9.96347,2.3864205
11095,1436608818008,1.01574,9.96347,2.3582888
11096,1436608818030,1.0193313,9.912594,2.3654714
11097,1436608818047,0.95349085,9.861717,2.360683
11098,1436608818066,0.8774749,9.880871,2.3439236
11099,1436608818096,0.8038532,9.886257,2.337938
11100,1436608818109,0.7679402,9.928156,2.36188
11101,1436608818128,0.7278373,10.005967,2.3523033
11102,1436608818149,0.7188591,10.020931,2.3750482
11103,1436608818168,0.7410054,10.044274,2.372654
11104,1436608818188,0.7577648,10.040085,2.3570917
11105,1436608818208,0.7811083,10.069414,2.3373394
11106,1436608818231,0.82480246,10.000581,2.328361
11107,1436608818249,0.8463503,9.962274,2.2960393
11108,1436608818268,0.9044097,9.92636,2.2870612
11109,1436608818286,0.91937345,9.8437605,2.2930467
11110,1436608818306,0.95947635,9.853935,2.3008277
11111,1436608818373,0.9744401,9.90601,2.3008277
11112,1436608818374,0.96785605,9.965864,2.32058
11113,1436608818375,0.98341835,10.001778,2.3331497
11114,1436608818385,0.96306765,10.024523,2.3169887
11115,1436608818411,0.94930094,10.048465,2.3301568
11116,1436608818427,0.9235633,10.052056,2.2810757
11117,1436608818446,0.87448215,10.097546,2.2840683
11118,1436608818467,0.81343,10.1621895,2.2451627
11119,1436608818486,0.7673417,10.186729,2.2266076
11120,1436608818508,0.7679402,10.105926,2.2894554
11121,1436608818527,0.7625532,10.0341,2.3331497
11122,1436608818548,0.78170687,10.030508,2.343325
11123,1436608818566,0.7625532,10.031107,2.3223755
11124,1436608818588,0.7493851,10.002377,2.3127987
11125,1436608818608,0.7134721,9.998785,2.3594859
11126,1436608818628,0.65421563,9.958682,2.385822
11127,1436608818648,0.60573304,9.940127,2.4420857
11128,1436608818667,0.57400984,10.025121,2.456451
11129,1436608818688,0.52073884,10.1143055,2.48578
11130,1436608818708,0.50158525,10.189722,2.5025394
11131,1436608818729,0.4854244,10.220248,2.5103204
11132,1436608818750,0.45250413,10.2406,2.5145104
11133,1436608818767,0.4345476,10.188525,2.5025394
11134,1436608818789,0.44352585,10.096947,2.5127146
11135,1436608818806,0.47465047,9.926959,2.5234885
11136,1436608818827,0.55006784,9.825804,2.5312698
11137,1436608818846,0.6123171,9.747394,2.542642
11138,1436608818871,0.6931214,9.713276,2.6007016
11139,1436608818892,0.717662,9.662998,2.7036524
11140,1436608818912,0.6937199,9.602545,2.783858
11141,1436608818931,0.62608373,9.587581,2.8167782
11142,1436608818946,0.5835867,9.575011,2.790442
11143,1436608818966,0.5566519,9.5732155,2.7623103
11144,1436608818986,0.56802434,9.570223,2.7473464
11145,1436608819008,0.6428431,9.537901,2.724003
11146,1436608819033,0.7272388,9.476849,2.7329812
11147,1436608819132,0.82001406,9.482236,2.7024553
11148,1436608819133,0.8822633,9.511565,2.690484
11149,1436608819134,0.961272,9.48044,2.6599581
11150,1436608819135,1.050456,9.419388,2.6084828
11151,1436608819136,1.1773487,9.3733,2.5761611
11152,1436608819151,1.2826935,9.36073,2.541445
11153,1436608819188,1.3257892,9.270349,2.5767596
11154,1436608819189,1.412579,9.248801,2.5671828
11155,1436608819206,1.4838065,9.329007,2.5037365
11156,1436608819233,1.5382746,9.46847,2.432509
11157,1436608819256,1.6154876,9.592968,2.3636756
11158,1436608819267,1.6298528,9.585785,2.3481133
11159,1436608819286,1.6561891,9.5732155,2.3427265
11160,1436608819308,1.6795325,9.644443,2.3002293
11161,1436608819326,1.6681601,9.658808,2.2583308
11162,1436608819348,1.5891514,9.79827,2.1918917
11163,1436608819368,1.5263035,10.016742,2.1021092
11164,1436608819389,1.4532804,9.950901,2.071583
11165,1436608819408,1.3521254,10.0029745,2.0045455
11166,1436608819430,1.1629834,10.048465,1.8950106
11167,1436608819449,1.0366893,10.123283,1.8483237
11168,1436608819469,0.90261406,10.150218,1.7914615
11169,1436608819489,0.7565677,10.181343,1.7585411
11170,1436608819534,0.6266823,10.306439,1.7256209
11171,1436608819535,0.4950012,10.366894,1.6932992
11172,1436608819552,0.36511576,10.4171715,1.6873137
11173,1436608819580,0.2160767,10.539276,1.6962919
11174,1436608819589,0.04070143,10.607511,1.7184383
11175,1436608819609,-0.093972415,10.714651,1.6525977
11176,1436608819627,-0.17836803,10.786477,1.6166847
11177,1436608819647,-0.17298107,10.819996,1.5915456
11178,1436608819667,-0.11611878,10.805631,1.6011224
11179,1436608819688,-0.0077811554,10.788872,1.5646108
11180,1436608819709,0.11731588,10.718243,1.5125369
11181,1436608819738,0.25677812,10.687118,1.5221137
11182,1436608819750,0.32920274,10.606314,1.5466543
11183,1436608819769,0.3609259,10.535086,1.5466543
11184,1436608819788,0.38845924,10.494385,1.5652094
11185,1436608819816,0.36631286,10.383653,1.620276
11186,1436608819837,0.3716998,10.308235,1.6795325
11187,1436608819849,0.36272156,10.268132,1.714847
11188,1436608819867,0.3321955,10.26095,1.7154455
11189,1436608819887,0.3298013,10.239402,1.7543513
11190,1436608819922,0.3453636,10.247782,1.7842789
11191,1436608819941,0.3561375,10.222643,1.8489223
11192,1436608819947,0.3537433,10.141838,1.9069817
11193,1436608819967,0.3298013,10.103531,1.951873
11194,1436608819987,0.320823,10.0825815,1.988983
11195,1436608820007,0.30885202,10.061034,2.022502
11196,1436608820029,0.2837129,10.031705,2.0266917
11197,1436608820049,0.25079262,10.006566,2.0859482
11198,1436608820068,0.20290859,9.961675,2.1332338
11199,1436608820088,0.18315643,9.880272,2.2260091
11200,1436608820109,0.18315643,9.832388,2.2888567
11201,1436608820129,0.18195933,9.830592,2.3331497
11202,1436608820151,0.19871874,9.813234,2.3840263
11203,1436608820171,0.19273324,9.835979,2.4504654
11204,1436608820191,0.15622166,9.879075,2.4432828
11205,1436608820211,0.050278235,9.882068,2.433706
11206,1436608820230,-0.04309563,9.894637,2.3971944
11207,1436608820249,-0.14784196,9.879075,2.344522
11208,1436608820271,-0.20590134,9.798869,2.3385365
11209,1436608820289,-0.17357962,9.704298,2.3588872
11210,1436608820309,-0.088585466,9.605537,2.4145525
11211,1436608820327,0.0047884034,9.501988,2.4540567
11212,1436608820350,0.1376666,9.46009,2.457648
11213,1436608820370,0.27353755,9.464279,2.4492683
11214,1436608820390,0.44113165,9.490017,2.4570496
11215,1436608820407,0.5662287,9.621099,2.457648
11216,1436608820427,0.6841431,9.6923275,2.4702177
11217,1436608820448,0.74758947,9.749788,2.5079262
11218,1436608820468,0.79248077,9.785102,2.4947581
11219,1436608820487,0.7835025,9.814431,2.5312698
11220,1436608820508,0.7517793,9.821614,2.5073278
11221,1436608820539,0.6799533,9.803059,2.44448
11222,1436608820556,0.6266823,9.757569,2.3894134
11223,1436608820568,0.55964464,9.776723,2.3481133
11224,1436608820589,0.5470751,9.810242,2.308609
11225,1436608820610,0.5895722,9.835979,2.3008277
11226,1436608820628,0.58777654,9.858724,2.2691047
11227,1436608820647,0.6194997,9.925761,2.2732944
11228,1436608820669,0.6218939,9.968259,2.2439656
11229,1436608820689,0.6314707,10.029311,2.220622
11230,1436608820711,0.65242,10.08737,2.1930888
11231,1436608820731,0.6356605,10.14124,2.144606
11232,1436608820750,0.6679823,10.153211,2.1362264
11233,1436608820771,0.6733692,10.139444,2.1392193
11234,1436608820791,0.6823475,10.1304655,2.1098902
11235,1436608820811,0.700304,10.142437,2.1092918
11236,1436608820830,0.7009025,10.181941,2.0949266
11237,1436608820850,0.7098808,10.201095,2.1015105
11238,1436608820871,0.6913257,10.22384,2.1200657
11239,1436608820889,0.6715736,10.201095,2.1380222
11240,1436608820910,0.6314707,10.18254,2.1386206
11241,1436608820929,0.6194997,10.165182,2.1140802
11242,1436608820949,0.66498953,10.100538,2.0901382
11243,1436608820969,0.74998367,10.022128,2.0811598
11244,1436608820993,0.87807345,9.97185,2.1200657
11245,1436608821013,0.97264445,9.936536,2.1619642
11246,1436608821035,1.0372878,9.954493,2.1619642
11247,1436608821048,1.0528502,10.011953,2.1697452
11248,1436608821070,1.0121487,10.004171,2.2008698
11249,1436608821089,0.9091981,9.991004,2.2182279
11250,1436608821112,0.741604,9.926959,2.2038627
11251,1436608821128,0.5979519,9.929952,2.167351
11252,1436608821152,0.4973954,9.91798,2.1529858
11253,1436608821195,0.45370123,9.933543,2.1691468
11254,1436608821196,0.4369418,9.962872,2.1960814
11255,1436608821208,0.45489833,9.962872,2.2535424
11256,1436608821229,0.45908818,9.997588,2.2936451
11257,1436608821249,0.46267948,10.001778,2.3355439
11258,1436608821268,0.47465047,10.037092,2.3175871
11259,1436608821288,0.43394905,10.041282,2.2762873
11260,1436608821309,0.46507367,9.954493,2.2930467
11261,1436608821331,0.48841715,9.884461,2.27928
11262,1436608821354,0.47884035,9.858126,2.2613235
11263,1436608821369,0.4818331,9.882666,2.2535424
11264,1436608821391,0.47884035,9.892841,2.2894554
11265,1436608821410,0.46986207,9.925163,2.35769
11266,1436608821430,0.44232875,10.014946,2.4319103
11267,1436608821452,0.374094,10.047267,2.4582467
11268,1436608821472,0.34596214,10.077195,2.4540567
11269,1436608821492,0.32022446,10.141838,2.4121583
11270,1436608821512,0.26994625,10.11251,2.4241292
11271,1436608821530,0.19931729,10.092158,2.432509
11272,1436608821549,0.13826515,10.051457,2.4313118
11273,1436608821569,0.108936176,10.01734,2.3906105
11274,1436608821592,0.108936176,9.982624,2.3732524
11275,1436608821609,0.1316811,9.97185,2.3223755
11276,1436608821631,0.16160862,9.892242,2.271499
11277,1436608821651,0.23403321,9.959281,2.271499
11278,1436608821670,0.29149407,9.965864,2.3295584
11279,1436608821690,0.36032736,9.977836,2.3648727
11280,1436608821712,0.4261679,9.9928,2.3983915
11281,1436608821732,0.5129577,10.006566,2.416348
11282,1436608821750,0.5907693,10.039486,2.4390929
11283,1436608821772,0.6171055,9.999982,2.44448
11284,1436608821792,0.56203884,9.977237,2.461838
11285,1436608821811,0.46686932,9.988011,2.456451
11286,1436608821832,0.43275195,9.980828,2.44448
11287,1436608821856,0.38307226,9.917382,2.4211364
11288,1436608821929,0.34715924,9.888053,2.4319103
11289,1436608821930,0.27473465,9.831789,2.396596
11290,1436608821931,0.23163901,9.792285,2.3517046
11291,1436608821932,0.2621651,9.733028,2.3517046
11292,1436608821950,0.31603462,9.763555,2.367267
11293,1436608821971,0.33399114,9.86471,2.4079683
11294,1436608821989,0.39803603,10.006566,2.3852234
11295,1436608822015,0.41718966,10.156802,2.404377
11296,1436608822029,0.46267948,10.26514,2.385822
11297,1436608822049,0.49081135,10.272323,2.416348
11298,1436608822073,0.47345337,10.195109,2.4235306
11299,1436608822092,0.43754035,10.143634,2.4145525
11300,1436608822110,0.3645172,10.059238,2.3505075
11301,1436608822130,0.33039984,9.930551,2.3026235
11302,1436608822152,0.29987377,9.847352,2.2888567
11303,1436608822172,0.2801216,9.8515415,2.284667
11304,1436608822192,0.2825158,9.83957,2.296638
11305,1436608822212,0.32561144,9.956287,2.337938
11306,1436608822232,0.39384618,10.033501,2.3810337
11307,1436608822250,0.45549688,10.111911,2.4001873
11308,1436608822273,0.504578,10.09156,2.4001873
11309,1436608822292,0.55006784,10.035895,2.3876176
11310,1436608822312,0.59495914,9.97604,2.3750482
11311,1436608822331,0.6194997,9.923966,2.3427265
11312,1436608822353,0.6548142,9.894637,2.3343468
11313,1436608822373,0.6781576,9.908403,2.333748
11314,1436608822393,0.7128736,9.914988,2.3361423
11315,1436608822416,0.7152678,9.87668,2.3469162
11316,1436608822430,0.729633,9.840768,2.3582888
11317,1436608822453,0.7517793,9.865308,2.3523033
11318,1436608822476,0.7858967,9.885659,2.3295584
11319,1436608822492,0.80924016,9.931149,2.319383
11320,1436608822513,0.86131406,9.958682,2.345719
11321,1436608822533,0.9103952,9.929353,2.3822308
11322,1436608822552,0.9487024,9.941324,2.3558946
11323,1436608822572,0.96187055,9.925761,2.3116016
11324,1436608822591,1.0133458,9.873089,2.303222
11325,1436608822612,1.0666169,9.871294,2.291251
11326,1436608822659,1.1055226,9.835381,2.284667
11327,1436608822660,1.1845313,9.8683,2.2942438
11328,1436608822678,1.2072762,9.87668,2.2780828
11329,1436608822690,1.2384008,9.922769,2.2637177
11330,1436608822712,1.2850877,9.955689,2.2900538
11331,1436608822730,1.2952632,9.949704,2.296638
11332,1436608822750,1.3221979,9.97604,2.2762873
11333,1436608822772,1.3084313,9.989208,2.2631192
11334,1436608822794,1.3012487,9.96766,2.2750902
11335,1436608822811,1.2946646,9.915586,2.2703018
11336,1436608822832,1.3120226,9.888652,2.267309
11337,1436608822853,1.340753,9.881469,2.2960393
11338,1436608822870,1.3210008,9.892841,2.271499
11339,1436608822891,1.34195,9.874287,2.2942438
11340,1436608822913,1.3551182,9.821614,2.348712
11341,1436608822933,1.3652935,9.8677025,2.3840263
11342,1436608822954,1.3012487,9.884461,2.381632
11343,1436608822971,1.2503718,9.901819,2.337938
11344,1436608822993,1.2330139,9.906608,2.3169887
11345,1436608823013,1.2497733,9.854534,2.3493104
11346,1436608823035,1.240795,9.909601,2.2996306
11347,1436608823056,1.228824,9.931149,2.2918496
11348,1436608823077,1.2413936,9.895236,2.3127987
11349,1436608823095,1.2611457,9.930551,2.2918496
11350,1436608823116,1.2545617,9.995792,2.2559366
11351,1436608823133,1.2425907,10.048465,2.195483
11352,1436608823151,1.1976994,10.05445,2.144606
11353,1436608823171,1.30484,10.024523,2.1811178
11354,1436608823191,1.3826514,9.967062,2.2936451
11355,1436608823212,1.401805,9.937134,2.309806
11356,1436608823234,1.423353,9.858126,2.3588872
11357,1436608823254,1.3976152,9.82341,2.3894134
11358,1436608823274,1.3162124,9.923966,2.3930047
11359,1436608823293,1.0935516,9.829395,2.4079683
11360,1436608823314,0.81043726,9.750985,2.48159
11361,1436608823382,0.6171055,9.704298,2.432509
11362,1436608823383,0.43754035,9.717466,2.3983915
11363,1436608823384,0.29269117,9.686341,2.3505075
11364,1436608823392,0.30346507,9.572617,2.367267
11365,1436608823425,0.374094,9.515755,2.369661
11366,1436608823431,0.47345337,9.509769,2.3948002
11367,1436608823450,0.53091425,9.7007065,2.3822308
11368,1436608823471,0.54408234,9.991004,2.3349452
11369,1436608823490,0.5434838,10.129868,2.3654714
11370,1436608823516,0.50757074,10.24419,2.3834279
11371,1436608823532,0.52373165,10.231621,2.4271219
11372,1436608823551,0.64942724,10.023924,2.44448
11373,1436608823571,0.7727286,9.8515415,2.3678656
11374,1436608823593,0.9259575,9.837176,2.2816741
11375,1436608823614,1.0271125,9.793482,2.2661119
11376,1436608823632,1.0193313,9.835381,2.3104045
11377,1436608823651,0.92176765,9.81922,2.3918076
11378,1436608823671,0.8038532,9.871294,2.3582888
11379,1436608823691,0.7152678,9.909002,2.336741
11380,1436608823711,0.7110779,9.91798,2.3517046
11381,1436608823737,0.66618663,9.895834,2.3750482
11382,1436608823751,0.5189432,9.730036,2.5306711
11383,1436608823771,0.27832595,9.775525,2.5013423
11384,1436608823791,0.075417355,9.862315,2.433706
11385,1436608823813,-0.049679685,10.210671,2.1936872
11386,1436608823833,-0.050876785,10.5919485,2.0506337
11387,1436608823853,0.16220717,10.758944,2.107496
11388,1436608823871,0.33039984,10.864887,2.0871453
11389,1436608823891,0.44891283,10.697293,2.1559787
11390,1436608823911,0.49799395,10.484209,2.1110873
11391,1436608823931,0.48003745,10.435128,2.0338743
11392,1436608823959,0.44831428,10.309433,1.9686323
11393,1436608823976,0.45190558,10.110714,1.927931
11394,1436608823996,0.45429978,9.948506,1.9632454
11395,1436608824013,0.46627077,9.868899,2.0260932
11396,1436608824041,0.49200845,9.780912,2.1039047
11397,1436608824133,0.56682724,9.837775,2.1625626
11398,1436608824134,0.6697779,9.983223,2.1984756
11399,1436608824135,0.7727286,10.036493,2.2469583
11400,1436608824136,0.90021986,10.156802,2.2385786
11401,1436608824137,1.002572,10.266336,2.2182279
11402,1436608824151,1.0307038,10.25257,2.2301989
11403,1436608824170,1.1127052,10.198701,2.2379801
11404,1436608824194,1.1522095,10.12448,2.2984335
11405,1436608824212,1.2066777,9.869498,2.3373394
11406,1436608824231,1.192911,9.592369,2.4067712
11407,1436608824252,1.1725603,9.437943,2.4289176
11408,1436608824275,1.002572,9.613318,2.40318
11409,1436608824293,0.87328506,9.758766,2.4516625
11410,1436608824310,0.7763199,9.855133,2.532467
11411,1436608824335,0.6362591,10.005967,2.621651
11412,1436608824354,0.46686932,10.070012,2.6437972
11413,1436608824375,0.37708676,10.14543,2.6001031
11414,1436608824395,0.3716998,10.115502,2.5893292
11415,1436608824414,0.44831428,9.931747,2.622848
11416,1436608824435,0.641646,9.814431,2.7551277
11417,1436608824453,0.76315176,9.868899,2.7832594
11418,1436608824474,0.94810385,9.783307,2.8281507
11419,1436608824494,1.1857284,9.728839,2.8125885
11420,1436608824515,1.2689269,9.714474,2.819771
11421,1436608824535,1.2084733,9.683948,2.794632
11422,1436608824556,1.0989386,9.828796,2.7144263
11423,1436608824575,1.0594343,9.774927,2.7820623
11424,1436608824593,0.9947908,9.740809,2.8095956
11425,1436608824612,0.91458505,9.68275,2.8101943
11426,1436608824645,0.8810662,9.61272,2.920926
11427,1436608824651,0.86131406,9.542689,2.9646204
11428,1436608824671,0.8535329,9.537302,2.96881
11429,1436608824692,0.90381116,9.605537,2.9442697
11430,1436608824712,1.027711,9.596559,3.044826
11431,1436608824732,1.1049241,9.558251,3.1555579
11432,1436608824785,1.1725603,9.595961,3.1669302
11433,1436608824786,1.2120646,9.60015,3.0986955
11434,1436608824797,1.2892777,9.634866,3.019687
11435,1436608824812,1.3575124,9.583989,3.032855
11436,1436608824833,1.3443443,9.53012,3.0705638
11437,1436608824852,1.2743138,9.535507,3.1292217
11438,1436608824872,1.2563573,9.572019,3.1118636
11439,1436608824893,1.2108675,9.5971575,3.1112652
11440,1436608824912,1.1510124,9.594764,3.0951042
11441,1436608824933,1.0953473,9.558251,3.0538042
11442,1436608824952,1.1246762,9.667188,2.9861681
11443,1436608824973,1.2431892,9.63726,3.015497
11444,1436608824992,1.3401544,9.64564,3.1040826
11445,1436608825015,1.4059949,9.6528225,3.1932666
11446,1436608825036,1.4161704,9.70789,3.139397
11447,1436608825054,1.3694834,9.786898,3.0226796
11448,1436608825072,1.353921,9.888053,3.0352492
11449,1436608825094,1.2539631,9.968259,3.1555579
11450,1436608825112,1.0720038,9.986216,3.2429461
11451,1436608825135,0.94451255,9.928755,3.2465374
11452,1436608825155,0.9223662,9.948506,3.2034419
11453,1436608825177,0.94690675,9.929353,3.1729157
11454,1436608825192,1.033098,9.774927,3.1711202
11455,1436608825215,1.0893618,9.720459,3.1256304
11456,1436608825236,1.146224,9.677961,3.0657754
11457,1436608825255,1.1893197,9.585187,3.0023289
11458,1436608825275,1.1701661,9.565434,2.9789855
11459,1436608825295,1.1168951,9.588778,2.8886044
11460,1436608825315,1.0630256,9.489418,2.8772318
11461,1436608825336,0.985214,9.454702,2.8694508
11462,1436608825356,0.8810662,9.618107,2.8293478
11463,1436608825376,0.82779527,9.711481,2.8042088
11464,1436608825396,0.7882909,9.771336,2.8951883
11465,1436608825416,0.7625532,9.733627,3.0538042
11466,1436608825433,0.7038953,9.713875,3.0897174
11467,1436608825453,0.6913257,9.8042555,3.0172927
11468,1436608825507,0.6781576,9.836577,2.9616275
11469,1436608825508,0.741604,9.843162,2.9083564
11470,1436608825515,0.6955156,9.861717,2.871845
11471,1436608825532,0.62967503,9.902418,2.767697
11472,1436608825554,0.55126494,9.879673,2.7539306
11473,1436608825573,0.5303157,9.901819,2.767697
11474,1436608825592,0.50158525,9.958083,2.7820623
11475,1436608825616,0.4973954,9.988011,2.7736826
11476,1436608825632,0.5189432,10.00477,2.7778726
11477,1436608825653,0.5386954,10.092158,2.7551277
11478,1436608825674,0.57281274,10.081385,2.7665
11479,1436608825694,0.6290765,9.967062,2.7503393
11480,1436608825718,0.59855044,9.872491,2.7048495
11481,1436608825737,0.56323594,9.855133,2.6503813
11482,1436608825756,0.47345337,9.801263,2.5941176
11483,1436608825776,0.40581718,9.79827,2.5731683
11484,1436608825796,0.33518824,9.838373,2.5145104
11485,1436608825816,0.28670564,9.812635,2.553416
11486,1436608825837,0.31184477,9.831191,2.574964
11487,1436608825855,0.3549404,9.879673,2.634819
11488,1436608825876,0.39863458,9.855731,2.6342204
11489,1436608825897,0.40641573,9.868899,2.658761
11490,1436608825915,0.43275195,9.898827,2.6312277
11491,1436608825936,0.4297592,9.910798,2.5851393
11492,1436608825953,0.4333505,9.886257,2.5570073
11493,1436608825974,0.43993455,9.888652,2.5623944
11494,1436608825994,0.4357447,9.871294,2.5623944
11495,1436608826018,0.42916065,9.881469,2.5504234
11496,1436608826040,0.4321534,9.886856,2.5139117
11497,1436608826056,0.43514615,9.911995,2.5037365
11498,1436608826073,0.46028528,9.929952,2.4905684
11499,1436608826096,0.47764325,9.937134,2.5450363
11500,1436608826117,0.4985925,9.975441,2.581548
11501,1436608826133,0.49081135,9.986216,2.5863364
11502,1436608826155,0.49081135,9.97185,2.5863364
11503,1436608826174,0.44232875,9.998186,2.552219
11504,1436608826226,0.43873745,9.968259,2.5683799
11505,1436608826227,0.40342298,9.955689,2.5839422
11506,1436608826243,0.3788824,9.966463,2.5420437
11507,1436608826253,0.34835634,9.915586,2.5378537
11508,1436608826275,0.3226187,9.929952,2.516306
11509,1436608826293,0.34237084,9.905411,2.5252843
11510,1436608826318,0.3477578,9.882666,2.517503
11511,1436608826334,0.36631286,9.938332,2.5115175
11512,1436608826355,0.39205053,9.933543,2.5067291
11513,1436608826374,0.45190558,9.942521,2.5121162
11514,1436608826393,0.47345337,9.950302,2.5318682
11515,1436608826416,0.4818331,9.989806,2.5516205
11516,1436608826437,0.47884035,9.991004,2.5713725
11517,1436608826456,0.47345337,9.969456,2.5438392
11518,1436608826477,0.504578,9.955689,2.532467
11519,1436608826496,0.49200845,9.88925,2.553416
11520,1436608826516,0.504578,9.8683,2.5635915
11521,1436608826537,0.47764325,9.877877,2.5360582
11522,1436608826557,0.46148238,9.910199,2.533664
11523,1436608826577,0.4405331,9.937733,2.554613
11524,1436608826597,0.40641573,10.031705,2.553416
11525,1436608826615,0.35793316,10.020931,2.5677812
11526,1436608826641,0.3441665,9.946711,2.5600002
11527,1436608826654,0.39863458,9.953894,2.5354595
11528,1436608826674,0.4429273,9.916783,2.540248
11529,1436608826694,0.46327803,9.844358,2.5480292
11530,1436608826715,0.46088383,9.853337,2.5438392
11531,1436608826766,0.4249708,9.850345,2.5713725
11532,1436608826767,0.44831428,9.835381,2.5929205
11533,1436608826774,0.4985925,9.833585,2.5917234
11534,1436608826793,0.4973954,9.8198185,2.585738
11535,1436608826820,0.5093664,9.834782,2.5725696
11536,1436608826840,0.5231331,9.857527,2.5594015
11537,1436608826856,0.56922144,9.892242,2.5899277
11538,1436608826875,0.58298814,9.943718,2.5863364
11539,1436608826902,0.54647654,9.925163,2.5528176
11540,1436608826957,0.49799395,9.894038,2.5420437
11541,1436608826958,0.5189432,9.85214,2.5803509
11542,1436608826959,0.46986207,9.884461,2.60968
11543,1436608826983,0.40162733,9.931149,2.5893292
11544,1436608826994,0.36391866,9.956886,2.5605986
11545,1436608827023,0.3561375,9.976639,2.5851393
11546,1436608827036,0.38067806,9.960478,2.6168625
11547,1436608827055,0.39803603,9.967062,2.6204538
11548,1436608827076,0.36631286,9.949704,2.6114755
11549,1436608827095,0.33399114,9.955689,2.5737667
11550,1436608827123,0.33877954,9.931747,2.558803
11551,1436608827135,0.3669114,9.858724,2.5845408
11552,1436608827161,0.44891283,9.833585,2.5995045
11553,1436608827175,0.53450555,9.832388,2.6078842
11554,1436608827197,0.6338649,9.854534,2.5779567
11555,1436608827217,0.6895301,9.8437605,2.5965118
11556,1436608827237,0.7020996,9.913192,2.5965118
11557,1436608827257,0.6727707,9.986216,2.6539726
11558,1436608827277,0.5883751,9.980229,2.6497827
11559,1436608827297,0.50278234,9.979631,2.6240451
11560,1436608827317,0.43155485,9.904813,2.5306711
11561,1436608827337,0.46926352,9.8198185,2.4881742
11562,1436608827357,0.54408234,9.809045,2.5001452
11563,1436608827378,0.63206923,9.783905,2.5049336
11564,1436608827394,0.676362,9.822212,2.5767596
11565,1436608827417,0.6799533,9.910199,2.6007016
11566,1436608827437,0.61770403,9.92636,2.6150668
11567,1436608827457,0.5847838,9.925163,2.594716
11568,1436608827478,0.581791,9.920973,2.5312698
11569,1436608827497,0.60453594,9.879673,2.5330653
11570,1436608827518,0.61112,9.856929,2.504335
11571,1436608827538,0.6428431,9.85214,2.5306711
11572,1436608827556,0.6853402,9.872491,2.56419
11573,1436608827580,0.7314286,9.919178,2.5893292
11574,1436608827598,0.7410054,9.953894,2.5833437
11575,1436608827618,0.7170634,9.953295,2.581548
11576,1436608827636,0.64463884,9.934141,2.544438
11577,1436608827662,0.5955577,9.904813,2.5157075
11578,1436608827729,0.5363012,9.830592,2.5157075
11579,1436608827730,0.49919105,9.852738,2.4971523
11580,1436608827731,0.504578,9.865308,2.5157075
11581,1436608827736,0.4961983,9.89344,2.5360582
11582,1436608827758,0.52373165,9.9233675,2.5342624
11583,1436608827780,0.54408234,9.962274,2.542642
11584,1436608827795,0.5662287,9.977836,2.533664
11585,1436608827815,0.60214174,9.975441,2.5486276
11586,1436608827838,0.58418524,9.952098,2.542642
11587,1436608827856,0.5470751,9.967062,2.510919
11588,1436608827877,0.5201403,9.937134,2.4863784
11589,1436608827896,0.5201403,9.93474,2.5139117
11590,1436608827918,0.5351041,9.858126,2.554613
11591,1436608827938,0.5710171,9.835979,2.5420437
11592,1436608827958,0.58119243,9.871892,2.5187001
11593,1436608827980,0.6147113,9.919776,2.52289
11594,1436608827998,0.6123171,9.993398,2.5731683
11595,1436608828018,0.533907,9.974244,2.6048915
11596,1436608828038,0.49440265,9.935339,2.5773582
11597,1436608828057,0.47105917,9.8916445,2.528277
11598,1436608828077,0.49200845,9.889849,2.4995465
11599,1436608828097,0.52852005,9.90601,2.463035
11600,1436608828119,0.557849,9.888652,2.5192988
11601,1436608828136,0.6099229,9.849147,2.5360582
11602,1436608828158,0.6314707,9.872491,2.542642
11603,1436608828177,0.6398504,9.898229,2.5264814
11604,1436608828196,0.6326678,9.935339,2.4779987
11605,1436608828216,0.6087258,9.901819,2.5169046
11606,1436608828238,0.56802434,9.8437605,2.558803
11607,1436608828258,0.52073884,9.865308,2.516306
11608,1436608828278,0.48482585,9.898827,2.4917655
11609,1436608828298,0.4866215,9.880272,2.473809
11610,1436608828317,0.54168814,9.957485,2.4863784
11611,1436608828337,0.58657944,9.944916,2.553416
11612,1436608828357,0.5835867,9.944317,2.5809495
11613,1436608828378,0.51954174,9.916783,2.5378537
11614,1436608828402,0.45549688,9.872491,2.4624364
11615,1436608828461,0.39624038,9.888652,2.4516625
11616,1436608828462,0.37588966,9.84795,2.460641
11617,1436608828463,0.3357868,9.860519,2.5139117
11618,1436608828485,0.32142156,9.866506,2.5210943
11619,1436608828495,0.2873042,9.956287,2.529474
11620,1436608828520,0.2861071,9.956886,2.504335
11621,1436608828537,0.2908955,9.975441,2.510919
11622,1436608828556,0.30825347,9.950302,2.5246856
11623,1436608828577,0.30286652,9.944916,2.5037365
11624,1436608828597,0.30765492,9.94312,2.498948
11625,1436608828617,0.31364042,9.933543,2.4821887
11626,1436608828636,0.31483752,9.910199,2.5115175
11627,1436608828659,0.3226187,9.89344,2.4947581
11628,1436608828676,0.33997664,9.894637,2.4660277
11629,1436608828699,0.35553896,9.887454,2.4708161
11630,1436608828719,0.38307226,9.911995,2.4588451
11631,1436608828739,0.4309563,9.907805,2.497751
11632,1436608828759,0.43634325,9.894038,2.5181017
11633,1436608828779,0.44951138,9.961076,2.5252843
11634,1436608828799,0.40521863,9.97185,2.5121162
11635,1436608828819,0.39025488,9.967062,2.5390508
11636,1436608828839,0.33518824,9.958682,2.5019407
11637,1436608828860,0.30585927,9.946113,2.4959552
11638,1436608828876,0.28072014,9.952697,2.497751
11639,1436608828905,0.24361002,9.956886,2.508525
11640,1436608828915,0.20470424,9.988609,2.4911668
11641,1436608828938,0.20350714,9.996989,2.5151088
11642,1436608828959,0.2088941,9.981427,2.520496
11643,1436608828983,0.2220622,9.991602,2.5127146
11644,1436608828999,0.2753332,9.974843,2.5133133
11645,1436608829019,0.31902736,9.97185,2.5342624
11646,1436608829039,0.31364042,9.969456,2.5510218
11647,1436608829061,0.31783026,9.977836,2.5288756
11648,1436608829081,0.3274071,9.944317,2.508525
11649,1436608829099,0.31603462,9.929353,2.5240872
11650,1436608829118,0.34955344,9.940127,2.544438
11651,1436608829182,0.35913026,9.949704,2.5342624
11652,1436608829183,0.37349546,9.916783,2.5360582
11653,1436608829184,0.41359833,9.94312,2.5552118
11654,1436608829204,0.4441244,9.9550905,2.557606
11655,1436608829217,0.42197806,9.943718,2.5049336
11656,1436608829236,0.39504328,9.938332,2.4917655
11657,1436608829256,0.39145198,9.950302,2.48578
11658,1436608829277,0.39683893,9.919776,2.5354595
11659,1436608829299,0.43514615,9.907805,2.5408466
11660,1436608829317,0.427365,9.905411,2.5145104
11661,1436608829336,0.44232875,9.898827,2.493561
11662,1436608829357,0.41000703,9.881469,2.5145104
11663,1436608829379,0.40462008,9.926959,2.508525
11664,1436608829396,0.39264908,9.962872,2.5582044
11665,1436608829419,0.4177882,9.968259,2.5647886
11666,1436608829439,0.45609543,9.937733,2.5725696
11667,1436608829457,0.45250413,9.901819,2.5408466
11668,1436608829480,0.45190558,9.912594,2.52289
11669,1436608829500,0.43873745,9.965266,2.4624364
11670,1436608829519,0.45549688,9.965864,2.5133133
11671,1436608829540,0.45310268,9.952098,2.5611973
11672,1436608829559,0.39324763,9.970653,2.5510218
11673,1436608829578,0.3369839,9.982025,2.4839842
11674,1436608829600,0.33279404,9.900622,2.4636335
11675,1436608829619,0.3764882,9.898827,2.4791958
11676,1436608829638,0.46866497,9.85633,2.517503
11677,1436608829660,0.49559975,9.888652,2.5157075
11678,1436608829678,0.49081135,9.986216,2.5169046
11679,1436608829700,0.46208093,9.992201,2.5881321
11680,1436608829720,0.46208093,9.980229,2.5767596
11681,1436608829740,0.44352585,9.920375,2.5845408
11682,1436608829760,0.48243165,9.858126,2.545635
11683,1436608829779,0.5177461,9.913791,2.517503
11684,1436608829798,0.55365914,9.944317,2.5360582
11685,1436608829818,0.5398925,9.918579,2.5821466
11686,1436608829837,0.52612585,9.932944,2.5617957
11687,1436608829858,0.51116204,9.9473095,2.5540147
11688,1436608829940,0.5081693,9.974244,2.5689783
11689,1436608829941,0.49440265,9.994595,2.5528176
11690,1436608829942,0.5189432,9.959281,2.5438392
11691,1436608829943,0.5291186,9.9550905,2.5384524
11692,1436608829957,0.5291186,9.9473095,2.5623944
11693,1436608829978,0.5081693,9.913192,2.545635
11694,1436608829997,0.4878186,9.89763,2.5785553
11695,1436608830018,0.4818331,9.877279,2.5971103
11696,1436608830038,0.5141548,9.8754835,2.6024973
11697,1436608830065,0.56802434,9.937733,2.570774
11698,1436608830079,0.55605334,9.910798,2.6024973
11699,1436608830097,0.55964464,9.89344,2.5875335
11700,1436608830119,0.52253455,9.916783,2.532467
11701,1436608830137,0.48841715,9.874885,2.5486276
11702,1436608830159,0.4890157,9.864111,2.5486276
11703,1436608830180,0.545878,9.869498,2.5240872
11704,1436608830200,0.6015432,9.861717,2.528277
11705,1436608830220,0.6266823,9.869498,2.508525
11706,1436608830240,0.60573304,9.891046,2.5450363
11707,1436608830260,0.5919664,9.876082,2.5552118
11708,1436608830280,0.59136784,9.8994255,2.5187001
11709,1436608830300,0.60094464,9.842564,2.5198972
11710,1436608830318,0.6631939,9.846753,2.4827871
11711,1436608830340,0.688333,9.860519,2.492364
11712,1436608830360,0.7074866,9.869498,2.504335
11713,1436608830378,0.7356185,9.908403,2.5258827
11714,1436608830398,0.7793127,9.940725,2.5270798
11715,1436608830419,0.79248077,9.98442,2.5270798
11716,1436608830442,0.8319851,10.041282,2.5474305
11717,1436608830462,0.8242039,9.949105,2.521693
11718,1436608830485,0.7990648,9.913791,2.5115175
11719,1436608830500,0.7314286,9.88506,2.4899697
11720,1436608830518,0.712275,9.835381,2.4702177
11721,1436608830538,0.6907272,9.835381,2.4313118
11722,1436608830557,0.7038953,9.846154,2.409764
11723,1436608830580,0.7703344,9.849147,2.4343045
11724,1436608830600,0.8655039,9.880272,2.4612393
11725,1436608830647,0.88944596,9.946113,2.4708161
11726,1436608830648,0.93852705,9.968259,2.4612393
11727,1436608830668,0.9923966,9.958682,2.433706
11728,1436608830677,1.0193313,9.959281,2.4259248
11729,1436608830701,1.002572,9.883863,2.4396915
11730,1436608830717,0.9792285,9.90601,2.4390929
11731,1436608830738,0.9355343,9.910798,2.4432828
11732,1436608830759,0.92535895,9.843162,2.421735
11733,1436608830779,0.9564836,9.874287,2.4103625
11734,1436608830799,0.9600749,9.907207,2.4103625
11735,1436608830819,0.9672575,9.918579,2.4019828
11736,1436608830839,0.97623575,9.903615,2.4073699
11737,1436608830860,0.9744401,9.941922,2.421735
11738,1436608830881,0.95109665,9.93474,2.4534583
11739,1436608830901,0.9331401,9.912594,2.4522612
11740,1436608830921,0.9091981,9.983821,2.4313118
11741,1436608830940,0.84335756,9.88925,2.4091654
11742,1436608830961,0.82779527,9.909002,2.331354
11743,1436608830981,0.83018947,9.906608,2.3481133
11744,1436608830999,0.85293436,9.918579,2.4049757
11745,1436608831020,0.8607155,9.933543,2.4193408
11746,1436608831042,0.88765025,9.915586,2.4319103
11747,1436608831061,0.90261406,9.935937,2.40318
11748,1436608831079,0.9127894,9.96347,2.3959973
11749,1436608831100,0.91099375,9.9233675,2.4331074
11750,1436608831119,0.86969376,9.924564,2.416348
11751,1436608831139,0.78290397,9.916783,2.4025815
11752,1436608831162,0.7769185,9.895236,2.3852234
11753,1436608831182,0.7673417,9.908403,2.3708582
11754,1436608831203,0.7661445,9.941922,2.3852234
11755,1436608831221,0.75836337,9.93893,2.415151
11756,1436608831239,0.75836337,9.961675,2.4133554
11757,1436608831259,0.748188,9.9790325,2.4073699
11758,1436608831280,0.7260417,9.92636,2.4193408
11759,1436608831300,0.7422025,9.900024,2.4199393
11760,1436608831321,0.7858967,9.888053,2.4450784
11761,1436608831367,0.82899237,9.870695,2.379238
11762,1436608831368,0.8475474,9.861717,2.373851
11763,1436608831387,0.93493575,9.894038,2.392406
11764,1436608831398,1.021127,9.882068,2.4372973
11765,1436608831419,1.0552444,9.898229,2.4307132
11766,1436608831438,1.0348936,9.913791,2.4223335
11767,1436608831458,0.99778354,9.898229,2.408567
11768,1436608831480,0.98461545,9.886257,2.3959973
11769,1436608831500,0.9516952,9.881469,2.3942018
11770,1436608831519,0.9139865,9.900622,2.4001873
11771,1436608831539,0.8702923,9.892841,2.4229321
11772,1436608831561,0.8158242,9.939528,2.4355016
11773,1436608831580,0.7428011,9.934141,2.463035
11774,1436608831598,0.7128736,9.950901,2.445677
11775,1436608831618,0.682946,9.923966,2.4187422
11776,1436608831638,0.6697779,9.923966,2.445677
11777,1436608831658,0.7068881,9.903615,2.4265234
11778,1436608831679,0.6979098,9.937733,2.4001873
11779,1436608831700,0.7182605,9.948506,2.4103625
11780,1436608831720,0.74519527,9.941922,2.4498668
11781,1436608831740,0.7589619,9.921572,2.4588451
11782,1436608831761,0.7404069,9.944916,2.4612393
11783,1436608831779,0.6985083,9.91798,2.4492683
11784,1436608831802,0.6841431,9.941324,2.4522612
11785,1436608831821,0.7044938,9.940725,2.4552538
11786,1436608831840,0.66139823,9.968259,2.4570496
11787,1436608831860,0.65780693,10.034698,2.4432828
11788,1436608831882,0.6278794,9.991004,2.44448
11789,1436608831902,0.56682724,9.996989,2.4534583
11790,1436608831922,0.4938041,9.935937,2.441487
11791,1436608831940,0.47285482,9.940127,2.4199393
11792,1436608831961,0.492607,9.926959,2.3876176
11793,1436608831982,0.5374983,9.949105,2.4187422
11794,1436608832001,0.56323594,10.001778,2.4361002
11795,1436608832020,0.6027403,9.988011,2.4875755
11796,1436608832048,0.60214174,10.002377,2.4648306
11797,1436608832130,0.6183026,10.010756,2.4301147
11798,1436608832131,0.6218939,10.001778,2.4253263
11799,1436608832132,0.670975,9.989806,2.4366987
11800,1436608832133,0.6979098,9.954493,2.4426842
11801,1436608832148,0.6500258,9.9473095,2.4588451
11802,1436608832159,0.61650693,9.950901,2.4462755
11803,1436608832179,0.6254852,9.9712515,2.4438813
11804,1436608832199,0.60693014,9.982624,2.4516625
11805,1436608832220,0.5907693,9.994595,2.4522612
11806,1436608832239,0.5805939,10.001778,2.4702177
11807,1436608832260,0.60453594,10.000581,2.4486697
11808,1436608832286,0.5847838,10.000581,2.4480712
11809,1436608832301,0.49679685,10.017939,2.463035
11810,1436608832320,0.44592008,9.964069,2.4552538
11811,1436608832342,0.45010993,9.950302,2.421735
11812,1436608832362,0.45130703,9.94312,2.4265234
11813,1436608832382,0.46686932,9.928156,2.4313118
11814,1436608832402,0.5021838,9.92636,2.4253263
11815,1436608832422,0.57640404,9.940725,2.4570496
11816,1436608832440,0.64463884,9.954493,2.4612393
11817,1436608832462,0.6979098,9.959879,2.4666264
11818,1436608832479,0.7272388,9.944916,2.4546554
11819,1436608832500,0.729633,9.938332,2.4486697
11820,1436608832520,0.6697779,9.897031,2.457648
11821,1436608832540,0.65301853,9.913192,2.456451
11822,1436608832563,0.6290765,9.886856,2.4660277
11823,1436608832583,0.62967503,9.855731,2.484583
11824,1436608832602,0.6428431,9.8916445,2.4528596
11825,1436608832620,0.6536171,9.88925,2.468422
11826,1436608832642,0.6655881,9.909002,2.4624364
11827,1436608832662,0.7098808,9.90601,2.4809916
11828,1436608832682,0.7128736,9.886856,2.4774003
11829,1436608832700,0.7374141,9.888053,2.4486697
11830,1436608832722,0.7721301,9.910199,2.4349031
11831,1436608832741,0.770933,9.914988,2.4528596
11832,1436608832761,0.78529817,9.947908,2.433706
11833,1436608832781,0.80684596,9.918579,2.4343045
11834,1436608832800,0.80445176,9.914988,2.4540567
11835,1436608832847,0.8265981,9.878476,2.4498668
11836,1436608832848,0.79607207,9.91798,2.429516
11837,1436608832865,0.7715315,9.924564,2.415151
11838,1436608832880,0.7721301,9.903615,2.4331074
11839,1436608832900,0.7882909,9.90601,2.4438813
11840,1436608832919,0.7930793,9.926959,2.4420857
11841,1436608832940,0.825401,9.88925,2.4594438
11842,1436608832960,0.85293436,9.916184,2.445677
11843,1436608832982,0.85532856,9.920375,2.4690206
11844,1436608833006,0.8619126,9.945514,2.4474726
11845,1436608833021,0.8379706,9.934141,2.44029
11846,1436608833040,0.82480246,9.896433,2.4636335
11847,1436608833061,0.81642276,9.876082,2.461838
11848,1436608833080,0.8026561,9.888053,2.4462755
11849,1436608833102,0.8265981,9.88925,2.4522612
11850,1436608833121,0.8295909,9.907207,2.4534583
11851,1436608833143,0.8230068,9.932345,2.4558525
11852,1436608833163,0.8242039,9.917382,2.5079262
11853,1436608833183,0.8050503,9.908403,2.5342624
11854,1436608833203,0.7835025,9.937134,2.546832
11855,1436608833223,0.7769185,9.993997,2.557606
11856,1436608833242,0.7679402,9.932345,2.5450363
11857,1436608833263,0.7637503,9.919178,2.5127146
11858,1436608833283,0.7422025,9.904813,2.463035
11859,1436608833301,0.7344214,9.913192,2.4642322
11860,1436608833322,0.7260417,9.883863,2.4821887
11861,1436608833342,0.7757214,9.873089,2.4534583
11862,1436608833365,0.82360536,9.828796,2.4642322
11863,1436608833383,0.8631097,9.870096,2.4420857
11864,1436608833405,0.8948329,9.916184,2.4462755
11865,1436608833423,0.9271546,9.968259,2.5001452
11866,1436608833442,0.9235633,9.948506,2.5007436
11867,1436608833461,0.8912416,9.929952,2.4768016
11868,1436608833482,0.84694886,9.940127,2.4714148
11869,1436608833502,0.82719666,9.937134,2.4839842
11870,1436608833524,0.7733272,9.907805,2.4947581
11871,1436608833588,0.7326257,9.900024,2.473809
11872,1436608833589,0.6907272,9.861118,2.4839842
11873,1436608833590,0.6596026,9.886856,2.4522612
11874,1436608833600,0.6991069,9.915586,2.4271219
11875,1436608833621,0.76434886,9.901819,2.456451
11876,1436608833640,0.7858967,9.928755,2.4797945
11877,1436608833660,0.79367787,9.924564,2.4797945
11878,1436608833681,0.79846627,9.929952,2.463035
11879,1436608833701,0.7799112,9.940127,2.4558525
11880,1436608833722,0.7799112,9.9473095,2.4534583
11881,1436608833741,0.75237787,9.935937,2.44029
11882,1436608833764,0.6997054,9.927557,2.44448
11883,1436608833784,0.6404489,9.91439,2.460641
11884,1436608833802,0.6326678,9.913192,2.4863784
11885,1436608833824,0.6171055,9.906608,2.4510639
11886,1436608833844,0.60333884,9.939528,2.4690206
11887,1436608833863,0.6015432,9.935937,2.4744074
11888,1436608833884,0.60453594,9.901221,2.5049336
11889,1436608833904,0.5895722,9.89763,2.5181017
11890,1436608833923,0.58418524,9.881469,2.484583
11891,1436608833944,0.5734113,9.903017,2.4624364
11892,1436608833963,0.55485624,9.867104,2.4582467
11893,1436608833984,0.53091425,9.835381,2.4558525
11894,1436608834004,0.5081693,9.837775,2.4468741
11895,1436608834024,0.50996494,9.874287,2.4546554
11896,1436608834044,0.4902128,9.895834,2.4708161
11897,1436608834062,0.5129577,9.934141,2.463035
11898,1436608834085,0.5351041,9.93893,2.5133133
11899,1436608834109,0.51235914,9.964069,2.5133133
11900,1436608834123,0.5255273,9.962872,2.4797945
11901,1436608834144,0.533907,9.96347,2.48578
11902,1436608834165,0.57161564,9.941324,2.5073278
11903,1436608834184,0.54527944,9.923966,2.517503
11904,1436608834202,0.5153519,9.91439,2.4833858
11905,1436608834222,0.51954174,9.887454,2.4654293
11906,1436608834243,0.5351041,9.890448,2.4690206
11907,1436608834289,0.5386954,9.880871,2.4690206
11908,1436608834290,0.5506664,9.885659,2.4821887
11909,1436608834309,0.581791,9.87668,2.4582467
11910,1436608834321,0.64823014,9.822811,2.4636335
11911,1436608834341,0.6919243,9.884461,2.4372973
11912,1436608834361,0.7086837,9.923966,2.4474726
11913,1436608834381,0.66379243,9.94312,2.4941597
11914,1436608834403,0.60693014,9.977237,2.5450363
11915,1436608834423,0.55246204,10.01734,2.5941176
11916,1436608834442,0.46327803,10.020931,2.552219
11917,1436608834462,0.36870706,10.07121,2.505532
11918,1436608834487,0.33159694,9.949105,2.4863784
11919,1436608834502,0.30166942,9.926959,2.4528596
11920,1436608834525,0.2621651,9.895236,2.4690206
11921,1436608834545,0.24061728,9.904214,2.4839842
11922,1436608834564,0.28072014,9.915586,2.5061307
11923,1436608834584,0.33638534,9.93474,2.516306
11924,1436608834605,0.38606504,9.936536,2.5133133
11925,1436608834624,0.43394905,9.930551,2.4809916
11926,1436608834645,0.4914099,9.941324,2.484583
11927,1436608834665,0.5021838,9.928156,2.5115175
11928,1436608834683,0.5093664,9.913791,2.5240872
11929,1436608834706,0.47046062,9.906608,2.542642
11930,1436608834726,0.39025488,9.898827,2.496554
11931,1436608834745,0.36511576,9.898229,2.484583
11932,1436608834765,0.3549404,9.952098,2.4947581
11933,1436608834785,0.37588966,9.962274,2.5246856
11934,1436608834804,0.40102878,9.939528,2.5115175
11935,1436608834823,0.42676646,9.910798,2.5019407
11936,1436608834843,0.39444473,9.949105,2.4893713
11937,1436608834862,0.3657143,9.947908,2.4821887
11938,1436608834885,0.33638534,9.892841,2.4959552
11939,1436608834905,0.3633201,9.881469,2.5210943
11940,1436608834925,0.38486794,9.861118,2.5378537
11941,1436608834943,0.40402153,9.892242,2.4983494
11942,1436608834971,0.46028528,9.935339,2.48159
11943,1436608835049,0.46327803,9.925163,2.5240872
11944,1436608835050,0.46567222,9.958083,2.5300727
11945,1436608835051,0.4297592,9.97604,2.5264814
11946,1436608835063,0.3645172,9.987412,2.4959552
11947,1436608835064,0.3429694,10.016742,2.4672248
11948,1436608835084,0.31064767,10.044873,2.441487
11949,1436608835112,0.260968,10.055647,2.4061728
11950,1436608835152,0.19812019,10.040684,2.4229321
11951,1436608835153,0.15023616,9.9790325,2.4169466
11952,1436608835162,0.20649989,9.934141,2.3953989
11953,1436608835184,0.2813187,9.840768,2.4558525
11954,1436608835203,0.350152,9.8042555,2.4690206
11955,1436608835222,0.42796355,9.803658,2.4911668
11956,1436608835245,0.521936,9.711481,2.5133133
11957,1436608835265,0.5895722,9.743204,2.5552118
11958,1436608835286,0.62129533,9.745598,2.5941176
11959,1436608835305,0.6344634,9.770737,2.5959132
11960,1436608835344,0.54288524,9.8515415,2.6551697
11961,1436608835345,0.45908818,9.785102,2.6689363
11962,1436608835363,0.4297592,9.7641535,2.630629
11963,1436608835382,0.44831428,9.742605,2.6138697
11964,1436608835403,0.4758476,9.730635,2.5558102
11965,1436608835422,0.5093664,9.714474,2.4887726
11966,1436608835447,0.55485624,9.7084875,2.5025394
11967,1436608835463,0.5566519,9.775525,2.520496
11968,1436608835482,0.47524905,9.824607,2.5306711
11969,1436608835507,0.43035775,9.870695,2.505532
11970,1436608835527,0.40701428,9.91439,2.4468741
11971,1436608835544,0.37229836,9.794081,2.429516
11972,1436608835563,0.3776853,9.795278,2.4169466
11973,1436608835583,0.39564183,9.828796,2.4289176
11974,1436608835602,0.40102878,9.765948,2.4169466
11975,1436608835636,0.44831428,9.784504,2.3983915
11976,1436608835642,0.46507367,9.822212,2.4498668
11977,1436608835662,0.45609543,9.842564,2.4384944
11978,1436608835682,0.40701428,9.939528,2.4253263
11979,1436608835703,0.3357868,10.018537,2.4157495
11980,1436608835722,0.28072014,10.015544,2.432509
11981,1436608835752,0.19393034,10.012551,2.4037786
11982,1436608835775,0.12509704,10.032902,2.3983915
11983,1436608835786,0.08200141,10.102334,2.3439236
11984,1436608835802,-0.026934769,10.096947,2.3157916
11985,1436608835823,-0.05626374,10.204686,2.2996306
11986,1436608835845,-0.09696517,10.136452,2.291251
11987,1436608835862,-0.077213004,10.080188,2.2948422
11988,1436608835886,-0.05925649,10.073604,2.2972364
11989,1436608835903,-0.06823475,10.149619,2.2691047
11990,1436608835926,-0.1448492,10.173561,2.2661119
11991,1436608835945,-0.19812019,10.086772,2.2457612
11992,1436608835963,-0.27593175,10.037092,2.2278047
11993,1436608835984,-0.3298013,10.030508,2.2319946
11994,1436608836005,-0.33039984,10.048465,2.1990743
11995,1436608836024,-0.32321724,10.070611,2.1499932
11996,1436608836046,-0.29628247,10.090961,2.135628
11997,1436608836064,-0.24959552,10.116699,2.12246
11998,1436608836088,-0.16400282,10.1065235,2.123657
11999,1436608836104,-0.10055647,10.128072,2.1308396
12000,1436608836125,0.011971008,10.196905,2.1296425
12001,1436608836145,0.11192893,10.259154,2.148796
12002,1436608836166,0.15442601,10.220248,2.1865046
12003,1436608836182,0.19572599,10.226234,2.1410148
12004,1436608836205,0.21188685,10.229227,2.1290438
12005,1436608836226,0.26396075,10.283695,2.1242554
12006,1436608836246,0.31483752,10.384252,2.1320367
12007,1436608836265,0.36032736,10.307637,2.1829133
12008,1436608836285,0.39983168,10.307038,2.2104468
12009,1436608836305,0.4225766,10.247183,2.2146366
12010,1436608836326,0.45250413,10.236409,2.168548
12011,1436608836345,0.44472298,10.205883,2.143409
12012,1436608836366,0.41299978,10.107721,2.183512
12013,1436608836387,0.40701428,10.089765,2.1751323
12014,1436608836407,0.3854665,10.038289,2.1655555
12015,1436608836426,0.3681085,9.97185,2.1996727
12016,1436608836446,0.37110126,9.982025,2.1894975
12017,1436608836523,0.36391866,10.093356,2.2134395
12018,1436608836524,0.3405752,10.162787,2.2307975
12019,1436608836525,0.34955344,10.169372,2.2457612
12020,1436608836526,0.3681085,10.138845,2.2361844
12021,1436608836546,0.39324763,10.058042,2.2385786
12022,1436608836565,0.45729253,9.996989,2.235586
12023,1436608836583,0.5105635,9.961076,2.2158337
12024,1436608836607,0.5255273,9.883265,2.1691468
12025,1436608836631,0.5530606,9.83957,2.223615
12026,1436608836646,0.59855044,9.872491,2.2619221
12027,1436608836673,0.5943606,9.856929,2.3187842
12028,1436608836683,0.60333884,9.860519,2.36188
12029,1436608836703,0.6362591,9.911396,2.3588872
12030,1436608836723,0.7164649,9.918579,2.3959973
12031,1436608836765,0.75237787,9.907207,2.4588451
12032,1436608836766,0.7386112,9.845556,2.533664
12033,1436608836786,0.66379243,9.821015,2.5330653
12034,1436608836806,0.56682724,9.758167,2.5139117
12035,1436608836826,0.49320555,9.702502,2.5139117
12036,1436608836847,0.43394905,9.694721,2.5192988
12037,1436608836867,0.34117374,9.791088,2.4642322
12038,1436608836887,0.25857377,9.7563715,2.5157075
12039,1436608836904,0.25318682,9.76535,2.5498247
12040,1436608836927,0.22325931,9.737817,2.593519
12041,1436608836947,0.21068975,9.709086,2.5875335
12042,1436608836966,0.15442601,9.807249,2.5498247
12043,1436608836986,0.04369418,9.846753,2.569577
12044,1436608837007,-0.031124622,9.956886,2.6264393
12045,1436608837032,-0.0688333,10.02572,2.6360161
12046,1436608837046,-0.110133275,9.968259,2.654571
12047,1436608837064,-0.12689269,9.991004,2.569577
12048,1436608837087,-0.10474633,10.019135,2.5390508
12049,1436608837107,0.005985504,10.001179,2.553416
12050,1436608837127,0.11252748,9.843162,2.60968
12051,1436608837145,0.22325931,9.922769,2.5659857
12052,1436608837166,0.26276365,9.956287,2.5384524
12053,1436608837231,0.3561375,9.88506,2.5187001
12054,1436608837232,0.49559975,9.903017,2.5330653
12055,1436608837233,0.60812724,9.865308,2.5683799
12056,1436608837244,0.6488287,9.857527,2.5145104
12057,1436608837266,0.688333,9.894637,2.472612
12058,1436608837284,0.7529764,9.946113,2.4259248
12059,1436608837304,0.8523358,9.946711,2.4301147
12060,1436608837327,0.9103952,9.88925,2.4498668
12061,1436608837345,1.009156,9.848549,2.4588451
12062,1436608837364,1.0672154,9.815628,2.4504654
12063,1436608837386,1.1456255,9.809643,2.4331074
12064,1436608837406,1.146224,9.824607,2.4331074
12065,1436608837425,1.09834,9.822811,2.4552538
12066,1436608837447,1.0283096,9.892841,2.496554
12067,1436608837467,0.9672575,9.866506,2.5558102
12068,1436608837487,0.8726865,9.846753,2.5983074
12069,1436608837507,0.717662,9.834782,2.598906
12070,1436608837526,0.54168814,9.803658,2.5629928
12071,1436608837545,0.37588966,9.796474,2.52289
12072,1436608837567,0.27593175,9.873688,2.5306711
12073,1436608837587,0.207697,9.8677025,2.5480292
12074,1436608837607,0.20111294,9.835381,2.5671828
12075,1436608837625,0.2633622,9.874287,2.5558102
12076,1436608837648,0.32621,9.867104,2.5743654
12077,1436608837666,0.3250129,9.887454,2.5408466
12078,1436608837686,0.3465607,9.896433,2.5438392
12079,1436608837706,0.33758244,9.866506,2.554613
12080,1436608837729,0.30825347,9.831789,2.5905263
12081,1436608837749,0.26994625,9.935339,2.5450363
12082,1436608837769,0.2717419,9.989806,2.5635915
12083,1436608837788,0.2837129,9.978435,2.6114755
12084,1436608837805,0.22984336,9.968858,2.6048915
12085,1436608837826,0.17238252,10.006566,2.6042929
12086,1436608837847,0.11372458,9.982624,2.5629928
12087,1436608837873,0.08559271,10.001179,2.5306711
12088,1436608837929,0.08678981,10.001778,2.5558102
12089,1436608837930,0.090979666,9.969456,2.5605986
12090,1436608837931,0.10055647,9.938332,2.5605986
12091,1436608837947,0.107140526,9.958682,2.5258827
12092,1436608837965,0.11791443,9.947908,2.5151088
12093,1436608837985,0.15143326,9.918579,2.5037365
12094,1436608838005,0.20470424,9.897031,2.532467
12095,1436608838038,0.27952304,9.962274,2.5037365
12096,1436608838047,0.3453636,9.900024,2.5169046
12097,1436608838065,0.42078096,9.945514,2.5067291
12098,1436608838087,0.48482585,9.941922,2.5725696
12099,1436608838112,0.4985925,9.913192,2.5731683
12100,1436608838125,0.47225627,9.931149,2.5504234
12101,1436608838145,0.40162733,9.97185,2.4899697
12102,1436608838167,0.3345897,9.9790325,2.4911668
12103,1436608838187,0.29807812,9.994595,2.4893713
12104,1436608838207,0.25558102,9.989208,2.5432408
12105,1436608838227,0.23762453,9.944317,2.5115175
12106,1436608838247,0.24540567,9.979631,2.4953568
12107,1436608838266,0.25797522,9.9790325,2.4785974
12108,1436608838288,0.2645593,10.00896,2.498948
12109,1436608838308,0.26874915,9.965266,2.5438392
12110,1436608838330,0.25917232,9.980229,2.4809916
12111,1436608838345,0.28191724,9.998186,2.484583
12112,1436608838368,0.29448682,10.010756,2.4791958
12113,1436608838388,0.32022446,9.956886,2.4947581
12114,1436608838408,0.30765492,9.96766,2.4791958
12115,1436608838428,0.30645782,9.947908,2.4732103
12116,1436608838448,0.35673606,9.9233675,2.472612
12117,1436608838468,0.3657143,9.922171,2.497751
12118,1436608838488,0.3657143,9.874287,2.4612393
12119,1436608838507,0.3854665,9.879075,2.4301147
12120,1436608838528,0.4405331,9.855731,2.445677
12121,1436608838549,0.4890157,9.853935,2.4827871
12122,1436608838569,0.5506664,9.874885,2.473809
12123,1436608838588,0.54647654,9.900024,2.4708161
12124,1436608838611,0.5758055,9.89344,2.4516625
12125,1436608838680,0.64942724,9.848549,2.4762032
12126,1436608838681,0.7009025,9.8515415,2.5001452
12127,1436608838682,0.7266402,9.865907,2.4732103
12128,1436608838687,0.7589619,9.937733,2.4851813
12129,1436608838706,0.7374141,10.005369,2.4893713
12130,1436608838731,0.65421563,10.042479,2.493561
12131,1436608838746,0.55126494,10.008362,2.5157075
12132,1436608838765,0.46208093,9.949105,2.5504234
12133,1436608838788,0.3561375,9.937733,2.5019407
12134,1436608838807,0.26994625,9.922171,2.4756045
12135,1436608838826,0.21787235,9.927557,2.4702177
12136,1436608838847,0.24181437,9.941922,2.4756045
12137,1436608838869,0.28550854,9.926959,2.48578
12138,1436608838888,0.3681085,9.949105,2.4522612
12139,1436608838908,0.45489833,9.9473095,2.4720132
12140,1436608838927,0.5638345,9.93893,2.4911668
12141,1436608838948,0.6362591,9.908403,2.4911668
12142,1436608838968,0.7230489,9.877279,2.5079262
12143,1436608838988,0.7529764,9.877279,2.5079262
12144,1436608839008,0.79846627,9.849746,2.4899697
12145,1436608839031,0.8295909,9.84795,2.484583
12146,1436608839046,0.8499416,9.83957,2.4594438
12147,1436608839078,0.87807345,9.848549,2.4714148
12148,1436608839087,0.92296475,9.859323,2.4791958
12149,1436608839108,0.96546185,9.85633,2.460641
12150,1436608839127,0.9708488,9.846753,2.4648306
12151,1436608839148,1.033098,9.827001,2.4779987
12152,1436608839168,1.0606314,9.855731,2.4779987
12153,1436608839185,1.06123,9.8916445,2.4540567
12154,1436608839208,1.0809821,9.909601,2.4384944
12155,1436608839229,1.0714053,9.911995,2.3959973
12156,1436608839270,1.1252748,9.89344,2.4259248
12157,1436608839279,1.1330559,9.886257,2.456451
12158,1436608839328,1.1061212,9.874287,2.4516625
12159,1436608839329,1.1150994,9.877279,2.4396915
12160,1436608839330,1.110311,9.884461,2.4121583
12161,1436608839406,1.0845734,9.903017,2.3870192
12162,1436608839407,1.0791864,9.928156,2.3942018
12163,1436608839408,1.0600328,9.922769,2.4277205
12164,1436608839409,1.0414777,9.952697,2.421735
12165,1436608839427,1.0336965,9.950302,2.420538
12166,1436608839446,1.0151415,9.957485,2.4229321
12167,1436608839475,0.961272,9.946113,2.3762453
12168,1436608839486,0.9187749,9.937134,2.3989902
12169,1436608839506,0.87927055,9.918579,2.4127567
12170,1436608839527,0.8487445,9.902418,2.4103625
12171,1436608839546,0.83138657,9.913791,2.4067712
12172,1436608839566,0.8295909,9.930551,2.4139538
12173,1436608839586,0.84096336,9.9712515,2.429516
12174,1436608839628,0.8690952,9.961675,2.4468741
12175,1436608839629,0.8535329,9.954493,2.4498668
12176,1436608839645,0.8182184,9.969456,2.4468741
12177,1436608839665,0.83258367,9.949105,2.432509
12178,1436608839688,0.8583213,9.944916,2.441487
12179,1436608839710,0.86011696,9.905411,2.4408886
12180,1436608839730,0.88286185,9.912594,2.441487
12181,1436608839747,0.87927055,9.931747,2.432509
12182,1436608839770,0.87927055,9.90601,2.445677
12183,1436608839791,0.90620536,9.914988,2.4408886
12184,1436608839811,0.89423436,9.925163,2.4546554
12185,1436608839831,0.89184016,9.960478,2.4313118
12186,1436608839850,0.8714894,9.967062,2.417545
12187,1436608839866,0.9091981,9.942521,2.44448
12188,1436608839886,0.90141696,9.983821,2.4720132
12189,1436608839906,0.9091981,9.912594,2.52289
12190,1436608839931,0.89782566,9.877279,2.4959552
12191,1436608839951,0.90620536,9.888053,2.492364
12192,1436608839971,0.8355764,9.867104,2.505532
12193,1436608839989,0.7613561,9.840169,2.473809
12194,1436608840008,0.74758947,9.847352,2.4881742
12195,1436608840041,0.789488,9.865907,2.5833437
12196,1436608840061,0.7715315,9.931747,2.653374
12197,1436608840081,0.7140707,9.998186,2.6844985
12198,1436608840086,0.6793547,10.027515,2.7156234
12199,1436608840109,0.61650693,10.02153,2.6563668
12200,1436608840127,0.5554548,9.958083,2.6270378
12201,1436608840150,0.5129577,9.882068,2.597709
12202,1436608840168,0.46148238,9.825804,2.5629928
12203,1436608840187,0.46926352,9.752781,2.5372553
12204,1436608840207,0.47285482,9.77373,2.5192988
12205,1436608840231,0.47345337,9.820416,2.5073278
12206,1436608840250,0.43155485,9.859323,2.5031378
12207,1436608840269,0.3824737,9.918579,2.5743654
12208,1436608840290,0.3441665,9.93474,2.5647886
12209,1436608840310,0.29747957,9.978435,2.5659857
12210,1436608840330,0.2896984,9.995792,2.5480292
12211,1436608840350,0.28072014,9.988011,2.5222914
12212,1436608840370,0.30645782,9.935339,2.505532
12213,1436608840390,0.32321724,9.929353,2.4971523
12214,1436608840421,0.39025488,9.937134,2.493561
12215,1436608840436,0.39863458,9.930551,2.4588451
12216,1436608840450,0.41180268,9.904813,2.4732103
12217,1436608840470,0.44951138,9.903615,2.4588451
12218,1436608840490,0.47405192,9.862315,2.4426842
12219,1436608840508,0.48602295,9.866506,2.4480712
12220,1436608840530,0.5057751,9.858724,2.429516
12221,1436608840550,0.5434838,9.8437605,2.44448
12222,1436608840570,0.57041854,9.850345,2.4480712
12223,1436608840590,0.5805939,9.825804,2.4504654
12224,1436608840608,0.61291564,9.814431,2.428319
12225,1436608840629,0.6410475,9.804854,2.3870192
12226,1436608840751,0.676362,9.755774,2.380435
12227,1436608840752,0.741604,9.7803135,2.4181437
12228,1436608840753,0.7715315,9.78989,2.4007857
12229,1436608840754,0.8355764,9.80665,2.384625
12230,1436608840755,0.84096336,9.809045,2.3666685
12231,1436608840756,0.8595184,9.833585,2.333748
12232,1436608840784,0.8948329,9.835381,2.3780408
12233,1436608840790,0.89782566,9.88925,2.4462755
12234,1436608840849,0.85473,9.895834,2.5025394
12235,1436608840850,0.81522566,9.950302,2.5049336
12236,1436608840851,0.7715315,9.992201,2.5007436
12237,1436608840882,0.6871359,9.989806,2.4582467
12238,1436608840893,0.6925228,9.983223,2.4833858
12239,1436608840909,0.6697779,9.989208,2.4510639
12240,1436608840928,0.6386533,9.998186,2.428319
12241,1436608840949,0.56323594,9.958682,2.3834279
12242,1436608840967,0.53091425,10.046669,2.332551
12243,1436608840987,0.46926352,9.998186,2.3678656
12244,1436608841007,0.44592008,9.9790325,2.3558946
12245,1436608841029,0.40162733,10.028712,2.331354
12246,1436608841048,0.3878607,9.974244,2.3666685
12247,1436608841068,0.3824737,9.9951935,2.3175871
12248,1436608841087,0.40940848,9.97185,2.308609
12249,1436608841108,0.46507367,9.950302,2.321777
12250,1436608841128,0.5566519,9.977237,2.3092074
12251,1436608841146,0.6452374,9.970653,2.2852654
12252,1436608841167,0.7332243,9.957485,2.3068132
12253,1436608841187,0.82599956,9.999383,2.343325
12254,1436608841208,0.8499416,10.007165,2.36188
12255,1436608841229,0.81402856,9.993997,2.3523033
12256,1436608841247,0.7637503,9.937134,2.3080103
12257,1436608841269,0.7386112,9.977836,2.2906525
12258,1436608841289,0.6865373,9.981427,2.2942438
12259,1436608841309,0.6584055,9.965266,2.297835
12260,1436608841329,0.66020113,9.98442,2.3331497
12261,1436608841350,0.6841431,10.00477,2.3834279
12262,1436608841368,0.6266823,10.022128,2.392406
12263,1436608841389,0.55725044,10.05864,2.3624785
12264,1436608841409,0.48362875,10.019734,2.3720553
12265,1436608841427,0.46327803,10.047866,2.3624785
12266,1436608841448,0.41180268,10.068216,2.3277626
12267,1436608841468,0.40581718,10.012551,2.3277626
12268,1436608841490,0.42556936,9.970653,2.3265655
12269,1436608841509,0.47225627,9.973047,2.3175871
12270,1436608841527,0.5363012,10.001778,2.31639
12271,1436608841547,0.5554548,9.990405,2.304419
12272,1436608841570,0.5847838,10.029909,2.3265655
12273,1436608841592,0.5710171,10.037092,2.3558946
12274,1436608841609,0.5770026,10.02572,2.3690627
12275,1436608841628,0.5859809,10.011953,2.3139958
12276,1436608841648,0.599149,9.970653,2.285864
12277,1436608841668,0.62249243,9.94312,2.2900538
12278,1436608841688,0.6679823,9.922171,2.2864625
12279,1436608841709,0.7128736,9.93893,2.2577322
12280,1436608841730,0.7254431,9.953295,2.2972364
12281,1436608841750,0.7164649,9.958682,2.304419
12282,1436608841769,0.7248446,9.949704,2.2996306
12283,1436608841792,0.6853402,9.961675,2.3355439
12284,1436608841809,0.65242,9.980828,2.3187842
12285,1436608841828,0.6386533,9.94312,2.308609
12286,1436608841848,0.6380547,9.939528,2.307412
12287,1436608841870,0.6266823,9.926959,2.291251
12288,1436608841894,0.6099229,9.906608,2.303222
12289,1436608841910,0.6266823,9.902418,2.3062148
12290,1436608841932,0.63206923,9.922171,2.2756886
12291,1436608841948,0.6422446,9.947908,2.2601264
12292,1436608841968,0.676362,9.959281,2.2852654
12293,1436608841988,0.6326678,9.964667,2.3145945
12294,1436608842010,0.6410475,9.977237,2.291251
12295,1436608842033,0.65900403,9.977836,2.2744915
12296,1436608842103,0.6751649,9.985018,2.267309
12297,1436608842104,0.6715736,9.939528,2.3092074
12298,1436608842105,0.6326678,9.920375,2.336741
12299,1436608842109,0.5967548,9.937134,2.2906525
12300,1436608842128,0.57760113,9.969456,2.2571337
12301,1436608842149,0.54168814,9.999383,2.2541409
12302,1436608842176,0.57281274,9.992201,2.285864
12303,1436608842189,0.5722142,9.967062,2.297835
12304,1436608842211,0.56563014,9.964069,2.3020248
12305,1436608842233,0.59495914,9.972448,2.2756886
12306,1436608842250,0.5734113,9.97185,2.272696
12307,1436608842272,0.55844754,9.977237,2.2589293
12308,1436608842290,0.52612585,9.957485,2.260725
12309,1436608842310,0.5081693,9.990405,2.2655134
12310,1436608842331,0.52492875,9.998186,2.255338
12311,1436608842352,0.56563014,10.006566,2.2649148
12312,1436608842372,0.5919664,9.973646,2.2762873
12313,1436608842392,0.60693014,10.0269165,2.273893
12314,1436608842412,0.60573304,9.986216,2.2709002
12315,1436608842430,0.62368953,9.983223,2.256535
12316,1436608842451,0.6242881,9.979631,2.2649148
12317,1436608842470,0.61291564,9.998186,2.2260091
12318,1436608842492,0.6051345,9.998186,2.260725
12319,1436608842509,0.6075287,9.991004,2.255338
12320,1436608842530,0.59017074,9.990405,2.2409728
12321,1436608842549,0.57161564,9.981427,2.2463598
12322,1436608842570,0.58119243,9.969456,2.248754
12323,1436608842592,0.599149,9.9928,2.2373815
12324,1436608842617,0.5883751,9.941922,2.2026656
12325,1436608842630,0.5967548,9.9712515,2.1829133
12326,1436608842651,0.57879823,9.96766,2.2230163
12327,1436608842671,0.55725044,9.970653,2.236783
12328,1436608842689,0.5482722,9.991004,2.235586
12329,1436608842711,0.5823896,9.964069,2.2619221
12330,1436608842735,0.6464345,10.034698,2.2373815
12331,1436608842787,0.670975,9.997588,2.2661119
12332,1436608842788,0.65660983,10.025121,2.271499
12333,1436608842799,0.5883751,10.00477,2.2439656
12334,1436608842809,0.58897364,9.973047,2.2451627
12335,1436608842836,0.5859809,9.9790325,2.2002714
12336,1436608842850,0.6087258,9.960478,2.2535424
12337,1436608842869,0.623091,9.952098,2.2637177
12338,1436608842891,0.6326678,9.989208,2.272696
12339,1436608842912,0.6619968,10.003573,2.307412
12340,1436608842930,0.65421563,10.020332,2.297835
12341,1436608842951,0.59136784,10.1065235,2.2421699
12342,1436608842971,0.5542577,9.985617,2.2996306
12343,1436608842990,0.47524905,9.892242,2.2756886
12344,1436608843010,0.50158525,9.989208,2.2637177
12345,1436608843034,0.48602295,9.94312,2.2122424
12346,1436608843052,0.5243302,9.986216,2.184709
12347,1436608843072,0.5530606,10.007165,2.2613235
12348,1436608843092,0.6206968,9.961675,2.285864
12349,1436608843112,0.5847838,9.961076,2.2882583
12350,1436608843131,0.5823896,9.988011,2.2631192
12351,1436608843150,0.6087258,10.013748,2.2272062
12352,1436608843173,0.5823896,9.980229,2.280477
12353,1436608843191,0.5482722,9.988609,2.3026235
12354,1436608843210,0.504578,9.972448,2.3139958
12355,1436608843233,0.4794389,9.983223,2.315193
12356,1436608843253,0.49559975,9.983223,2.273893
12357,1436608843273,0.4914099,9.93474,2.2870612
12358,1436608843290,0.49559975,9.922769,2.292448
12359,1436608843312,0.47764325,9.949105,2.2900538
12360,1436608843332,0.46208093,10.005369,2.292448
12361,1436608843350,0.4357447,9.980828,2.31639
12362,1436608843373,0.45669398,9.96766,2.31639
12363,1436608843393,0.49320555,9.974244,2.3211784
12364,1436608843410,0.533907,9.96766,2.327164
12365,1436608843431,0.53211135,9.985617,2.309806
12366,1436608843460,0.50158525,9.964069,2.3122003
12367,1436608843525,0.48003745,9.945514,2.31639
12368,1436608843526,0.49440265,9.977836,2.2870612
12369,1436608843527,0.4902128,9.946113,2.2900538
12370,1436608843531,0.5279215,9.912594,2.3062148
12371,1436608843557,0.557849,9.937733,2.3175871
12372,1436608843571,0.5907693,9.962274,2.3157916
12373,1436608843590,0.58298814,9.954493,2.3391352
12374,1436608843612,0.5943606,9.962872,2.3331497
12375,1436608843631,0.5602432,9.999383,2.3469162
12376,1436608843652,0.5255273,9.953894,2.3451207
12377,1436608843673,0.49679685,9.978435,2.3092074
12378,1436608843691,0.47225627,9.953295,2.2936451
12379,1436608843710,0.4973954,9.952098,2.2870612
12380,1436608843730,0.54168814,9.947908,2.2816741
12381,1436608843751,0.5895722,9.961076,2.3092074
12382,1436608843773,0.62249243,9.957485,2.3169887
12383,1436608843791,0.6512229,9.965266,2.3343468
12384,1436608843813,0.65421563,10.004171,2.3259668
12385,1436608843830,0.59855044,9.988011,2.3133974
12386,1436608843851,0.55844754,9.989806,2.3277626
12387,1436608843873,0.50517654,9.974244,2.3139958
12388,1436608843891,0.49320555,9.970055,2.3080103
12389,1436608843912,0.47644615,10.000581,2.259528
12390,1436608843932,0.45968673,10.080787,2.2481554
12391,1436608843951,0.45489833,10.053253,2.2679076
12392,1436608843973,0.4830302,10.011953,2.3056161
12393,1436608843992,0.516549,9.944916,2.3247697
12394,1436608844013,0.56203884,9.952098,2.2990322
12395,1436608844037,0.62129533,9.932345,2.2906525
12396,1436608844056,0.65242,9.900622,2.3187842
12397,1436608844079,0.62967503,9.909601,2.3463178
12398,1436608844093,0.62847793,9.907207,2.35769
12399,1436608844111,0.59855044,9.885659,2.3798366
12400,1436608844133,0.5638345,9.910199,2.3612814
12401,1436608844154,0.49799395,9.946113,2.345719
12402,1436608844173,0.45489833,9.982025,2.3253684
12403,1436608844193,0.45370123,10.017939,2.3092074
12404,1436608844242,0.5021838,9.968259,2.3415294
12405,1436608844243,0.5847838,9.931149,2.332551
12406,1436608844251,0.6218939,9.946711,2.309806
12407,1436608844271,0.65660983,9.959281,2.2930467
12408,1436608844293,0.64823014,9.929952,2.291251
12409,1436608844313,0.6003461,9.930551,2.3409307
12410,1436608844332,0.5638345,9.903615,2.3331497
12411,1436608844354,0.55485624,9.903017,2.3469162
12412,1436608844371,0.5446809,9.910199,2.3235726
12413,1436608844392,0.6015432,9.96766,2.308609
12414,1436608844412,0.6338649,10.008362,2.3241713
12415,1436608844432,0.6027403,10.092158,2.332551
12416,1436608844451,0.58119243,10.1065235,2.2936451
12417,1436608844474,0.57999533,10.060435,2.3277626
12418,1436608844495,0.5674258,10.023924,2.2750902
12419,1436608844512,0.58538234,9.988011,2.2703018
12420,1436608844533,0.587178,9.944916,2.2469583
12421,1436608844558,0.5710171,9.949105,2.307412
12422,1436608844573,0.5446809,9.947908,2.303222
12423,1436608844594,0.5243302,9.960478,2.3229742
12424,1436608844616,0.52373165,9.997588,2.332551
12425,1436608844633,0.51834464,9.995792,2.3403323
12426,1436608844652,0.5566519,9.940725,2.3475149
12427,1436608844675,0.56203884,9.985018,2.3199813
12428,1436608844694,0.5530606,9.961675,2.3229742
12429,1436608844714,0.55844754,9.940725,2.319383
12430,1436608844732,0.56563014,9.914988,2.308609
12431,1436608844754,0.59376204,9.948506,2.3481133
12432,1436608844773,0.66498953,9.952697,2.3648727
12433,1436608844793,0.6997054,9.930551,2.3481133
12434,1436608844814,0.7350199,9.931149,2.360683
12435,1436608844832,0.7080852,9.951499,2.349909
12436,1436608844854,0.623091,9.970653,2.308609
12437,1436608844875,0.5686229,9.98442,2.2996306
12438,1436608844892,0.54168814,9.980828,2.2996306
12439,1436608844920,0.5363012,10.012551,2.3080103
12440,1436608844992,0.5303157,10.043676,2.3092074
12441,1436608844993,0.521936,10.028113,2.2918496
12442,1436608844994,0.52492875,10.017939,2.2828712
12443,1436608844995,0.4914099,10.011953,2.2822728
12444,1436608845011,0.47105917,9.986814,2.2481554
12445,1436608845033,0.51116204,9.979631,2.243367
12446,1436608845053,0.51834464,9.982624,2.280477
12447,1436608845101,0.5434838,9.953295,2.2822728
12448,1436608845102,0.54767364,9.944317,2.3050177
12449,1436608845111,0.51595044,9.988011,2.315193
12450,1436608845216,0.50397944,9.990405,2.3277626
12451,1436608845217,0.50996494,10.006566,2.3511062
12452,1436608845218,0.50637364,10.032902,2.3211784
12453,1436608845219,0.4842273,10.010756,2.3157916
12454,1436608845220,0.4842273,9.999383,2.2361844
12455,1436608845232,0.4938041,9.895236,2.2349873
12456,1436608845252,0.50876784,9.913192,2.2499511
12457,1436608845275,0.5177461,9.813234,2.2996306
12458,1436608845296,0.56802434,9.892841,2.2870612
12459,1436608845315,0.5626374,9.959281,2.3397336
12460,1436608845333,0.5650316,9.949105,2.367267
12461,1436608845352,0.50038815,9.959281,2.4067712
12462,1436608845372,0.43155485,9.949704,2.3989902
12463,1436608845394,0.38367084,9.954493,2.3612814
12464,1436608845415,0.37349546,9.90601,2.3750482
12465,1436608845435,0.41479546,9.931747,2.328361
12466,1436608845455,0.44651863,9.983821,2.3104045
12467,1436608845473,0.48841715,10.016742,2.2774844
12468,1436608845496,0.5835867,10.005369,2.3331497
12469,1436608845514,0.6422446,9.985617,2.3642743
12470,1436608845532,0.6631939,10.036493,2.2900538
12471,1436608845552,0.6631939,10.006566,2.27928
12472,1436608845573,0.6769605,9.90601,2.2882583
12473,1436608845597,0.6332663,9.8994255,2.321777
12474,1436608845613,0.65062433,9.898229,2.2984335
12475,1436608845637,0.6937199,9.921572,2.2996306
12476,1436608845655,0.7589619,9.980828,2.3062148
12477,1436608845672,0.7398083,10.007763,2.3319526
12478,1436608845696,0.6907272,10.019734,2.3594859
12479,1436608845713,0.60812724,9.9951935,2.36188
12480,1436608845848,0.55246204,9.938332,2.3660698
12481,1436608845849,0.521936,9.931747,2.3199813
12482,1436608845850,0.49919105,9.9550905,2.2463598
12483,1436608845851,0.48602295,9.997588,2.2589293
12484,1436608845853,0.4950012,9.970055,2.291251
12485,1436608845854,0.47405192,10.022727,2.3235726
12486,1436608845855,0.46686932,10.0748005,2.307412
12487,1436608845893,0.5177461,10.028712,2.3451207
12488,1436608845894,0.5422867,9.987412,2.3319526
12489,1436608845926,0.5566519,9.996989,2.32058
12490,1436608845937,0.5410896,10.001778,2.2930467
12491,1436608845961,0.48243165,10.013748,2.3289597
12492,1436608845974,0.44711718,10.01734,2.3421278
12493,1436608845998,0.46447513,9.97185,2.3570917
12494,1436608846013,0.50517654,10.013748,2.32058
12495,1436608846039,0.54408234,9.961076,2.3229742
12496,1436608846055,0.6087258,9.935339,2.291251
12497,1436608846072,0.6607997,9.927557,2.2661119
12498,1436608846096,0.6865373,9.916783,2.2744915
12499,1436608846113,0.7080852,9.96766,2.292448
12500,1436608846136,0.7200562,9.861118,2.3062148
12501,1436608846155,0.7212533,9.977237,2.315193
12502,1436608846176,0.694917,9.927557,2.3540988
12503,1436608846196,0.6781576,9.935937,2.343325
12504,1436608846217,0.66020113,9.951499,2.3385365
12505,1436608846232,0.61890113,9.987412,2.336741
12506,1436608846256,0.5805939,9.998785,2.3253684
12507,1436608846276,0.5554548,10.059837,2.315193
12508,1436608846295,0.55126494,10.016742,2.3535004
12509,1436608846315,0.5279215,9.957485,2.3714569
12510,1436608846337,0.55006784,9.944317,2.3624785
12511,1436608846356,0.59495914,9.892242,2.2942438
12512,1436608846376,0.6619968,9.932345,2.2625206
12513,1436608846396,0.6943185,9.919776,2.327164
12514,1436608846425,0.6871359,9.931747,2.3720553
12515,1436608846434,0.66618663,9.950901,2.3894134
12516,1436608846453,0.64583594,9.956886,2.3989902
12517,1436608846473,0.6434417,9.943718,2.4079683
12518,1436608846493,0.65660983,9.937134,2.3630772
12519,1436608846534,0.6560113,9.918579,2.355296
12520,1436608846535,0.6488287,9.904214,2.379238
12521,1436608846554,0.6667852,9.918579,2.355296
12522,1436608846573,0.6889315,9.932345,2.3774424
12523,1436608846593,0.7015011,9.951499,2.417545
12524,1436608846613,0.7493851,9.93893,2.385822
12525,1436608846633,0.7332243,9.9233675,2.392406
12526,1436608846657,0.7110779,9.934141,2.3750482
12527,1436608846675,0.6703765,9.931149,2.3780408
12528,1436608846693,0.61171854,9.928156,2.3648727
12529,1436608846716,0.6123171,9.917382,2.3834279
12530,1436608846735,0.6266823,9.931747,2.3852234
12531,1436608846783,0.6404489,9.947908,2.3529017
12532,1436608846784,0.641646,9.928156,2.369661
12533,1436608846795,0.6691794,9.945514,2.4289176
12534,1436608846816,0.6206968,9.9712515,2.4247277
12535,1436608846836,0.52492875,9.96347,2.404377
12536,1436608846856,0.53689975,9.981427,2.4013844
12537,1436608846876,0.5177461,9.973047,2.441487
12538,1436608846896,0.53091425,9.956886,2.4247277
12539,1436608846916,0.5835867,9.914988,2.4223335
12540,1436608846936,0.6410475,9.913791,2.3864205
12541,1436608846957,0.66618663,9.931149,2.3582888
12542,1436608846975,0.7140707,9.944916,2.348712
12543,1436608846996,0.7080852,9.947908,2.391209
12544,1436608847016,0.66738373,9.983223,2.4079683
12545,1436608847039,0.62728083,9.973646,2.4366987
12546,1436608847060,0.57999533,9.974244,2.4211364
12547,1436608847085,0.5279215,9.962872,2.3995886
12548,1436608847096,0.4902128,9.942521,2.3930047
12549,1436608847118,0.50038815,9.953295,2.3918076
12550,1436608847137,0.49320555,9.959281,2.3822308
12551,1436608847156,0.5530606,9.93893,2.3774424
12552,1436608847177,0.61770403,9.945514,2.381632
12553,1436608847197,0.6512229,9.928755,2.3834279
12554,1436608847216,0.6901286,9.937733,2.3762453
12555,1436608847237,0.7110779,9.91798,2.4049757
12556,1436608847305,0.6697779,9.935937,2.391209
12557,1436608847306,0.6536171,9.922769,2.3948002
12558,1436608847307,0.6452374,9.946113,2.3762453
12559,1436608847315,0.6135142,9.96766,2.3798366
12560,1436608847345,0.58119243,9.97604,2.3870192
12561,1436608847357,0.54767364,9.953894,2.3822308
12562,1436608847374,0.52732295,9.949704,2.3744495
12563,1436608847395,0.5093664,9.925163,2.384625
12564,1436608847414,0.50397944,9.927557,2.368464
12565,1436608847438,0.51834464,9.956886,2.35769
12566,1436608847454,0.55485624,9.947908,2.3834279
12567,1436608847477,0.5506664,9.964069,2.4139538
12568,1436608847494,0.5638345,9.9473095,2.3750482
12569,1436608847517,0.5823896,9.931747,2.3756466
12570,1436608847537,0.58897364,9.967062,2.3834279
12571,1436608847557,0.59017074,9.98442,2.4139538
12572,1436608847575,0.57999533,10.0269165,2.4372973
12573,1436608847597,0.5243302,10.02153,2.4307132
12574,1436608847617,0.5255273,9.954493,2.4109612
12575,1436608847637,0.47225627,9.942521,2.3295584
12576,1436608847654,0.42796355,9.957485,2.3122003
12577,1436608847677,0.45310268,9.970653,2.3612814
12578,1436608847695,0.49679685,9.954493,2.4199393
12579,1436608847717,0.5201403,9.992201,2.429516
12580,1436608847735,0.51954174,10.009559,2.4259248
12581,1436608847756,0.55365914,10.005369,2.408567
12582,1436608847775,0.56982,10.01315,2.3642743
12583,1436608847797,0.5303157,9.977836,2.349909
12584,1436608847817,0.5177461,9.945514,2.3511062
12585,1436608847838,0.5327099,9.931149,2.3654714
12586,1436608847857,0.5386954,9.91798,2.3511062
12587,1436608847876,0.5177461,9.924564,2.3080103
12588,1436608847896,0.50278234,9.896433,2.3139958
12589,1436608847916,0.5351041,9.883265,2.344522
12590,1436608847936,0.55485624,9.917382,2.4061728
12591,1436608847954,0.53689975,9.949704,2.409764
12592,1436608848007,0.50757074,9.989806,2.3648727
12593,1436608848019,0.46387658,9.97185,2.3139958
12594,1436608848020,0.47405192,9.923966,2.3068132
12595,1436608848037,0.4782418,9.898229,2.2840683
12596,1436608848055,0.46447513,9.911396,2.2589293
12597,1436608848095,0.4830302,9.955689,2.271499
12598,1436608848096,0.50158525,9.991004,2.3014264
12599,1436608848117,0.5590461,10.016742,2.360683
12600,1436608848135,0.6003461,9.999383,2.3630772
12601,1436608848157,0.5530606,9.983821,2.36188
12602,1436608848177,0.49320555,9.97604,2.3451207
12603,1436608848196,0.46627077,9.874287,2.4199393
12604,1436608848215,0.47764325,9.755175,2.4612393
12605,1436608848238,0.4309563,9.743204,2.4522612
12606,1436608848258,0.36511576,9.827001,2.4313118
12607,1436608848278,0.33877954,9.907805,2.4384944
12608,1436608848298,0.2753332,10.032902,2.44448
12609,1436608848318,0.19393034,10.09156,2.469619
12610,1436608848338,0.12270284,10.121488,2.4366987
12611,1436608848358,0.11911154,10.1143055,2.397793
12612,1436608848378,0.16998832,10.042479,2.356493
12613,1436608848398,0.27114335,10.014946,2.381632
12614,1436608848418,0.3549404,10.011953,2.3409307
12615,1436608848436,0.43634325,9.986216,2.3481133
12616,1436608848458,0.47524905,9.961675,2.3223755
12617,1436608848478,0.5398925,9.931747,2.3373394
12618,1436608848498,0.58897364,9.938332,2.3223755
12619,1436608848516,0.6368576,9.935339,2.3133974
12620,1436608848537,0.65541273,9.946711,2.3104045
12621,1436608848558,0.6919243,9.953894,2.3409307
12622,1436608848582,0.6793547,9.973646,2.355296
12623,1436608848598,0.6362591,9.993398,2.3493104
12624,1436608848617,0.5758055,10.005369,2.356493
12625,1436608848637,0.48003745,9.977237,2.3900118
12626,1436608848657,0.40462008,9.937733,2.3840263
12627,1436608848677,0.3561375,9.929952,2.3558946
12628,1436608848695,0.33039984,9.951499,2.3624785
12629,1436608848771,0.38965634,9.961675,2.355296
12630,1436608848775,0.47046062,9.961076,2.356493
12631,1436608848776,0.533907,9.9951935,2.348712
12632,1436608848777,0.5638345,10.015544,2.3439236
12633,1436608848795,0.55485624,9.958682,2.3505075
12634,1436608848816,0.5446809,9.925163,2.3391352
12635,1436608848836,0.5386954,9.931747,2.3594859
12636,1436608848857,0.4985925,9.953295,2.3451207
12637,1436608848875,0.48722005,9.972448,2.355296
12638,1436608848896,0.4782418,9.956886,2.3678656
12639,1436608848922,0.47225627,9.954493,2.36188
12640,1436608848937,0.48722005,9.965266,2.3690627
12641,1436608848959,0.51355624,9.965864,2.368464
12642,1436608848978,0.49200845,9.951499,2.3600843
12643,1436608848998,0.49679685,9.921572,2.3612814
12644,1436608849019,0.5057751,9.923966,2.3732524
12645,1436608849038,0.51954174,9.956886,2.3493104
12646,1436608849057,0.53929394,9.958682,2.4001873
12647,1436608849081,0.55126494,9.959879,2.420538
12648,1436608849096,0.56922144,9.998186,2.3876176
12649,1436608849118,0.5590461,9.9790325,2.3636756
12650,1436608849139,0.5686229,9.991602,2.3744495
12651,1436608849156,0.5770026,9.974843,2.355296
12652,1436608849179,0.5470751,9.97185,2.3481133
12653,1436608849199,0.4938041,9.990405,2.3373394
12654,1436608849219,0.48602295,9.9951935,2.3253684
12655,1436608849238,0.46447513,10.02572,2.3415294
12656,1436608849259,0.46926352,10.014946,2.3612814
12657,1436608849278,0.44352585,10.006566,2.3750482
12658,1436608849298,0.46267948,9.99639,2.3774424
12659,1436608849319,0.4770447,9.989208,2.3600843
12660,1436608849339,0.4985925,9.967062,2.369661
12661,1436608849357,0.5267244,9.9712515,2.3834279
12662,1436608849378,0.5009867,9.9712515,2.3894134
12663,1436608849398,0.49320555,9.990405,2.404377
12664,1436608849425,0.50278234,9.982025,2.3798366
12665,1436608849491,0.53091425,9.952098,2.380435
12666,1436608849492,0.5315128,9.936536,2.3666685
12667,1436608849493,0.5398925,9.943718,2.3828292
12668,1436608849496,0.52133745,9.932345,2.3702598
12669,1436608849516,0.50757074,9.903017,2.3798366
12670,1436608849537,0.4938041,9.913192,2.3882163
12671,1436608849556,0.44951138,9.900024,2.3834279
12672,1436608849576,0.4261679,9.901819,2.3852234
12673,1436608849598,0.40940848,9.890448,2.379238
12674,1436608849616,0.4345476,9.883863,2.4019828
12675,1436608849638,0.40162733,9.907207,2.428319
12676,1436608849657,0.3764882,9.937134,2.40318
12677,1436608849678,0.3788824,10.007165,2.35769
12678,1436608849698,0.3800795,9.909002,2.3642743
12679,1436608849719,0.48362875,9.910199,2.3223755
12680,1436608849739,0.5506664,9.895236,2.3295584
12681,1436608849759,0.6075287,9.907805,2.3385365
12682,1436608849779,0.65242,9.910798,2.369661
12683,1436608849799,0.5847838,9.900622,2.4223335
12684,1436608849819,0.5327099,9.946113,2.4504654
12685,1436608849839,0.49081135,9.928156,2.475006
12686,1436608849859,0.46447513,9.928156,2.497751
12687,1436608849880,0.44831428,9.961675,2.492364
12688,1436608849897,0.4309563,10.007165,2.4624364
12689,1436608849919,0.40940848,10.028113,2.4528596
12690,1436608849938,0.3429694,9.983821,2.4540567
12691,1436608849959,0.32561144,10.000581,2.4546554
12692,1436608849978,0.2645593,9.938332,2.4636335
12693,1436608850000,0.25258827,9.859323,2.4384944
12694,1436608850020,0.2220622,9.869498,2.3989902
12695,1436608850041,0.22325931,9.913192,2.3720553
12696,1436608850057,0.30047232,9.958083,2.3750482
12697,1436608850080,0.35314476,9.965266,2.4390929
12698,1436608850097,0.362123,9.982624,2.4947581
12699,1436608850122,0.3429694,9.961675,2.5037365
12700,1436608850137,0.3489549,9.970653,2.4720132
12701,1436608850201,0.30286652,9.986216,2.4480712
12702,1436608850202,0.30765492,9.970055,2.4546554
12703,1436608850203,0.2825158,9.950302,2.432509
12704,1436608850221,0.21308395,9.955689,2.4486697
12705,1436608850237,0.18136078,9.958083,2.4498668
12706,1436608850257,0.19692309,9.956287,2.405574
12707,1436608850276,0.21787235,9.91798,2.4438813
12708,1436608850297,0.24899697,9.882068,2.4510639
12709,1436608850320,0.24480712,9.909002,2.44029
12710,1436608850338,0.24720132,9.92636,2.4355016
12711,1436608850358,0.25198972,9.983223,2.4708161
12712,1436608850377,0.2908955,10.015544,2.486977
12713,1436608850399,0.29388827,10.019734,2.4983494
12714,1436608850419,0.29388827,9.997588,2.4839842
12715,1436608850440,0.2765303,9.920375,2.4660277
12716,1436608850460,0.23582886,9.894038,2.4049757
12717,1436608850480,0.20051439,9.855133,2.4103625
12718,1436608850500,0.19093758,9.857527,2.405574
12719,1436608850520,0.2100912,9.892242,2.3995886
12720,1436608850540,0.23942018,9.933543,2.4313118
12721,1436608850560,0.29448682,9.953295,2.4492683
12722,1436608850580,0.3286042,9.964069,2.4612393
12723,1436608850599,0.33159694,9.9928,2.4552538
12724,1436608850617,0.30226797,9.977836,2.4372973
12725,1436608850640,0.25558102,9.9712515,2.4169466
12726,1436608850658,0.24181437,9.950302,2.4115596
12727,1436608850680,0.22984336,9.901819,2.4378958
12728,1436608850697,0.25498247,9.92636,2.433706
12729,1436608850720,0.26755205,9.929353,2.4211364
12730,1436608850740,0.30346507,9.992201,2.4079683
12731,1436608850760,0.32321724,9.949704,2.433706
12732,1436608850780,0.3274071,9.945514,2.4253263
12733,1436608850799,0.2717419,9.9712515,2.4073699
12734,1436608850820,0.22385786,9.982624,2.3558946
12735,1436608850840,0.19572599,9.985018,2.3570917
12736,1436608850860,0.18614918,9.9790325,2.3822308
12737,1436608850884,0.16101007,9.995792,2.4133554
12738,1436608850953,0.14784196,10.014347,2.4271219
12739,1436608850957,0.18614918,10.009559,2.4480712
12740,1436608850958,0.26276365,10.0508585,2.4241292
12741,1436608850959,0.33039984,10.029909,2.4648306
12742,1436608850978,0.4189853,10.011354,2.5169046
12743,1436608850999,0.47105917,10.019135,2.5079262
12744,1436608851017,0.50517654,10.014946,2.5001452
12745,1436608851038,0.50517654,9.988609,2.4887726
12746,1436608851060,0.4854244,9.932345,2.4851813
12747,1436608851088,0.4842273,9.862315,2.4582467
12748,1436608851098,0.44711718,9.837176,2.4791958
12749,1436608851127,0.4213795,9.867104,2.496554
12750,1436608851139,0.3890578,9.894038,2.4732103
12751,1436608851161,0.39803603,9.911396,2.5073278
12752,1436608851181,0.3878607,9.936536,2.5187001
12753,1436608851201,0.36870706,9.980828,2.5258827
12754,1436608851221,0.3728969,9.985617,2.5731683
12755,1436608851240,0.37588966,9.91439,2.5611973
12756,1436608851260,0.38965634,9.850345,2.5629928
12757,1436608851281,0.4249708,9.774328,2.534861
12758,1436608851301,0.50038815,9.737218,2.5713725
12759,1436608851321,0.55964464,9.810242,2.5635915
12760,1436608851340,0.52732295,9.824008,2.5701754
12761,1436608851359,0.5255273,9.849147,2.5683799
12762,1436608851381,0.53450555,9.844957,2.5623944
12763,1436608851401,0.533907,9.8683,2.5797524
12764,1436608851421,0.52852005,9.922171,2.5420437
12765,1436608851439,0.52073884,9.892242,2.484583
12766,1436608851460,0.54049104,9.987412,2.4061728
12767,1436608851480,0.49919105,9.997588,2.4187422
12768,1436608851501,0.45250413,10.011953,2.40318
12769,1436608851521,0.39205053,10.041282,2.4049757
12770,1436608851540,0.32621,9.986814,2.4307132
12771,1436608851560,0.30226797,9.938332,2.4277205
12772,1436608851580,0.30286652,9.909601,2.4049757
12773,1436608851602,0.3513491,9.855731,2.4181437
12774,1436608851626,0.40581718,9.869498,2.4181437
12775,1436608851762,0.44651863,9.877279,2.463035
12776,1436608851763,0.49799395,9.86471,2.5366566
12777,1436608851764,0.5129577,9.910199,2.5462334
12778,1436608851765,0.5722142,9.853935,2.540248
12779,1436608851766,0.6278794,9.837775,2.5318682
12780,1436608851767,0.6901286,9.849746,2.5222914
12781,1436608851768,0.7254431,9.838373,2.5103204
12782,1436608851850,0.7009025,9.874287,2.4983494
12783,1436608851851,0.736217,9.894637,2.4929626
12784,1436608851852,0.7026982,9.920375,2.4744074
12785,1436608851853,0.6895301,9.926959,2.457648
12786,1436608851889,0.6452374,9.929952,2.472612
12787,1436608851890,0.6242881,9.894038,2.4474726
12788,1436608851906,0.6039374,9.913192,2.4516625
12789,1436608851918,0.59735334,9.904813,2.4708161
12790,1436608851940,0.5554548,9.965864,2.4678235
12791,1436608851958,0.5141548,9.964667,2.484583
12792,1436608851980,0.5518635,9.993997,2.4504654
12793,1436608852000,0.5734113,9.986216,2.4438813
12794,1436608852021,0.5967548,9.950302,2.4528596
12795,1436608852039,0.62009823,9.904813,2.4462755
12796,1436608852060,0.6183026,9.929952,2.4552538
12797,1436608852079,0.6135142,9.892242,2.4624364
12798,1436608852101,0.65301853,9.89344,2.432509
12799,1436608852120,0.6572084,9.894637,2.421735
12800,1436608852138,0.66738373,9.8754835,2.4211364
12801,1436608852160,0.664391,9.892242,2.4235306
12802,1436608852181,0.6584055,9.917382,2.4127567
12803,1436608852202,0.6404489,9.911995,2.44448
12804,1436608852222,0.6123171,9.930551,2.441487
12805,1436608852240,0.57161564,9.922769,2.4522612
12806,1436608852260,0.5518635,9.922171,2.416348
12807,1436608852281,0.5081693,9.919178,2.4061728
12808,1436608852301,0.50397944,9.935937,2.4211364
12809,1436608852322,0.51954174,9.985018,2.432509
12810,1436608852340,0.51954174,9.9790325,2.4271219
12811,1436608852360,0.5386954,9.974244,2.4474726
12812,1436608852380,0.51954174,9.955689,2.4271219
12813,1436608852399,0.5117606,9.959879,2.428319
12814,1436608852428,0.48362875,9.964667,2.4313118
12815,1436608852499,0.44951138,9.9928,2.4199393
12816,1436608852500,0.43514615,9.989208,2.4510639
12817,1436608852501,0.43394905,9.950901,2.4480712
12818,1436608852502,0.415394,9.980229,2.4492683
12819,1436608852521,0.39444473,9.991004,2.4378958
12820,1436608852541,0.34596214,9.970055,2.4480712
12821,1436608852559,0.30107087,9.977836,2.4558525
12822,1436608852579,0.26036942,9.952098,2.4582467
12823,1436608852600,0.23762453,9.949105,2.4384944
12824,1436608852620,0.25139117,9.960478,2.4145525
12825,1436608852643,0.21906945,9.949704,2.4169466
12826,1436608852661,0.23283611,9.940127,2.4426842
12827,1436608852679,0.2184709,9.98442,2.4582467
12828,1436608852699,0.23822308,10.023924,2.4408886
12829,1436608852720,0.25378537,9.9951935,2.4594438
12830,1436608852742,0.31543607,10.001778,2.4570496
12831,1436608852762,0.3800795,10.007763,2.4851813
12832,1436608852782,0.39324763,10.020931,2.4809916
12833,1436608852802,0.39324763,10.012551,2.4797945
12834,1436608852822,0.3537433,10.006566,2.4744074
12835,1436608852840,0.35673606,9.964667,2.4498668
12836,1436608852862,0.32800564,9.906608,2.4480712
12837,1436608852882,0.2813187,9.949704,2.4480712
12838,1436608852901,0.24660277,9.944317,2.4109612
12839,1436608852922,0.23044191,9.951499,2.4121583
12840,1436608852942,0.2124854,9.9790325,2.4133554
12841,1436608852962,0.21068975,9.969456,2.4690206
12842,1436608852982,0.19931729,9.959281,2.4785974
12843,1436608853000,0.20171149,9.997588,2.4774003
12844,1436608853023,0.2112883,10.006566,2.4432828
12845,1436608853044,0.23104046,9.991004,2.4349031
12846,1436608853063,0.25438392,9.953295,2.4797945
12847,1436608853079,0.28311434,9.927557,2.4349031
12848,1436608853102,0.28670564,9.895834,2.3983915
12849,1436608853120,0.30526072,9.873089,2.4013844
12850,1436608853143,0.32202014,9.857527,2.4115596
12851,1436608853169,0.33279404,9.873688,2.4139538
12852,1436608853240,0.33039984,9.907805,2.3882163
12853,1436608853241,0.2908955,9.956287,2.3786395
12854,1436608853242,0.29867667,9.952098,2.396596
12855,1436608853243,0.29628247,9.921572,2.393603
12856,1436608853260,0.34356794,9.873688,2.380435
12857,1436608853279,0.3842694,9.910199,2.3535004
12858,1436608853299,0.4345476,9.942521,2.369661
12859,1436608853325,0.47105917,9.9951935,2.4115596
12860,1436608853339,0.48482585,9.997588,2.4265234
12861,1436608853362,0.46986207,10.032902,2.4486697
12862,1436608853380,0.43993455,10.028113,2.4480712
12863,1436608853400,0.41000703,10.105926,2.4522612
12864,1436608853423,0.3453636,10.220847,2.4546554
12865,1436608853442,0.23044191,10.1939125,2.4438813
12866,1436608853463,0.17537527,10.108319,2.393603
12867,1436608853483,0.17597382,10.017939,2.3810337
12868,1436608853503,0.20410569,9.8916445,2.4001873
12869,1436608853523,0.3345897,9.814431,2.35769
12870,1436608853541,0.45789108,9.775525,2.343325
12871,1436608853563,0.5859809,9.830592,2.3415294
12872,1436608853583,0.6793547,9.883863,2.3421278
12873,1436608853603,0.7272388,9.928156,2.3750482
12874,1436608853622,0.7230489,9.992201,2.3840263
12875,1436608853642,0.76434886,9.981427,2.4049757
12876,1436608853663,0.8062474,9.892242,2.4277205
12877,1436608853680,0.8230068,9.905411,2.4061728
12878,1436608853702,0.81402856,9.89344,2.415151
12879,1436608853720,0.79966336,9.903017,2.3900118
12880,1436608853743,0.7433996,9.940725,2.3786395
12881,1436608853765,0.6745663,9.932345,2.3864205
12882,1436608853786,0.6374562,9.959879,2.3834279
12883,1436608853801,0.6476316,9.938332,2.3983915
12884,1436608853820,0.6254852,9.925163,2.3750482
12885,1436608853840,0.6386533,9.925761,2.3229742
12886,1436608853860,0.65421563,9.916184,2.3373394
12887,1436608853883,0.6901286,9.941922,2.3427265
12888,1436608853904,0.6811504,9.983223,2.3612814
12889,1436608853967,0.6865373,10.005369,2.3259668
12890,1436608853968,0.6841431,10.024523,2.3409307
12891,1436608853969,0.6979098,9.983223,2.3582888
12892,1436608853981,0.6889315,9.92636,2.3307555
12893,1436608854003,0.676362,9.859921,2.3343468
12894,1436608854023,0.7026982,9.90601,2.3080103
12895,1436608854040,0.7326257,9.912594,2.2960393
12896,1436608854062,0.7326257,9.8916445,2.3582888
12897,1436608854080,0.7428011,9.952098,2.32058
12898,1436608854100,0.7715315,9.90601,2.3840263
12899,1436608854121,0.7906851,9.940127,2.3558946
12900,1436608854152,0.7697359,9.993997,2.3403323
12901,1436608854160,0.7272388,9.931747,2.3391352
12902,1436608854184,0.7098808,9.932345,2.3451207
12903,1436608854201,0.6739678,9.907207,2.3690627
12904,1436608854223,0.6512229,9.920375,2.36188
12905,1436608854244,0.6404489,9.960478,2.3469162
12906,1436608854262,0.6536171,9.977836,2.349909
12907,1436608854284,0.6171055,10.010756,2.3852234
12908,1436608854304,0.58119243,10.015544,2.4013844
12909,1436608854322,0.5602432,9.96347,2.3948002
12910,1436608854344,0.5482722,9.980828,2.3259668
12911,1436608854364,0.5626374,9.957485,2.31639
12912,1436608854388,0.6194997,9.926959,2.3241713
12913,1436608854404,0.641646,9.942521,2.3427265
12914,1436608854424,0.65182143,9.956886,2.3558946
12915,1436608854442,0.66738373,9.94312,2.345719
12916,1436608854464,0.7032967,9.946113,2.3451207
12917,1436608854484,0.717662,9.946711,2.3774424
12918,1436608854502,0.688333,9.947908,2.372654
12919,1436608854527,0.6775591,9.944317,2.360683
12920,1436608854542,0.6703765,9.962872,2.3517046
12921,1436608854563,0.6476316,9.940127,2.355296
12922,1436608854584,0.62488663,9.918579,2.396596
12923,1436608854604,0.6099229,9.927557,2.3882163
12924,1436608854621,0.58657944,9.9473095,2.384625
12925,1436608854650,0.5835867,9.965864,2.381632
12926,1436608854705,0.59974754,10.022128,2.3558946
12927,1436608854706,0.60214174,9.987412,2.3756466
12928,1436608854707,0.59376204,9.985018,2.3624785
12929,1436608854726,0.59495914,9.983223,2.3690627
12930,1436608854741,0.5823896,9.959281,2.3588872
12931,1436608854761,0.60453594,9.962274,2.3529017
12932,1436608854781,0.5955577,9.935937,2.367267
12933,1436608854801,0.60214174,9.889849,2.35769
12934,1436608854822,0.5847838,9.8916445,2.3666685
12935,1436608854843,0.57999533,9.871294,2.4115596
12936,1436608854862,0.5566519,9.863512,2.415151
12937,1436608854881,0.55844754,9.895834,2.4289176
12938,1436608854903,0.56563014,9.931149,2.4558525
12939,1436608854921,0.57999533,10.038888,2.421735
12940,1436608854941,0.56443304,10.17416,2.384625
12941,1436608854961,0.55964464,10.162787,2.3247697
12942,1436608854981,0.5895722,10.115502,2.381632
12943,1436608855001,0.5931635,10.052654,2.355296
12944,1436608855021,0.58538234,9.965266,2.3229742
12945,1436608855041,0.60214174,9.934141,2.2810757
12946,1436608855073,0.6398504,9.918579,2.267309
12947,1436608855081,0.6919243,9.880272,2.2984335
12948,1436608855102,0.7332243,9.85633,2.3319526
12949,1436608855121,0.7727286,9.888652,2.3612814
12950,1436608855142,0.8026561,9.873089,2.368464
12951,1436608855164,0.84096336,9.88506,2.3882163
12952,1436608855184,0.86610246,9.886257,2.3822308
12953,1436608855204,0.90261406,9.89763,2.3768437
12954,1436608855221,0.87328506,9.890448,2.3409307
12955,1436608855244,0.83976626,9.948506,2.3642743
12956,1436608855263,0.7978677,9.976639,2.369661
12957,1436608855284,0.801459,9.874885,2.3786395
12958,1436608855306,0.82121116,9.85633,2.3834279
12959,1436608855327,0.8283938,9.98442,2.3451207
12960,1436608855344,0.78290397,9.946113,2.3301568
12961,1436608855364,0.7182605,9.991602,2.3678656
12962,1436608855407,0.6302736,9.959281,2.4091654
12963,1436608855408,0.57520694,9.944317,2.405574
12964,1436608855425,0.55006784,9.990405,2.3989902
12965,1436608855441,0.5363012,10.008362,2.3774424
12966,1436608855461,0.533907,9.960478,2.3750482
12967,1436608855481,0.55605334,9.915586,2.3774424
12968,1436608855501,0.57041854,9.89344,2.4079683
12969,1436608855521,0.59615624,9.895834,2.4145525
12970,1436608855541,0.65421563,9.918579,2.3864205
12971,1436608855561,0.6919243,9.925761,2.4073699
12972,1436608855581,0.7015011,9.895834,2.40318
12973,1436608855601,0.6931214,9.92636,2.3918076
12974,1436608855621,0.64583594,9.92636,2.3654714
12975,1436608855641,0.6691794,9.949105,2.3953989
12976,1436608855661,0.6871359,9.989806,2.380435
12977,1436608855681,0.7140707,9.961076,2.4025815
12978,1436608855701,0.7374141,9.977237,2.4109612
12979,1436608855721,0.7248446,9.968858,2.3744495
12980,1436608855743,0.70509243,9.989806,2.36188
12981,1436608855761,0.66259533,9.989208,2.3505075
12982,1436608855781,0.6326678,9.989806,2.3582888
12983,1436608855801,0.5955577,9.997588,2.3636756
12984,1436608855822,0.58897364,10.064626,2.3349452
12985,1436608855845,0.55725044,9.988011,2.32058
12986,1436608855863,0.56563014,9.950901,2.3169887
12987,1436608855883,0.6063316,9.915586,2.3540988
12988,1436608855901,0.6344634,9.907207,2.3708582
12989,1436608855923,0.6356605,9.930551,2.368464
12990,1436608855947,0.6584055,9.929353,2.3630772
12991,1436608855967,0.64942724,9.938332,2.392406
12992,1436608855984,0.6997054,9.946113,2.4001873
12993,1436608856003,0.7158663,9.967062,2.3834279
12994,1436608856048,0.7248446,9.9550905,2.3636756
12995,1436608856049,0.6985083,9.966463,2.3762453
12996,1436608856073,0.6655881,9.952098,2.35769
12997,1436608856084,0.64823014,9.916783,2.3612814
12998,1436608856102,0.6147113,9.897031,2.3588872
12999,1436608856122,0.62368953,9.866506,2.3241713
13000,1436608856143,0.6751649,9.905411,2.3307555
13001,1436608856163,0.7110779,9.907207,2.3481133
13002,1436608856182,0.7374141,9.910798,2.3624785
13003,1436608856203,0.76434886,9.953894,2.3708582
13004,1436608856226,0.76434886,9.959879,2.3678656
13005,1436608856245,0.7625532,9.962872,2.3570917
13006,1436608856262,0.78649527,9.933543,2.3702598
13007,1436608856286,0.7721301,9.924564,2.3546975
13008,1436608856306,0.7386112,9.894637,2.349909
13009,1436608856326,0.7020996,9.894637,2.3247697
13010,1436608856344,0.6847417,9.88925,2.3169887
13011,1436608856365,0.7080852,9.911396,2.3110032
13012,1436608856385,0.7493851,9.920973,2.3253684
13013,1436608856405,0.79846627,9.924564,2.343325
13014,1436608856423,0.80325466,9.9233675,2.3636756
13015,1436608856445,0.7966706,9.888652,2.3720553
13016,1436608856464,0.76554596,9.863512,2.3678656
13017,1436608856485,0.7092823,9.904214,2.292448
13018,1436608856504,0.6428431,9.949704,2.297835
13019,1436608856525,0.57879823,9.978435,2.3080103
13020,1436608856545,0.623091,10.087969,2.2517467
13021,1436608856565,0.6997054,10.204686,2.1984756
13022,1436608856586,0.8086416,10.192117,2.1721394
13023,1436608856605,0.94930094,10.048465,2.2517467
13024,1436608856630,0.9923966,9.961675,2.3026235
13025,1436608856646,0.86370826,9.939528,2.2703018
13026,1436608856666,0.670975,9.962872,2.2176294
13027,1436608856692,0.47524905,9.98442,2.2260091
13028,1436608856796,0.32321724,9.93893,2.3122003
13029,1436608856797,0.19692309,9.96766,2.3277626
13030,1436608856798,0.1352724,10.102334,2.3241713
13031,1436608856799,0.13467385,10.15381,2.295441
13032,1436608856800,0.18495208,10.135853,2.2577322
13033,1436608856806,0.2753332,9.9951935,2.297835
13034,1436608856824,0.36870706,9.977836,2.2068555
13035,1436608856844,0.49799395,9.986216,2.168548
13036,1436608856865,0.65242,9.908403,2.1996727
13037,1436608856886,0.7679402,9.87668,2.2373815
13038,1436608856904,0.8355764,9.8276,2.3020248
13039,1436608856924,0.908001,9.890448,2.3361423
13040,1436608856946,0.9648633,9.985617,2.331354
13041,1436608856965,0.9624691,10.02153,2.3660698
13042,1436608856983,0.9151836,10.055049,2.3744495
13043,1436608857005,0.801459,10.108918,2.373851
13044,1436608857029,0.6607997,10.073005,2.348712
13045,1436608857047,0.54049104,10.020931,2.315193
13046,1436608857064,0.4141969,9.928755,2.315193
13047,1436608857086,0.27832595,9.91798,2.268506
13048,1436608857104,0.20709845,9.869498,2.2882583
13049,1436608857125,0.2160767,9.824008,2.304419
13050,1436608857146,0.29688102,9.894038,2.3050177
13051,1436608857164,0.33877954,9.961675,2.3361423
13052,1436608857186,0.439336,9.980229,2.345719
13053,1436608857203,0.57760113,9.989806,2.3780408
13054,1436608857227,0.7218518,9.999982,2.3906105
13055,1436608857246,0.83258367,10.014347,2.3810337
13056,1436608857267,0.87208796,10.015544,2.3546975
13057,1436608857287,0.85173726,9.935339,2.3570917
13058,1436608857306,0.7858967,9.925761,2.3774424
13059,1436608857327,0.6751649,9.896433,2.405574
13060,1436608857346,0.57640404,9.918579,2.384625
13061,1436608857367,0.5374983,9.950302,2.3798366
13062,1436608857386,0.5327099,9.974244,2.393603
13063,1436608857406,0.54887074,9.983821,2.379238
13064,1436608857425,0.5434838,9.939528,2.3888147
13065,1436608857446,0.54288524,9.93474,2.372654
13066,1436608857528,0.55126494,9.917382,2.3822308
13067,1436608857529,0.57999533,9.923966,2.3702598
13068,1436608857530,0.5710171,9.887454,2.3918076
13069,1436608857531,0.5494693,9.867104,2.397793
13070,1436608857555,0.5351041,9.871892,2.3798366
13071,1436608857576,0.52612585,9.903615,2.3570917
13072,1436608857584,0.56323594,9.915586,2.3732524
13073,1436608857605,0.6242881,9.931747,2.3852234
13074,1436608857624,0.6488287,9.958083,2.416348
13075,1436608857646,0.65062433,10.001179,2.4588451
13076,1436608857664,0.56802434,10.056845,2.4809916
13077,1436608857684,0.44771573,10.015544,2.4809916
13078,1436608857707,0.40581718,9.987412,2.475006
13079,1436608857724,0.35673606,9.965864,2.4558525
13080,1436608857746,0.3573346,9.944916,2.4103625
13081,1436608857766,0.36511576,9.96766,2.3900118
13082,1436608857786,0.3633201,9.985018,2.4115596
13083,1436608857806,0.38307226,9.974843,2.4366987
13084,1436608857827,0.35553896,10.001179,2.4851813
13085,1436608857846,0.34476504,10.029909,2.4744074
13086,1436608857866,0.3561375,10.055049,2.457648
13087,1436608857887,0.3441665,10.06283,2.4271219
13088,1436608857904,0.30585927,10.005369,2.4642322
13089,1436608857924,0.25019407,9.969456,2.4450784
13090,1436608857947,0.22505496,9.982025,2.4558525
13091,1436608857966,0.2184709,9.953295,2.4648306
13092,1436608857986,0.2088941,9.980828,2.4762032
13093,1436608858007,0.20649989,9.948506,2.484583
13094,1436608858033,0.2208651,9.952098,2.4654293
13095,1436608858046,0.24061728,9.99639,2.4875755
13096,1436608858064,0.27593175,9.989806,2.463035
13097,1436608858088,0.31423897,9.969456,2.5061307
13098,1436608858109,0.3274071,9.970055,2.492364
13099,1436608858126,0.3357868,9.915586,2.5246856
13100,1436608858146,0.31364042,9.8994255,2.5408466
13101,1436608858219,0.27593175,9.93474,2.5288756
13102,1436608858220,0.21906945,9.881469,2.5187001
13103,1436608858233,0.15203181,9.859921,2.473809
13104,1436608858234,0.13467385,9.900024,2.4756045
13105,1436608858244,0.15203181,9.909601,2.4732103
13106,1436608858270,0.17118542,9.913791,2.496554
13107,1436608858287,0.18495208,9.977836,2.5025394
13108,1436608858305,0.22026655,9.9550905,2.4809916
13109,1436608858326,0.29987377,9.864111,2.5079262
13110,1436608858345,0.3866636,9.871294,2.5222914
13111,1436608858365,0.3866636,9.91439,2.4959552
13112,1436608858386,0.3681085,9.892841,2.480393
13113,1436608858406,0.32621,9.859323,2.468422
13114,1436608858424,0.2908955,9.825804,2.4540567
13115,1436608858447,0.27593175,9.799467,2.4127567
13116,1436608858467,0.23463176,9.711481,2.355296
13117,1436608858487,0.23882163,9.689933,2.367267
13118,1436608858507,0.29029694,9.735423,2.4013844
13119,1436608858527,0.35793316,9.816227,2.4450784
13120,1436608858547,0.40701428,9.898229,2.5240872
13121,1436608858567,0.39683893,10.02572,2.5498247
13122,1436608858588,0.29688102,10.059837,2.5492263
13123,1436608858607,0.20470424,10.047866,2.5067291
13124,1436608858626,0.16160862,10.005369,2.4863784
13125,1436608858647,0.19572599,9.998785,2.480393
13126,1436608858665,0.18974048,9.923966,2.4762032
13127,1436608858685,0.24361002,9.878476,2.4229321
13128,1436608858705,0.2741361,9.88925,2.396596
13129,1436608858727,0.30765492,9.902418,2.3876176
13130,1436608858747,0.33399114,9.952098,2.4199393
13131,1436608858767,0.3357868,9.9951935,2.5067291
13132,1436608858787,0.3250129,10.111312,2.5438392
13133,1436608858806,0.2681506,10.216658,2.5258827
13134,1436608858826,0.25318682,10.195708,2.5881321
13135,1436608858847,0.20590134,10.1544075,2.566584
13136,1436608858866,0.18435353,10.057443,2.5378537
13137,1436608858886,0.10295067,9.968259,2.4522612
13138,1436608858957,0.0700304,9.864111,2.4211364
13139,1436608858958,0.037708677,9.867104,2.4247277
13140,1436608858959,0.019153614,9.885659,2.4265234
13141,1436608858967,0.05626374,9.928755,2.456451
13142,1436608858993,0.14724341,9.956287,2.4600422
13143,1436608859006,0.2801216,9.973646,2.4941597
13144,1436608859025,0.39923313,9.949704,2.4774003
13145,1436608859049,0.4938041,9.936536,2.486977
13146,1436608859071,0.4902128,9.903615,2.484583
13147,1436608859096,0.46088383,9.868899,2.4366987
13148,1436608859105,0.42556936,9.850943,2.456451
13149,1436608859125,0.427365,9.86471,2.456451
13150,1436608859148,0.4381389,9.838373,2.5037365
13151,1436608859168,0.44592008,9.886257,2.5187001
13152,1436608859188,0.44951138,9.895236,2.5234885
13153,1436608859207,0.43275195,9.915586,2.5198972
13154,1436608859228,0.39145198,9.908403,2.5330653
13155,1436608859248,0.34955344,9.907805,2.5210943
13156,1436608859289,0.3184288,9.892242,2.496554
13157,1436608859290,0.2789245,9.876082,2.532467
13158,1436608859319,0.2908955,9.894637,2.5510218
13159,1436608859326,0.2825158,9.92636,2.5600002
13160,1436608859345,0.30286652,9.920973,2.5755625
13161,1436608859366,0.32321724,9.920973,2.582745
13162,1436608859386,0.33638534,9.907207,2.5863364
13163,1436608859405,0.35194764,9.873688,2.5713725
13164,1436608859426,0.36990416,9.896433,2.5486276
13165,1436608859445,0.39564183,9.865907,2.510919
13166,1436608859467,0.40880993,9.898229,2.5462334
13167,1436608859485,0.35793316,9.929952,2.5396495
13168,1436608859505,0.31902736,9.8994255,2.5252843
13169,1436608859527,0.28072014,9.90601,2.533664
13170,1436608859546,0.2753332,9.929952,2.5031378
13171,1436608859567,0.29867667,9.921572,2.5198972
13172,1436608859587,0.2837129,9.962274,2.529474
13173,1436608859614,0.31663316,9.958083,2.5127146
13174,1436608859660,0.34476504,9.944916,2.4917655
13175,1436608859661,0.3800795,9.961675,2.5151088
13176,1436608859667,0.3824737,9.911396,2.540248
13177,1436608859686,0.40162733,9.929353,2.4953568
13178,1436608859707,0.38606504,9.907207,2.5103204
13179,1436608859727,0.36631286,9.894637,2.492364
13180,1436608859746,0.36152446,9.907207,2.4809916
13181,1436608859769,0.3513491,9.898827,2.496554
13182,1436608859786,0.35793316,9.931149,2.4905684
13183,1436608859807,0.3890578,9.940725,2.4833858
13184,1436608859828,0.43514615,9.970653,2.4821887
13185,1436608859846,0.44831428,9.966463,2.469619
13186,1436608859869,0.48243165,9.941922,2.473809
13187,1436608859886,0.49799395,9.945514,2.4582467
13188,1436608859909,0.5279215,9.929952,2.4372973
13189,1436608859930,0.53211135,9.914988,2.4349031
13190,1436608859949,0.53929394,9.918579,2.4361002
13191,1436608859969,0.53091425,9.932944,2.4660277
13192,1436608859989,0.52612585,9.9712515,2.4642322
13193,1436608860006,0.52373165,9.9928,2.4516625
13194,1436608860029,0.52492875,9.993398,2.4510639
13195,1436608860046,0.54288524,9.968259,2.4708161
13196,1436608860067,0.5255273,9.973646,2.4672248
13197,1436608860087,0.49440265,9.940725,2.4624364
13198,1436608860106,0.49440265,9.941922,2.409764
13199,1436608860127,0.5069722,9.901819,2.441487
13200,1436608860149,0.504578,9.942521,2.4343045
13201,1436608860170,0.48841715,9.928755,2.4570496
13202,1436608860189,0.5231331,9.953295,2.441487
13203,1436608860207,0.557849,9.96347,2.4462755
13204,1436608860226,0.5835867,9.929952,2.4486697
13205,1436608860250,0.557849,9.913192,2.4588451
13206,1436608860267,0.55126494,9.928156,2.4492683
13207,1436608860290,0.5770026,9.938332,2.4408886
13208,1436608860306,0.58119243,9.908403,2.4947581
13209,1436608860327,0.57999533,9.89344,2.4863784
13210,1436608860349,0.55605334,9.909601,2.484583
13211,1436608860395,0.4854244,9.900622,2.456451
13212,1436608860396,0.46387658,9.929353,2.4109612
13213,1436608860427,0.47345337,9.919178,2.44448
13214,1436608860428,0.47225627,9.968259,2.4714148
13215,1436608860447,0.4830302,9.949704,2.473809
13216,1436608860467,0.516549,9.939528,2.4355016
13217,1436608860486,0.504578,9.958083,2.4582467
13218,1436608860509,0.51116204,9.962274,2.456451
13219,1436608860527,0.5201403,9.968259,2.4540567
13220,1436608860548,0.5129577,9.934141,2.4558525
13221,1436608860567,0.50876784,9.909601,2.4432828
13222,1436608860588,0.5398925,9.901221,2.4193408
13223,1436608860612,0.5398925,9.906608,2.433706
13224,1436608860627,0.5746084,9.884461,2.44448
13225,1436608860650,0.60573304,9.91798,2.4546554
13226,1436608860668,0.5602432,9.962274,2.4349031
13227,1436608860690,0.5446809,9.97185,2.408567
13228,1436608860710,0.5315128,9.983821,2.4037786
13229,1436608860727,0.5303157,9.988609,2.4193408
13230,1436608860747,0.5386954,9.954493,2.4480712
13231,1436608860767,0.55605334,9.937733,2.4235306
13232,1436608860790,0.56563014,9.946711,2.4091654
13233,1436608860808,0.5614403,9.931747,2.4510639
13234,1436608860829,0.58538234,9.932944,2.4582467
13235,1436608860850,0.61291564,9.937733,2.4570496
13236,1436608860870,0.5758055,9.931149,2.4307132
13237,1436608860890,0.55964464,9.953295,2.4319103
13238,1436608860909,0.54527944,9.940725,2.4594438
13239,1436608860930,0.5530606,9.909002,2.4636335
13240,1436608860950,0.5835867,9.916783,2.4474726
13241,1436608860970,0.61890113,9.94312,2.4492683
13242,1436608860989,0.6135142,9.974244,2.4438813
13243,1436608861009,0.5907693,9.940127,2.4516625
13244,1436608861030,0.5626374,9.9233675,2.4498668
13245,1436608861049,0.55605334,9.934141,2.4235306
13246,1436608861161,0.5530606,9.92636,2.4193408
13247,1436608861162,0.60932434,9.942521,2.4307132
13248,1436608861163,0.5686229,9.938332,2.4384944
13249,1436608861164,0.5518635,9.928156,2.4361002
13250,1436608861165,0.59256494,9.973646,2.429516
13251,1436608861173,0.6464345,9.927557,2.4372973
13252,1436608861192,0.6739678,9.919178,2.44448
13253,1436608861207,0.6344634,9.9473095,2.445677
13254,1436608861227,0.63087213,9.950901,2.428319
13255,1436608861249,0.6075287,9.883863,2.4732103
13256,1436608861267,0.60094464,9.870096,2.4522612
13257,1436608861288,0.5805939,9.887454,2.4432828
13258,1436608861310,0.5542577,9.912594,2.4079683
13259,1436608861329,0.57041854,9.925163,2.4121583
13260,1436608861349,0.5614403,9.916184,2.4552538
13261,1436608861371,0.5626374,9.937134,2.4600422
13262,1436608861391,0.5710171,9.931149,2.4450784
13263,1436608861411,0.5722142,9.964667,2.405574
13264,1436608861430,0.6087258,9.952697,2.433706
13265,1436608861450,0.5770026,9.968858,2.4366987
13266,1436608861471,0.55246204,9.939528,2.4265234
13267,1436608861491,0.52971715,9.938332,2.417545
13268,1436608861511,0.48841715,9.93893,2.4001873
13269,1436608861530,0.4950012,9.954493,2.3798366
13270,1436608861548,0.5153519,9.955689,2.4013844
13271,1436608861571,0.5303157,9.955689,2.4247277
13272,1436608861591,0.5231331,9.913791,2.4247277
13273,1436608861613,0.5201403,9.935937,2.3995886
13274,1436608861629,0.48243165,9.946711,2.4103625
13275,1436608861650,0.46148238,9.944317,2.4211364
13276,1436608861671,0.45789108,9.939528,2.44448
13277,1436608861690,0.4177882,9.942521,2.420538
13278,1436608861711,0.42556936,9.945514,2.4127567
13279,1436608861730,0.44771573,9.933543,2.4504654
13280,1436608861750,0.47764325,9.933543,2.4426842
13281,1436608861769,0.46088383,9.912594,2.4474726
13282,1436608861789,0.45190558,9.94312,2.4420857
13283,1436608861818,0.44831428,9.946113,2.4408886
13284,1436608861830,0.39085343,9.949105,2.4193408
13285,1436608861896,0.3812766,9.898229,2.44029
13286,1436608861897,0.3800795,9.878476,2.4504654
13287,1436608861898,0.3705027,9.905411,2.4301147
13288,1436608861915,0.3854665,9.919776,2.417545
13289,1436608861928,0.39803603,9.93474,2.4528596
13290,1436608861948,0.39923313,9.954493,2.460641
13291,1436608861968,0.3681085,9.89763,2.4355016
13292,1436608861988,0.3842694,9.903615,2.429516
13293,1436608862010,0.39324763,9.917382,2.4235306
13294,1436608862031,0.480636,9.88925,2.4390929
13295,1436608862049,0.4938041,9.8683,2.4408886
13296,1436608862077,0.5243302,9.900024,2.4420857
13297,1436608862088,0.51714754,9.901819,2.4241292
13298,1436608862109,0.5105635,9.918579,2.4235306
13299,1436608862130,0.4938041,9.9233675,2.44448
13300,1436608862150,0.44891283,9.973646,2.460641
13301,1436608862171,0.43394905,9.977836,2.433706
13302,1436608862191,0.38486794,10.015544,2.4247277
13303,1436608862211,0.3184288,10.024523,2.4289176
13304,1436608862231,0.30286652,10.053253,2.44448
13305,1436608862251,0.2873042,10.061633,2.4582467
13306,1436608862271,0.29568392,10.040684,2.4881742
13307,1436608862291,0.31244332,10.035895,2.4588451
13308,1436608862309,0.32321724,10.027515,2.4253263
13309,1436608862331,0.32920274,9.99639,2.404377
13310,1436608862351,0.3657143,10.022128,2.3983915
13311,1436608862371,0.3824737,10.01734,2.4438813
13312,1436608862391,0.40462008,10.031705,2.4319103
13313,1436608862409,0.40521863,10.033501,2.4378958
13314,1436608862432,0.36272156,10.02572,2.404377
13315,1436608862452,0.34117374,10.004171,2.379238
13316,1436608862472,0.31304187,9.959281,2.3840263
13317,1436608862492,0.31364042,9.982025,2.3702598
13318,1436608862511,0.31244332,9.966463,2.3786395
13319,1436608862529,0.34596214,9.968259,2.384625
13320,1436608862550,0.3878607,10.002377,2.3930047
13321,1436608862569,0.4357447,10.047267,2.4133554
13322,1436608862591,0.4842273,10.028712,2.4121583
13323,1436608862656,0.5033809,10.029311,2.3798366
13324,1436608862657,0.50038815,10.039486,2.3906105
13325,1436608862658,0.5117606,9.993997,2.3810337
13326,1436608862669,0.51714754,9.93893,2.3756466
13327,1436608862694,0.48243165,9.922171,2.3780408
13328,1436608862710,0.45848963,9.914988,2.345719
13329,1436608862729,0.44651863,9.904813,2.3517046
13330,1436608862750,0.46686932,9.960478,2.3768437
13331,1436608862769,0.48722005,9.973646,2.432509
13332,1436608862789,0.4890157,10.005967,2.4289176
13333,1436608862811,0.46267948,10.000581,2.415151
13334,1436608862829,0.4261679,9.962274,2.3852234
13335,1436608862850,0.4249708,9.944916,2.3439236
13336,1436608862872,0.45968673,9.925163,2.2990322
13337,1436608862892,0.49440265,9.8994255,2.3319526
13338,1436608862912,0.59256494,9.874287,2.3953989
13339,1436608862930,0.60573304,9.920973,2.4462755
13340,1436608862950,0.5746084,9.955689,2.5133133
13341,1436608862972,0.51235914,9.916184,2.5498247
13342,1436608862992,0.44651863,9.909601,2.5396495
13343,1436608863012,0.3800795,9.880871,2.5462334
13344,1436608863034,0.32441434,9.863512,2.5151088
13345,1436608863052,0.28550854,9.843162,2.4774003
13346,1436608863070,0.2801216,9.87668,2.4672248
13347,1436608863095,0.3357868,9.925163,2.4636335
13348,1436608863113,0.40880993,9.968858,2.4480712
13349,1436608863129,0.44951138,10.007165,2.4582467
13350,1436608863151,0.46567222,10.069414,2.4061728
13351,1436608863170,0.46926352,10.120889,2.3612814
13352,1436608863203,0.50637364,10.135254,2.3810337
13353,1436608863209,0.51595044,10.092757,2.408567
13354,1436608863229,0.4770447,10.015544,2.4211364
13355,1436608863249,0.4141969,9.968259,2.4271219
13356,1436608863269,0.39384618,9.897031,2.4372973
13357,1436608863290,0.374094,9.901819,2.4809916
13358,1436608863309,0.35314476,9.9233675,2.4821887
13359,1436608863333,0.3184288,9.913791,2.5234885
13360,1436608863361,0.25258827,9.909601,2.5318682
13361,1436608863372,0.22804771,9.894038,2.5647886
13362,1436608863390,0.22924481,9.840768,2.60968
13363,1436608863410,0.25498247,9.809045,2.6036944
13364,1436608863429,0.28909984,9.785102,2.566584
13365,1436608863449,0.3441665,9.816826,2.6354175
13366,1436608863470,0.3693056,9.797672,2.633622
13367,1436608863492,0.3800795,9.811439,2.6156654
13368,1436608863511,0.38726214,9.824008,2.6282349
13369,1436608863530,0.39025488,9.827001,2.6210523
13370,1436608863550,0.4249708,9.829395,2.6366146
13371,1436608863573,0.44113165,9.800066,2.6354175
13372,1436608863593,0.41240123,9.7863,2.6144683
13373,1436608863613,0.4225766,9.811439,2.6013002
13374,1436608863630,0.4201824,9.854534,2.5390508
13375,1436608863653,0.40342298,9.847352,2.5767596
13376,1436608863673,0.3573346,9.859323,2.5965118
13377,1436608863690,0.30406362,9.818023,2.582745
13378,1436608863713,0.29448682,9.8677025,2.5617957
13379,1436608863730,0.30765492,9.912594,2.5659857
13380,1436608863750,0.31783026,9.922769,2.5719712
13381,1436608863771,0.3549404,9.952098,2.5773582
13382,1436608863793,0.34117374,9.949704,2.5677812
13383,1436608863811,0.34955344,9.949704,2.5396495
13384,1436608863831,0.3693056,9.96347,2.5372553
13385,1436608863850,0.3633201,9.964069,2.5390508
13386,1436608863873,0.33877954,9.959281,2.5270798
13387,1436608863893,0.3238158,9.914988,2.516306
13388,1436608863913,0.29149407,9.989806,2.4450784
13389,1436608863930,0.27114335,9.94312,2.4714148
13390,1436608863950,0.29628247,9.964667,2.4504654
13391,1436608863972,0.34596214,9.975441,2.4648306
13392,1436608863991,0.41958386,9.946113,2.4971523
13393,1436608864011,0.45130703,9.950302,2.4983494
13394,1436608864132,0.49559975,9.929952,2.4791958
13395,1436608864133,0.50038815,9.940725,2.4546554
13396,1436608864134,0.50517654,9.939528,2.44448
13397,1436608864135,0.50278234,9.969456,2.4516625
13398,1436608864136,0.52073884,9.93474,2.4516625
13399,1436608864137,0.5506664,9.907805,2.4480712
13400,1436608864173,0.55126494,9.929353,2.4372973
13401,1436608864174,0.53929394,9.91439,2.4642322
13402,1436608864190,0.5267244,9.934141,2.463035
13403,1436608864210,0.50996494,9.961076,2.4678235
13404,1436608864243,0.4782418,9.919178,2.4654293
13405,1436608864251,0.45489833,9.935339,2.4875755
13406,1436608864271,0.44232875,9.935339,2.4929626
13407,1436608864291,0.44592008,9.961675,2.456451
13408,1436608864310,0.4914099,9.957485,2.441487
13409,1436608864331,0.5566519,9.973646,2.445677
13410,1436608864353,0.60333884,10.024523,2.4468741
13411,1436608864371,0.60812724,10.024523,2.4863784
13412,1436608864393,0.5943606,10.038888,2.5007436
13413,1436608864413,0.5422867,10.039486,2.5103204
13414,1436608864431,0.5189432,10.014347,2.468422
13415,1436608864454,0.5117606,10.028113,2.4259248
13416,1436608864474,0.5021838,9.949704,2.4199393
13417,1436608864491,0.50637364,9.913791,2.396596
13418,1436608864512,0.51954174,9.943718,2.393603
13419,1436608864531,0.51834464,10.026319,2.3678656
13420,1436608864551,0.49081135,10.040684,2.3708582
13421,1436608864570,0.5057751,9.973646,2.3475149
13422,1436608864591,0.54408234,9.961675,2.3535004
13423,1436608864613,0.5781997,9.962872,2.3540988
13424,1436608864631,0.56682724,9.946711,2.369661
13425,1436608864657,0.56563014,9.92636,2.3570917
13426,1436608864672,0.54288524,9.950901,2.3493104
13427,1436608864691,0.5506664,9.916184,2.3786395
13428,1436608864711,0.5386954,9.91439,2.385822
13429,1436608864731,0.5141548,9.886856,2.4127567
13430,1436608864751,0.47405192,9.886856,2.3989902
13431,1436608864772,0.40701428,9.853337,2.4349031
13432,1436608864797,0.43275195,9.846753,2.4343045
13433,1436608864859,0.41599256,9.825205,2.4343045
13434,1436608864860,0.4261679,9.822811,2.4229321
13435,1436608864861,0.45190558,9.838373,2.428319
13436,1436608864871,0.47884035,9.901819,2.4528596
13437,1436608864894,0.48482585,9.894038,2.5252843
13438,1436608864913,0.45908818,9.91439,2.5474305
13439,1436608864931,0.41180268,9.952697,2.554613
13440,1436608864954,0.32800564,9.932944,2.533664
13441,1436608864971,0.30166942,9.933543,2.5019407
13442,1436608864992,0.28311434,9.911396,2.4983494
13443,1436608865013,0.29568392,9.864111,2.5103204
13444,1436608865032,0.3274071,9.846753,2.4917655
13445,1436608865053,0.36990416,9.913192,2.4905684
13446,1436608865076,0.40940848,9.940725,2.4690206
13447,1436608865094,0.4285621,9.959281,2.468422
13448,1436608865111,0.4309563,9.967062,2.4995465
13449,1436608865134,0.4165911,9.968259,2.473809
13450,1436608865154,0.40043023,9.962274,2.4624364
13451,1436608865175,0.40043023,9.945514,2.4271219
13452,1436608865193,0.38845924,9.958083,2.441487
13453,1436608865214,0.3633201,9.920973,2.5019407
13454,1436608865233,0.36631286,9.993997,2.461838
13455,1436608865256,0.39025488,10.011953,2.4408886
13456,1436608865275,0.43035775,10.006566,2.4247277
13457,1436608865296,0.5033809,10.052654,2.4187422
13458,1436608865316,0.58777654,10.04607,2.429516
13459,1436608865335,0.60573304,10.051457,2.4522612
13460,1436608865354,0.5847838,10.070012,2.4492683
13461,1436608865373,0.5590461,10.033501,2.4384944
13462,1436608865392,0.5315128,9.99639,2.3882163
13463,1436608865411,0.4830302,10.053253,2.3421278
13464,1436608865435,0.42437226,10.129269,2.331354
13465,1436608865457,0.38367084,10.097546,2.3702598
13466,1436608865478,0.3764882,10.144831,2.4193408
13467,1436608865493,0.27234045,10.204087,2.3870192
13468,1436608865513,0.21188685,10.234015,2.3840263
13469,1436608865566,0.19572599,10.189722,2.3744495
13470,1436608865567,0.21547815,10.065823,2.4037786
13471,1436608865583,0.31064767,9.985018,2.445677
13472,1436608865591,0.43514615,9.901819,2.4899697
13473,1436608865617,0.51714754,9.9473095,2.4528596
13474,1436608865633,0.5758055,9.915586,2.4642322
13475,1436608865652,0.61112,9.889849,2.460641
13476,1436608865675,0.6422446,9.831789,2.5121162
13477,1436608865693,0.6410475,9.809045,2.5198972
13478,1436608865715,0.62847793,9.770737,2.4947581
13479,1436608865734,0.6440403,9.750985,2.5240872
13480,1436608865754,0.5793968,9.807249,2.5677812
13481,1436608865772,0.5033809,9.835381,2.6024973
13482,1436608865796,0.51235914,9.945514,2.5558102
13483,1436608865815,0.62728083,9.900622,2.5995045
13484,1436608865832,0.7368156,9.890448,2.6426
13485,1436608865852,0.8343793,9.797073,2.6659436
13486,1436608865872,0.9020155,9.703101,2.6671407
13487,1436608865895,0.93254155,9.602545,2.6839
13488,1436608865915,0.8870517,9.566631,2.7132292
13489,1436608865934,0.8343793,9.593566,2.6856956
13490,1436608865956,0.78290397,9.621698,2.6479871
13491,1436608865972,0.75477207,9.657013,2.6449943
13492,1436608865995,0.76434886,9.726444,2.6240451
13493,1436608866015,0.8499416,9.782708,2.6240451
13494,1436608866038,0.9295488,9.830592,2.6246436
13495,1436608866057,0.95947635,9.840169,2.6270378
13496,1436608866072,0.96306765,9.831191,2.6048915
13497,1436608866092,0.93254155,9.79827,2.6001031
13498,1436608866112,0.866701,9.7863,2.5623944
13499,1436608866135,0.8050503,9.792285,2.5504234
13500,1436608866155,0.7386112,9.747394,2.5079262
13501,1436608866176,0.75118077,9.656414,2.5258827
13502,1436608866196,0.80325466,9.647436,2.5372553
13503,1436608866215,0.84096336,9.704897,2.5737667
13504,1436608866242,0.8499416,9.744401,2.5803509
13505,1436608866297,0.78888947,9.797672,2.5516205
13506,1436608866298,0.7625532,9.840768,2.5635915
13507,1436608866299,0.7404069,9.898827,2.5492263
13508,1436608866315,0.65660983,9.967062,2.528277
13509,1436608866336,0.5793968,10.027515,2.497751
13510,1436608866353,0.5518635,10.034698,2.4612393
13511,1436608866372,0.52073884,10.014347,2.4708161
13512,1436608866392,0.47165772,9.9928,2.4654293
13513,1436608866414,0.45010993,10.04607,2.4067712
13514,1436608866434,0.45549688,10.055647,2.4091654
13515,1436608866455,0.5033809,10.083779,2.372654
13516,1436608866473,0.55365914,10.042479,2.4259248
13517,1436608866498,0.5554548,10.030508,2.4319103
13518,1436608866516,0.46387658,10.088568,2.4019828
13519,1436608866536,0.31364042,10.071808,2.3720553
13520,1436608866555,0.2208651,10.072407,2.373851
13521,1436608866576,0.20111294,10.104729,2.3277626
13522,1436608866596,0.24899697,10.100538,2.3014264
13523,1436608866616,0.3345897,10.079589,2.3002293
13524,1436608866635,0.42197806,10.072407,2.3223755
13525,1436608866656,0.47105917,10.098145,2.3187842
13526,1436608866677,0.47345337,10.0987425,2.328361
13527,1436608866693,0.47345337,10.155605,2.2822728
13528,1436608866715,0.44472298,10.040684,2.2750902
13529,1436608866734,0.42437226,10.043077,2.255338
13530,1436608866756,0.3657143,10.02153,2.2218192
13531,1436608866805,0.34356794,10.011953,2.231396
13532,1436608866806,0.3429694,10.001778,2.2774844
13533,1436608866815,0.3226187,10.028712,2.3080103
13534,1436608866835,0.32202014,9.989806,2.3439236
13535,1436608866856,0.3752911,9.958083,2.3690627
13536,1436608866879,0.4165911,10.044274,2.2984335
13537,1436608866895,0.46327803,9.988609,2.296638
13538,1436608866917,0.5363012,9.951499,2.328361
13539,1436608866934,0.521936,9.965266,2.327164
13540,1436608866954,0.4866215,9.9790325,2.3343468
13541,1436608867006,0.46028528,9.988011,2.3331497
13542,1436608867007,0.44891283,9.965266,2.291251
13543,1436608867021,0.4285621,9.897031,2.3307555
13544,1436608867033,0.44651863,9.952697,2.3199813
13545,1436608867054,0.48003745,9.895236,2.3708582
13546,1436608867094,0.51834464,9.850943,2.319383
13547,1436608867095,0.56682724,9.884461,2.303222
13548,1436608867113,0.62009823,9.872491,2.303222
13549,1436608867133,0.6679823,9.8754835,2.3439236
13550,1436608867166,0.6811504,9.943718,2.344522
13551,1436608867175,0.6739678,9.96766,2.3852234
13552,1436608867194,0.6512229,9.991602,2.3822308
13553,1436608867214,0.6536171,9.924564,2.3511062
13554,1436608867236,0.66738373,9.92636,2.3253684
13555,1436608867256,0.682946,9.964069,2.273893
13556,1436608867276,0.6919243,9.959281,2.2900538
13557,1436608867296,0.7284359,9.964667,2.307412
13558,1436608867316,0.75477207,9.9790325,2.333748
13559,1436608867336,0.75477207,9.948506,2.379238
13560,1436608867356,0.75836337,9.930551,2.3636756
13561,1436608867376,0.7044938,9.950901,2.3517046
13562,1436608867396,0.64583594,9.966463,2.3397336
13563,1436608867417,0.6003461,10.006566,2.3535004
13564,1436608867434,0.54288524,10.059238,2.3301568
13565,1436608867456,0.53211135,10.051457,2.3540988
13566,1436608867473,0.5267244,10.02153,2.3415294
13567,1436608867493,0.46387658,10.011354,2.3708582
13568,1436608867513,0.42437226,9.966463,2.355296
13569,1436608867539,0.41240123,9.961076,2.3139958
13570,1436608867559,0.40761283,9.931747,2.2936451
13571,1436608867579,0.45669398,9.953295,2.3169887
13572,1436608867597,0.47764325,9.938332,2.3355439
13573,1436608867616,0.4866215,9.913791,2.3666685
13574,1436608867634,0.47465047,9.901819,2.405574
13575,1436608867655,0.4818331,9.895834,2.3822308
13576,1436608867676,0.45968673,9.946711,2.3702598
13577,1436608867693,0.4417302,10.007763,2.367267
13578,1436608867777,0.4225766,10.032902,2.3702598
13579,1436608867778,0.4201824,10.061633,2.3942018
13580,1436608867779,0.3788824,10.102334,2.349909
13581,1436608867780,0.29867667,10.0903635,2.3068132
13582,1436608867795,0.27234045,10.046669,2.2840683
13583,1436608867816,0.3184288,9.989806,2.2625206
13584,1436608867834,0.36631286,9.938332,2.2349873
13585,1436608867859,0.46866497,9.867104,2.2373815
13586,1436608867876,0.58657944,9.838972,2.2936451
13587,1436608867895,0.6937199,9.815628,2.336741
13588,1436608867914,0.7350199,9.866506,2.380435
13589,1436608867935,0.741604,9.934141,2.3750482
13590,1436608867954,0.7170634,9.969456,2.4187422
13591,1436608867977,0.7152678,10.022128,2.397793
13592,1436608867997,0.6619968,9.977237,2.368464
13593,1436608868017,0.6290765,9.960478,2.3026235
13594,1436608868036,0.61052144,9.954493,2.3122003
13595,1436608868057,0.57281274,9.949704,2.321777
13596,1436608868077,0.52852005,9.995792,2.3157916
13597,1436608868097,0.4950012,9.998186,2.3080103
13598,1436608868116,0.47764325,9.921572,2.355296
13599,1436608868137,0.47465047,9.903017,2.3678656
13600,1436608868156,0.48003745,9.923966,2.3750482
13601,1436608868175,0.44532153,9.951499,2.380435
13602,1436608868197,0.43634325,9.989806,2.3660698
13603,1436608868217,0.47884035,10.032902,2.3690627
13604,1436608868236,0.48722005,10.002377,2.381632
13605,1436608868255,0.4878186,9.972448,2.4199393
13606,1436608868277,0.48961425,9.967062,2.3714569
13607,1436608868297,0.49320555,9.955689,2.3427265
13608,1436608868317,0.49559975,10.022128,2.295441
13609,1436608868345,0.5303157,9.992201,2.3080103
13610,1436608868355,0.5734113,9.991602,2.3505075
13611,1436608868374,0.6003461,9.994595,2.343325
13612,1436608868394,0.59017074,9.974843,2.3678656
13613,1436608868415,0.5955577,9.972448,2.3546975
13614,1436608868435,0.58777654,9.946113,2.3666685
13615,1436608868460,0.57161564,9.914988,2.3582888
13616,1436608868487,0.55605334,9.964667,2.3702598
13617,1436608868498,0.50158525,9.959281,2.368464
13618,1436608868514,0.49081135,9.987412,2.373851
13619,1436608868535,0.4417302,9.982624,2.3834279
13620,1436608868555,0.43275195,9.987412,2.393603
13621,1436608868575,0.48482585,9.991602,2.3235726
13622,1436608868598,0.57281274,10.007763,2.28347
13623,1436608868614,0.7266402,10.061034,2.1948843
13624,1436608868635,0.9211691,10.095152,2.1589713
13625,1436608868655,1.0552444,10.0508585,2.2056582
13626,1436608868676,1.1671734,9.904813,2.3732524
13627,1436608868695,1.1701661,9.81503,2.475006
13628,1436608868718,1.0313023,9.846154,2.4343045
13629,1436608868735,0.79846627,9.835381,2.368464
13630,1436608868758,0.5315128,9.856929,2.327164
13631,1436608868776,0.33279404,9.888053,2.3995886
13632,1436608868798,0.079008654,9.947908,2.408567
13633,1436608868818,-0.108337626,10.011354,2.336741
13634,1436608868838,-0.06823475,10.044274,2.2577322
13635,1436608868858,0.10594343,10.1143055,2.2140381
13636,1436608868878,0.29927522,10.055049,2.2337902
13637,1436608868896,0.4997896,9.979631,2.256535
13638,1436608868918,0.682946,9.91798,2.2643163
13639,1436608868938,0.84335756,9.931747,2.2278047
13640,1436608868958,1.0241197,9.974244,2.1942859
13641,1436608868978,1.1911154,10.014946,2.2385786
13642,1436608868997,1.2689269,9.8683,2.3600843
13643,1436608869017,1.2180501,9.842564,2.4486697
13644,1436608869038,1.0564415,9.864111,2.421735
13645,1436608869061,0.81163436,9.93893,2.3511062
13646,1436608869081,0.52971715,9.946711,2.3211784
13647,1436608869096,0.33039984,9.920973,2.3469162
13648,1436608869117,0.16280572,9.937134,2.331354
13649,1436608869136,0.06344634,9.985018,2.2439656
13650,1436608869163,0.09876082,10.047267,2.1416135
13651,1436608869230,0.20410569,10.09156,2.1739352
13652,1436608869231,0.3669114,10.04607,2.2667105
13653,1436608869236,0.4213795,10.001179,2.3451207
13654,1436608869237,0.5410896,9.916783,2.3139958
13655,1436608869255,0.62129533,9.901221,2.3157916
13656,1436608869275,0.717662,9.876082,2.3259668
13657,1436608869295,0.81163436,9.970653,2.2720973
13658,1436608869318,0.86969376,10.040085,2.2786815
13659,1436608869336,0.93014735,9.995792,2.3558946
13660,1436608869356,0.9540894,9.9473095,2.408567
13661,1436608869376,0.94211835,10.014946,2.356493
13662,1436608869396,0.8230068,10.035296,2.315193
13663,1436608869418,0.65541273,9.962274,2.3331497
13664,1436608869438,0.4973954,9.914988,2.3253684
13665,1436608869458,0.37708676,9.886257,2.3361423
13666,1436608869478,0.29388827,9.914988,2.260725
13667,1436608869498,0.25977087,9.9550905,2.268506
13668,1436608869518,0.28670564,9.970055,2.303222
13669,1436608869539,0.3597288,9.976639,2.3050177
13670,1436608869558,0.4818331,9.988011,2.307412
13671,1436608869579,0.59017074,10.012551,2.3169887
13672,1436608869598,0.7068881,10.013748,2.2906525
13673,1436608869617,0.7751228,9.965864,2.3026235
13674,1436608869638,0.7846996,9.994595,2.3157916
13675,1436608869659,0.7326257,10.026319,2.291251
13676,1436608869676,0.6979098,10.067019,2.2619221
13677,1436608869697,0.6500258,9.980828,2.2828712
13678,1436608869715,0.57879823,9.950302,2.3277626
13679,1436608869739,0.5303157,9.910798,2.3008277
13680,1436608869761,0.50278234,9.939528,2.280477
13681,1436608869781,0.50637364,9.97604,2.291251
13682,1436608869799,0.52373165,9.96766,2.295441
13683,1436608869816,0.55246204,9.946711,2.3475149
13684,1436608869838,0.5542577,9.998785,2.3523033
13685,1436608869857,0.54168814,9.954493,2.3463178
13686,1436608869878,0.5434838,9.949105,2.3535004
13687,1436608869896,0.54647654,9.928156,2.3343468
13688,1436608869947,0.53929394,9.929353,2.3295584
13689,1436608869948,0.58418524,9.964069,2.2984335
13690,1436608869962,0.6799533,10.041881,2.3068132
13691,1436608869977,0.7146692,10.09156,2.3469162
13692,1436608869997,0.7404069,10.035296,2.3720553
13693,1436608870016,0.7763199,10.022727,2.3648727
13694,1436608870037,0.79008657,9.962872,2.3211784
13695,1436608870061,0.7769185,9.940127,2.2583308
13696,1436608870077,0.7637503,9.894637,2.2493525
13697,1436608870100,0.7374141,9.87668,2.2589293
13698,1436608870117,0.7080852,9.880871,2.2649148
13699,1436608870137,0.6338649,9.931149,2.3211784
13700,1436608870157,0.58538234,9.964069,2.3403323
13701,1436608870179,0.5554548,9.991602,2.3642743
13702,1436608870199,0.49320555,10.040684,2.3630772
13703,1436608870219,0.44891283,10.087969,2.3265655
13704,1436608870239,0.43035775,10.059837,2.3343468
13705,1436608870260,0.42078096,10.052056,2.360683
13706,1436608870278,0.42078096,10.01734,2.3864205
13707,1436608870299,0.42197806,10.02153,2.3708582
13708,1436608870319,0.45370123,9.988011,2.3343468
13709,1436608870339,0.5057751,9.942521,2.3427265
13710,1436608870357,0.55485624,9.900024,2.3702598
13711,1436608870378,0.5530606,9.930551,2.303222
13712,1436608870399,0.58119243,9.917382,2.2661119
13713,1436608870422,0.6398504,9.861118,2.2882583
13714,1436608870437,0.66738373,9.884461,2.3050177
13715,1436608870457,0.6871359,9.8198185,2.369661
13716,1436608870479,0.5955577,9.85214,2.373851
13717,1436608870499,0.47345337,9.901819,2.3546975
13718,1436608870519,0.3878607,9.884461,2.2720973
13719,1436608870539,0.38606504,9.898229,2.2613235
13720,1436608870557,0.4369418,9.967062,2.2864625
13721,1436608870578,0.44532153,9.991004,2.2703018
13722,1436608870598,0.4866215,9.992201,2.2266076
13723,1436608870617,0.56084174,9.98442,2.2547395
13724,1436608870647,0.58897364,9.994595,2.2619221
13725,1436608870710,0.6075287,10.007763,2.3014264
13726,1436608870711,0.57999533,10.080188,2.315193
13727,1436608870712,0.52133745,10.085575,2.3517046
13728,1436608870721,0.4758476,10.110115,2.4199393
13729,1436608870737,0.31902736,10.148422,2.417545
13730,1436608870758,0.1921347,9.949105,2.4181437
13731,1436608870777,0.18555063,9.949105,2.4103625
13732,1436608870801,0.18614918,9.886856,2.4582467
13733,1436608870816,0.22685061,9.904813,2.4504654
13734,1436608870837,0.21188685,9.986814,2.4666264
13735,1436608870857,0.088585466,10.0029745,2.4702177
13736,1436608870878,0.01316811,9.940127,2.4929626
13737,1436608870900,-0.02633622,10.060435,2.493561
13738,1436608870920,-0.15083471,10.155605,2.4450784
13739,1436608870940,-0.23343466,9.910798,2.44029
13740,1436608870960,-0.142455,9.911995,2.3247697
13741,1436608870980,0.08619126,10.042479,2.1637597
13742,1436608871000,0.31184477,10.009559,2.1242554
13743,1436608871020,0.65780693,9.957485,2.2409728
13744,1436608871039,1.0420763,9.929353,2.3906105
13745,1436608871057,1.271321,9.98442,2.4139538
13746,1436608871078,1.2479776,9.9473095,2.4049757
13747,1436608871103,1.2132617,9.969456,2.3582888
13748,1436608871118,1.1773487,9.909002,2.3062148
13749,1436608871143,1.2066777,9.84795,2.268506
13750,1436608871163,1.151611,9.77373,2.273893
13751,1436608871182,1.0869676,9.818622,2.2337902
13752,1436608871200,1.0235212,9.874885,2.1871033
13753,1436608871217,0.96785605,9.91439,2.1170728
13754,1436608871237,0.92416185,9.835979,2.178125
13755,1436608871257,0.96905315,9.96347,2.1894975
13756,1436608871283,0.9911995,9.995792,2.2098482
13757,1436608871297,0.9720459,9.98442,2.2535424
13758,1436608871323,0.9840169,10.092757,2.236783
13759,1436608871340,0.9864111,10.1065235,2.147599
13760,1436608871364,0.9923966,9.945514,2.19249
13761,1436608871422,1.0570401,9.837176,2.1948843
13762,1436608871423,1.1007342,9.831789,2.1511903
13763,1436608871435,1.1605892,9.886856,2.099715
13764,1436608871437,1.2096704,9.81084,2.0913353
13765,1436608871458,1.3221979,9.69113,2.160767
13766,1436608871479,1.4335283,9.570223,2.2110453
13767,1436608871497,1.5580268,9.602545,2.1601684
13768,1436608871519,1.7136499,9.646837,2.0679917
13769,1436608871537,1.9303252,9.674969,1.9662381
13770,1436608871557,2.1823149,9.583391,2.100912
13771,1436608871583,2.285864,9.609129,2.3187842
13772,1436608871598,2.1206641,9.7719345,2.4546554
13773,1436608871618,1.6118963,9.983821,2.5079262
13774,1436608871640,1.0720038,10.514735,2.4025815
13775,1436608871661,0.56922144,10.825981,2.3714569
13776,1436608871679,0.12868834,10.947487,2.3942018
13777,1436608871700,-0.3597288,10.64043,2.4720132
13778,1436608871723,-0.7517793,10.095152,2.4732103
13779,1436608871739,-0.95708215,9.7402115,2.3002293
13780,1436608871760,-0.87208796,9.448118,2.1865046
13781,1436608871781,-0.61650693,9.3733,2.1888988
13782,1436608871798,-0.19632454,9.479243,2.2697031
13783,1436608871818,0.23702596,9.798869,2.3630772
13784,1436608871841,0.57879823,10.008362,2.5187001
13785,1436608871861,0.91219085,10.065823,2.6874914
13786,1436608871878,1.1803415,10.140042,2.7443538
13787,1436608871898,1.2042835,10.122087,2.7670987
13788,1436608871920,1.0145429,10.102933,2.6030958
13789,1436608871940,0.7565677,9.932345,2.461838
13790,1436608871960,0.53091425,9.8198185,2.3157916
13791,1436608871981,0.3489549,9.801263,2.1948843
13792,1436608872001,0.24600422,9.832987,2.1529858
13793,1436608872021,0.14065935,9.861118,2.2170308
13794,1436608872039,0.1400608,9.934141,2.3540988
13795,1436608872060,0.21188685,9.969456,2.4462755
13796,1436608872142,0.20709845,10.041881,2.5001452
13797,1436608872143,0.25977087,10.070611,2.493561
13798,1436608872144,0.29448682,10.113707,2.4648306
13799,1436608872145,0.41359833,10.01734,2.4863784
13800,1436608872159,0.52133745,9.958083,2.5073278
13801,1436608872178,0.58897364,9.986216,2.4678235
13802,1436608872202,0.5374983,9.985617,2.4498668
13803,1436608872218,0.4285621,9.962872,2.4768016
13804,1436608872239,0.39264908,9.996989,2.4498668
13805,1436608872260,0.42676646,10.05445,2.3834279
13806,1436608872278,0.46806642,9.983821,2.384625
13807,1436608872299,0.52852005,9.909601,2.392406
13808,1436608872321,0.5686229,9.89763,2.428319
13809,1436608872339,0.57520694,9.908403,2.4450784
13810,1436608872360,0.56682724,9.932944,2.4349031
13811,1436608872380,0.48243165,9.931149,2.4474726
13812,1436608872401,0.39384618,9.991602,2.4540567
13813,1436608872421,0.35194764,9.973047,2.4241292
13814,1436608872440,0.41060558,9.89763,2.4259248
13815,1436608872461,0.52732295,9.812037,2.4797945
13816,1436608872481,0.61650693,9.818023,2.4971523
13817,1436608872501,0.6871359,9.772532,2.469619
13818,1436608872521,0.79128367,9.774328,2.4372973
13819,1436608872540,0.8888474,9.849746,2.4319103
13820,1436608872564,0.88405895,9.89344,2.4229321
13821,1436608872581,0.86370826,9.920973,2.404377
13822,1436608872604,0.7846996,9.911396,2.4121583
13823,1436608872619,0.6835446,9.856929,2.4534583
13824,1436608872644,0.5823896,9.907207,2.4355016
13825,1436608872661,0.5189432,9.933543,2.4271219
13826,1436608872679,0.5434838,9.961076,2.4025815
13827,1436608872699,0.5931635,9.999383,2.3540988
13828,1436608872719,0.65242,9.913192,2.4265234
13829,1436608872740,0.6428431,9.970055,2.4145525
13830,1436608872760,0.5955577,10.004171,2.3762453
13831,1436608872779,0.6171055,9.934141,2.3475149
13832,1436608872799,0.6218939,9.938332,2.337938
13833,1436608872830,0.6751649,9.951499,2.3403323
13834,1436608872891,0.6991069,9.964667,2.3373394
13835,1436608872892,0.74998367,9.972448,2.331354
13836,1436608872893,0.8038532,9.967062,2.3594859
13837,1436608872900,0.87807345,9.979631,2.3505075
13838,1436608872930,0.92296475,9.906608,2.3558946
13839,1436608872940,0.8996213,9.892841,2.3295584
13840,1436608872961,0.83258367,9.888652,2.3517046
13841,1436608872979,0.7224504,9.89763,2.3834279
13842,1436608873000,0.57400984,9.917382,2.3594859
13843,1436608873020,0.5117606,10.003573,2.3229742
13844,1436608873040,0.46746787,9.978435,2.3570917
13845,1436608873061,0.4890157,9.955689,2.3636756
13846,1436608873081,0.54288524,9.965864,2.332551
13847,1436608873101,0.60214174,9.975441,2.3343468
13848,1436608873119,0.6793547,9.97604,2.297835
13849,1436608873140,0.7733272,10.023924,2.2439656
13850,1436608873160,0.78769237,9.961675,2.2385786
13851,1436608873182,0.7835025,9.871294,2.2691047
13852,1436608873202,0.74998367,9.813833,2.3002293
13853,1436608873222,0.7152678,9.8437605,2.2762873
13854,1436608873240,0.6691794,9.943718,2.2451627
13855,1436608873260,0.6745663,10.030508,2.3241713
13856,1436608873282,0.6811504,10.081385,2.3810337
13857,1436608873300,0.6901286,10.080787,2.4396915
13858,1436608873322,0.641646,10.121488,2.4408886
13859,1436608873342,0.5793968,10.125677,2.3894134
13860,1436608873362,0.4973954,10.073604,2.3636756
13861,1436608873382,0.42437226,10.024523,2.3259668
13862,1436608873402,0.3890578,9.955689,2.3187842
13863,1436608873423,0.362123,9.894038,2.3116016
13864,1436608873439,0.3657143,9.900622,2.2810757
13865,1436608873462,0.39205053,9.978435,2.2469583
13866,1436608873483,0.47225627,9.983223,2.2882583
13867,1436608873503,0.599149,9.993997,2.3175871
13868,1436608873522,0.6757634,9.967062,2.3331497
13869,1436608873545,0.7703344,9.968858,2.3481133
13870,1436608873616,0.8858546,9.94312,2.3636756
13871,1436608873636,0.92895025,9.953295,2.3247697
13872,1436608873639,0.88525605,9.974843,2.3421278
13873,1436608873640,0.8158242,9.985617,2.3427265
13874,1436608873641,0.7194576,10.019135,2.2900538
13875,1436608873659,0.6560113,9.969456,2.285864
13876,1436608873680,0.62249243,9.921572,2.2996306
13877,1436608873699,0.56982,9.965266,2.2840683
13878,1436608873736,0.54168814,9.988609,2.2894554
13879,1436608873739,0.52253455,9.959281,2.3038206
13880,1436608873759,0.50278234,9.975441,2.3295584
13881,1436608873779,0.4770447,9.961675,2.3415294
13882,1436608873800,0.504578,9.927557,2.3181858
13883,1436608873820,0.5662287,9.980828,2.3391352
13884,1436608873843,0.6326678,9.9473095,2.3397336
13885,1436608873863,0.6907272,9.967062,2.3642743
13886,1436608873883,0.7302315,10.01315,2.3463178
13887,1436608873903,0.7134721,10.071808,2.3026235
13888,1436608873923,0.6775591,10.070611,2.2744915
13889,1436608873940,0.6356605,10.014347,2.2631192
13890,1436608873963,0.6410475,10.008362,2.2601264
13891,1436608873983,0.6727707,9.997588,2.2182279
13892,1436608874001,0.7104794,9.980229,2.212841
13893,1436608874020,0.7344214,9.950901,2.2331917
13894,1436608874040,0.7404069,9.953295,2.2583308
13895,1436608874062,0.7015011,9.986814,2.2774844
13896,1436608874081,0.65541273,10.012551,2.2559366
13897,1436608874102,0.5919664,10.075399,2.2517467
13898,1436608874120,0.5674258,10.073604,2.2505496
13899,1436608874141,0.4997896,10.041881,2.3104045
13900,1436608874163,0.41359833,10.031107,2.3122003
13901,1436608874183,0.39384618,9.980828,2.3008277
13902,1436608874202,0.4225766,9.974843,2.285864
13903,1436608874223,0.46926352,9.966463,2.2619221
13904,1436608874241,0.49679685,9.952697,2.2786815
13905,1436608874262,0.52971715,9.950302,2.2888567
13906,1436608874352,0.533907,9.983223,2.2870612
13907,1436608874353,0.52732295,9.982025,2.28347
13908,1436608874354,0.48123455,9.992201,2.296638
13909,1436608874355,0.44532153,9.985617,2.3050177
13910,1436608874367,0.4237737,9.9712515,2.3157916
13911,1436608874382,0.39923313,9.933543,2.3080103
13912,1436608874402,0.40521863,9.953894,2.284667
13913,1436608874420,0.41180268,9.92636,2.2996306
13914,1436608874441,0.44891283,9.93893,2.2900538
13915,1436608874461,0.49919105,9.929952,2.2972364
13916,1436608874486,0.5422867,9.961076,2.273893
13917,1436608874501,0.5931635,9.985018,2.2679076
13918,1436608874522,0.6344634,9.934141,2.2643163
13919,1436608874541,0.66139823,9.916783,2.2828712
13920,1436608874561,0.6913257,9.915586,2.2649148
13921,1436608874583,0.6895301,9.918579,2.2720973
13922,1436608874601,0.6853402,9.927557,2.2535424
13923,1436608874623,0.7146692,9.94312,2.2768857
13924,1436608874643,0.6751649,9.966463,2.328361
13925,1436608874661,0.64703304,9.986814,2.3319526
13926,1436608874681,0.6440403,10.0341,2.304419
13927,1436608874704,0.62608373,10.000581,2.3403323
13928,1436608874721,0.62488663,10.009559,2.319383
13929,1436608874747,0.6194997,10.055647,2.307412
13930,1436608874761,0.61890113,9.973047,2.3014264
13931,1436608874783,0.6607997,9.964069,2.3002293
13932,1436608874804,0.7260417,9.9473095,2.307412
13933,1436608874821,0.7146692,9.90601,2.280477
13934,1436608874844,0.7170634,9.916184,2.2427685
13935,1436608874862,0.75237787,9.884461,2.271499
13936,1436608874883,0.8391677,9.892242,2.3050177
13937,1436608874903,0.8798691,9.908403,2.3104045
13938,1436608874924,0.93972415,9.909002,2.3092074
13939,1436608874942,0.98102415,9.974843,2.2990322
13940,1436608874962,0.9864111,9.964667,2.2852654
13941,1436608874982,0.9828198,9.926959,2.2882583
13942,1436608875010,0.93493575,9.930551,2.3127987
13943,1436608875115,0.8798691,9.92636,2.2972364
13944,1436608875116,0.82779527,9.950302,2.2780828
13945,1436608875117,0.7763199,9.919776,2.2930467
13946,1436608875118,0.729633,9.947908,2.3122003
13947,1436608875119,0.6997054,9.970055,2.3511062
13948,1436608875129,0.6548142,9.956287,2.3888147
13949,1436608875141,0.66379243,9.97604,2.393603
13950,1436608875161,0.6290765,9.976639,2.3768437
13951,1436608875182,0.6398504,9.965864,2.384625
13952,1436608875204,0.6715736,9.952098,2.3756466
13953,1436608875221,0.6925228,9.9550905,2.3600843
13954,1436608875242,0.6919243,9.900622,2.355296
13955,1436608875262,0.6937199,9.876082,2.3331497
13956,1436608875281,0.6769605,9.904214,2.3331497
13957,1436608875303,0.6919243,9.877279,2.3666685
13958,1436608875324,0.6853402,9.902418,2.3780408
13959,1436608875343,0.7032967,9.914988,2.4157495
13960,1436608875364,0.729633,9.930551,2.4498668
13961,1436608875415,0.7529764,10.00896,2.4522612
13962,1436608875416,0.7673417,10.071808,2.4355016
13963,1436608875423,0.7038953,10.05445,2.3995886
13964,1436608875441,0.6015432,10.03769,2.380435
13965,1436608875461,0.5129577,9.986814,2.2744915
13966,1436608875481,0.44472298,9.869498,2.2900538
13967,1436608875502,0.42078096,9.818622,2.3463178
13968,1436608875522,0.41120413,9.85214,2.4121583
13969,1436608875544,0.4261679,9.884461,2.4498668
13970,1436608875564,0.40821138,9.932944,2.4839842
13971,1436608875584,0.43035775,9.980828,2.4426842
13972,1436608875601,0.44831428,9.965266,2.4672248
13973,1436608875622,0.43754035,9.958083,2.4588451
13974,1436608875643,0.4309563,9.940725,2.4468741
13975,1436608875661,0.43155485,9.946711,2.432509
13976,1436608875685,0.39085343,9.92636,2.4432828
13977,1436608875705,0.38726214,9.94312,2.4384944
13978,1436608875727,0.4429273,9.912594,2.4390929
13979,1436608875742,0.5231331,9.907805,2.4420857
13980,1436608875761,0.6206968,9.927557,2.4199393
13981,1436608875815,0.6865373,9.950302,2.4540567
13982,1436608875816,0.6961141,9.976639,2.4468741
13983,1436608875822,0.6739678,9.966463,2.420538
13984,1436608875842,0.62009823,9.888053,2.409764
13985,1436608875861,0.5602432,9.898229,2.4301147
13986,1436608875882,0.4985925,9.909002,2.405574
13987,1436608875901,0.45609543,9.914988,2.4193408
13988,1436608875953,0.41838676,9.9473095,2.4528596
13989,1436608875972,0.40043023,10.017939,2.457648
13990,1436608875973,0.45370123,10.002377,2.4714148
13991,1436608875986,0.4985925,10.034698,2.4660277
13992,1436608876002,0.53809685,10.0508585,2.445677
13993,1436608876020,0.53929394,9.983223,2.3870192
13994,1436608876040,0.54647654,9.903615,2.3229742
13995,1436608876060,0.55126494,9.832987,2.3080103
13996,1436608876080,0.521936,9.8437605,2.3409307
13997,1436608876100,0.516549,9.909601,2.4109612
13998,1436608876120,0.5141548,9.955689,2.457648
13999,1436608876141,0.45310268,10.043077,2.4612393
14000,1436608876160,0.40581718,10.033501,2.4642322
14001,1436608876180,0.35075054,10.011953,2.4642322
14002,1436608876200,0.30945057,9.999383,2.420538
14003,1436608876220,0.25198972,9.964069,2.3953989
14004,1436608876240,0.23403321,9.9473095,2.3864205
14005,1436608876261,0.2801216,9.980229,2.3828292
14006,1436608876281,0.3573346,9.970055,2.396596
14007,1436608876301,0.41060558,9.968259,2.4145525
14008,1436608876321,0.52073884,9.956886,2.4289176
14009,1436608876341,0.587178,9.983223,2.3948002
14010,1436608876364,0.682946,10.0029745,2.4229321
14011,1436608876385,0.7326257,9.966463,2.433706
14012,1436608876402,0.7422025,9.910798,2.4253263
14013,1436608876424,0.712275,9.862315,2.3906105
14014,1436608876444,0.66498953,9.812635,2.3971944
14015,1436608876465,0.62009823,9.838373,2.3511062
14016,1436608876482,0.60573304,9.884461,2.3732524
14017,1436608876514,0.56563014,9.999383,2.4211364
14018,1436608876531,0.5117606,10.053253,2.4115596
14019,1436608876545,0.46986207,10.059837,2.3864205
14020,1436608876562,0.46208093,10.090961,2.3612814
14021,1436608876582,0.46387658,10.040085,2.3523033
14022,1436608876601,0.47644615,9.987412,2.3211784
14023,1436608876625,0.5021838,9.979631,2.2882583
14024,1436608876642,0.5141548,9.974244,2.3104045
14025,1436608876664,0.5506664,9.93474,2.3469162
14026,1436608876683,0.5955577,9.957485,2.3756466
14027,1436608876705,0.63206923,9.961076,2.4265234
14028,1436608876721,0.6667852,10.059837,2.4091654
14029,1436608876742,0.7290344,10.173561,2.4372973
14030,1436608876766,0.7308301,10.216059,2.4420857
14031,1436608876807,0.79008657,10.123882,2.4833858
14032,1436608876808,0.79128367,9.974244,2.565387
14033,1436608876826,0.7308301,9.882068,2.5169046
14034,1436608876845,0.55844754,9.807847,2.4331074
14035,1436608876865,0.38965634,9.764751,2.3570917
14036,1436608876883,0.28431144,9.782708,2.35769
14037,1436608876905,0.21906945,9.830592,2.3636756
14038,1436608876924,0.22505496,9.842564,2.372654
14039,1436608876943,0.34596214,9.974843,2.3493104
14040,1436608876962,0.49320555,10.055049,2.3385365
14041,1436608876983,0.66259533,10.035296,2.3708582
14042,1436608877005,0.82240826,10.019135,2.44029
14043,1436608877025,0.842759,10.006566,2.4390929
14044,1436608877045,0.8122329,9.993997,2.4372973
14045,1436608877072,0.7811083,9.937134,2.4462755
14046,1436608877087,0.7625532,9.898827,2.4797945
14047,1436608877108,0.7679402,9.814431,2.508525
14048,1436608877125,0.7673417,9.761759,2.463035
14049,1436608877144,0.78050977,9.771336,2.409764
14050,1436608877197,0.7787141,9.807847,2.4265234
14051,1436608877198,0.81163436,9.861118,2.4169466
14052,1436608877210,0.8523358,9.928755,2.4289176
14053,1436608877223,0.90740246,9.940725,2.445677
14054,1436608877246,0.95588505,9.890448,2.4774003
14055,1436608877265,0.96785605,9.886257,2.475006
14056,1436608877284,0.9391256,9.894038,2.4779987
14057,1436608877306,0.85652566,9.84795,2.5192988
14058,1436608877323,0.7380127,9.864111,2.5438392
14059,1436608877343,0.6901286,9.779117,2.570774
14060,1436608877363,0.6727707,9.809643,2.5480292
14061,1436608877385,0.6326678,9.797672,2.546832
14062,1436608877403,0.6937199,9.812635,2.5145104
14063,1436608877426,0.7230489,9.806051,2.4648306
14064,1436608877445,0.75237787,9.791686,2.416348
14065,1436608877465,0.7906851,9.877279,2.4025815
14066,1436608877485,0.81043726,9.920375,2.4690206
14067,1436608877505,0.83737206,10.026319,2.5474305
14068,1436608877527,0.86610246,9.9712515,2.6168625
14069,1436608877545,0.93732995,9.907207,2.6737247
14070,1436608877565,0.9552865,9.853935,2.654571
14071,1436608877585,0.9223662,9.811439,2.6162639
14072,1436608877606,0.7966706,9.824008,2.5719712
14073,1436608877626,0.6853402,9.792285,2.6030958
14074,1436608877645,0.6512229,9.82341,2.5953147
14075,1436608877666,0.6254852,9.837176,2.5647886
14076,1436608877685,0.64942724,9.85633,2.552219
14077,1436608877705,0.66379243,9.883265,2.5528176
14078,1436608877727,0.7080852,9.922769,2.5510218
14079,1436608877745,0.700304,9.948506,2.565387
14080,1436608877766,0.694917,9.958682,2.5893292
14081,1436608877789,0.6440403,9.968259,2.5713725
14082,1436608877804,0.6422446,9.998186,2.558803
14083,1436608877824,0.62488663,9.96347,2.5689783
14084,1436608877853,0.5967548,9.916783,2.5600002
14085,1436608877927,0.5835867,9.900024,2.5839422
14086,1436608877928,0.6099229,9.902418,2.5528176
14087,1436608877929,0.6147113,9.940725,2.5462334
14088,1436608877930,0.6159084,9.872491,2.5767596
14089,1436608877944,0.6374562,9.877279,2.5677812
14090,1436608877965,0.6500258,9.889849,2.5420437
14091,1436608877983,0.6476316,9.902418,2.532467
14092,1436608878008,0.60812724,9.894038,2.5600002
14093,1436608878028,0.57640404,9.894038,2.557606
14094,1436608878053,0.56922144,9.915586,2.5725696
14095,1436608878064,0.5674258,9.928156,2.5677812
14096,1436608878089,0.6242881,9.944317,2.585738
14097,1436608878104,0.6733692,9.989806,2.5851393
14098,1436608878126,0.7254431,9.958682,2.5983074
14099,1436608878146,0.7398083,9.898229,2.5905263
14100,1436608878166,0.76195467,9.900024,2.5438392
14101,1436608878186,0.7835025,9.925761,2.5384524
14102,1436608878206,0.79726917,9.9233675,2.5474305
14103,1436608878226,0.78290397,9.910199,2.5504234
14104,1436608878245,0.7811083,9.891046,2.586935
14105,1436608878266,0.80086046,9.828796,2.5929205
14106,1436608878286,0.78529817,9.812037,2.558803
14107,1436608878307,0.79008657,9.824008,2.5923219
14108,1436608878326,0.7811083,9.874885,2.5773582
14109,1436608878346,0.85652566,9.934141,2.581548
14110,1436608878366,0.8882488,9.896433,2.5791538
14111,1436608878386,0.8984242,9.849746,2.5516205
14112,1436608878406,0.87687635,9.803658,2.542642
14113,1436608878429,0.8559271,9.776723,2.498948
14114,1436608878449,0.8643068,9.770139,2.4672248
14115,1436608878469,0.8924387,9.762358,2.4762032
14116,1436608878486,0.91338795,9.715072,2.5115175
14117,1436608878504,0.9672575,9.714474,2.52289
14118,1436608878525,0.96665895,9.779716,2.528277
14119,1436608878547,0.93732995,9.77373,2.508525
14120,1436608878565,0.92416185,9.785102,2.5007436
14121,1436608878584,0.9271546,9.830592,2.5013423
14122,1436608878639,0.9259575,9.834782,2.509722
14123,1436608878640,0.908001,9.833585,2.5115175
14124,1436608878656,0.86610246,9.904813,2.475006
14125,1436608878664,0.7870938,9.910798,2.4396915
14126,1436608878688,0.7230489,9.897031,2.4115596
14127,1436608878706,0.6751649,9.894038,2.3870192
14128,1436608878726,0.7236475,9.866506,2.2493525
14129,1436608878746,0.8571242,10.192716,2.2505496
14130,1436608878766,0.7942764,10.039486,2.5570073
14131,1436608878785,0.7104794,9.887454,2.5234885
14132,1436608878806,0.6428431,9.922769,2.5372553
14133,1436608878827,0.2789245,9.888053,2.4899697
14134,1436608878845,0.15322891,9.976639,2.2756886
14135,1436608878868,0.2220622,9.97185,2.3175871
14136,1436608878888,0.21667525,9.885659,2.4480712
14137,1436608878908,0.03232172,9.926959,2.4181437
14138,1436608878928,-0.10295067,9.987412,2.3888147
14139,1436608878947,-0.110731825,10.035895,2.384625
14140,1436608878964,-0.074818805,10.120291,2.384625
14141,1436608878985,-0.020350715,10.155605,2.4019828
14142,1436608879007,0.0005985504,10.098145,2.4540567
14143,1436608879030,0.005985504,10.035895,2.4438813
14144,1436608879049,0.012569559,10.071808,2.3762453
14145,1436608879064,0.012569559,10.0341,2.3349452
14146,1436608879089,0.04249708,10.078392,2.3133974
14147,1436608879104,0.09935937,10.087969,2.333748
14148,1436608879129,0.15981296,10.067618,2.3427265
14149,1436608879147,0.22625206,10.043676,2.3540988
14150,1436608879166,0.2813187,10.026319,2.3080103
14151,1436608879186,0.29987377,10.063428,2.2882583
14152,1436608879206,0.25797522,10.076596,2.2750902
14153,1436608879229,0.18555063,10.09994,2.2918496
14154,1436608879250,0.14185645,10.0748005,2.3187842
14155,1436608879270,0.077811554,10.059238,2.296638
14156,1436608879287,0.06703765,10.0748005,2.2960393
14157,1436608879306,0.0676362,10.018537,2.3110032
14158,1436608879390,0.12928689,9.989208,2.3349452
14159,1436608879391,0.18076223,10.02153,2.3427265
14160,1436608879392,0.25198972,10.057443,2.3133974
14161,1436608879393,0.28311434,10.105926,2.3307555
14162,1436608879409,0.25258827,10.080787,2.3558946
14163,1436608879425,0.23882163,10.00477,2.380435
14164,1436608879445,0.24600422,9.946711,2.360683
14165,1436608879465,0.27952304,9.901819,2.3373394
14166,1436608879493,0.36032736,9.883265,2.3068132
14167,1436608879512,0.39264908,9.89344,2.3301568
14168,1436608879525,0.4818331,9.958083,2.3265655
14169,1436608879545,0.5662287,9.93893,2.3971944
14170,1436608879567,0.6278794,9.904813,2.421735
14171,1436608879587,0.6015432,9.943718,2.4277205
14172,1436608879608,0.52253455,9.935339,2.391209
14173,1436608879628,0.46746787,9.87668,2.380435
14174,1436608879648,0.44592008,9.81922,2.3870192
14175,1436608879668,0.43993455,9.824008,2.367267
14176,1436608879687,0.42197806,9.831789,2.3798366
14177,1436608879708,0.3890578,9.939528,2.372654
14178,1436608879728,0.3842694,9.973047,2.4049757
14179,1436608879746,0.3878607,9.941922,2.44029
14180,1436608879766,0.38606504,9.995792,2.4265234
14181,1436608879786,0.37110126,9.998785,2.4301147
14182,1436608879808,0.36511576,10.025121,2.3930047
14183,1436608879827,0.3226187,10.029909,2.4133554
14184,1436608879868,0.3321955,9.953894,2.4420857
14185,1436608879869,0.3776853,9.913791,2.429516
14186,1436608879901,0.35553896,9.904214,2.416348
14187,1436608879906,0.3286042,9.874885,2.3983915
14188,1436608879927,0.3369839,9.907207,2.3666685
14189,1436608879945,0.39145198,9.911995,2.3570917
14190,1436608879966,0.46866497,9.922769,2.3942018
14191,1436608879985,0.4997896,9.924564,2.3942018
14192,1436608880008,0.5446809,9.951499,2.3648727
14193,1436608880213,0.5919664,9.985018,2.333748
14194,1436608880214,0.6206968,9.94312,2.3535004
14195,1436608880215,0.6488287,9.919776,2.3630772
14196,1436608880216,0.6679823,9.90601,2.3648727
14197,1436608880217,0.6733692,9.911995,2.3648727
14198,1436608880218,0.6913257,9.923966,2.3642743
14199,1436608880219,0.7278373,10.078991,2.296638
14200,1436608880220,0.86131406,10.3932295,2.0590134
14201,1436608880221,1.1755531,10.324396,2.099715
14202,1436608880222,1.2988545,10.031705,2.3588872
14203,1436608880233,1.3359646,9.949704,2.4756045
14204,1436608880246,1.240795,9.847352,2.4947581
14205,1436608880266,0.97623575,9.818023,2.3421278
14206,1436608880286,0.75357497,9.888652,2.348712
14207,1436608880306,0.5722142,10.087969,2.4121583
14208,1436608880331,0.3309984,10.24419,2.348712
14209,1436608880351,0.03232172,10.276512,2.307412
14210,1436608880368,-0.20290859,10.159795,2.291251
14211,1436608880389,-0.28670564,10.019734,2.1972785
14212,1436608880409,-0.25977087,9.964667,2.1260512
14213,1436608880431,-0.19572599,9.879673,2.034473
14214,1436608880447,-0.05686229,9.770737,2.0207062
14215,1436608880469,0.11671733,9.75697,2.0548236
14216,1436608880489,0.29209262,9.763555,2.1230583
14217,1436608880509,0.4405331,9.822212,2.1452048
14218,1436608880529,0.60214174,9.873688,2.2266076
14219,1436608880546,0.7254431,9.916783,2.2774844
14220,1436608880567,0.75477207,9.898827,2.368464
14221,1436608880590,0.748188,9.940127,2.3451207
14222,1436608880606,0.7009025,9.960478,2.336741
14223,1436608880628,0.74758947,10.057443,2.2756886
14224,1436608880646,0.8319851,10.00896,2.3211784
14225,1436608880670,0.8343793,9.972448,2.4157495
14226,1436608880690,0.81402856,9.91439,2.4319103
14227,1436608880711,0.670975,9.854534,2.40318
14228,1436608880730,0.46507367,9.815628,2.2882583
14229,1436608880747,0.31423897,9.817424,2.211644
14230,1436608880766,0.20649989,9.835381,2.1613655
14231,1436608880786,0.11851298,9.849147,2.154183
14232,1436608880807,0.091578215,9.861717,2.2296004
14233,1436608880827,0.109534726,9.956886,2.295441
14234,1436608880868,0.11671733,10.008362,2.3175871
14235,1436608880869,0.15562311,9.983223,2.3768437
14236,1436608880885,0.14963761,10.044873,2.3953989
14237,1436608880906,0.17238252,10.0269165,2.4037786
14238,1436608880926,0.16400282,10.039486,2.3439236
14239,1436608880947,0.17537527,10.05864,2.3247697
14240,1436608880966,0.22445641,10.0748005,2.3068132
14241,1436608880988,0.2621651,10.092158,2.3666685
14242,1436608881010,0.29628247,10.191518,2.4331074
14243,1436608881032,0.24181437,10.140042,2.4510639
14244,1436608881047,0.1921347,10.074203,2.3971944
14245,1436608881072,0.1448492,9.999383,2.3056161
14246,1436608881087,0.14664486,9.880272,2.244564
14247,1436608881107,0.25258827,9.84795,2.2469583
14248,1436608881128,0.38067806,9.890448,2.2625206
14249,1436608881148,0.46028528,9.901819,2.3104045
14250,1436608881170,0.52852005,9.945514,2.3666685
14251,1436608881190,0.5279215,9.985018,2.4133554
14252,1436608881210,0.54049104,9.976639,2.3983915
14253,1436608881230,0.5374983,9.988011,2.3421278
14254,1436608881248,0.5530606,9.983223,2.3523033
14255,1436608881270,0.56563014,9.934141,2.3852234
14256,1436608881290,0.56203884,9.905411,2.3786395
14257,1436608881310,0.5327099,9.898827,2.3600843
14258,1436608881330,0.49200845,9.94312,2.3355439
14259,1436608881349,0.47105917,9.970653,2.3139958
14260,1436608881368,0.45729253,9.961675,2.3211784
14261,1436608881390,0.4297592,9.953894,2.3223755
14262,1436608881410,0.4381389,9.989208,2.3056161
14263,1436608881430,0.44711718,9.974244,2.2972364
14264,1436608881449,0.42916065,10.034698,2.328361
14265,1436608881469,0.41718966,10.055647,2.356493
14266,1436608881489,0.3776853,9.99639,2.3570917
14267,1436608881508,0.39564183,9.978435,2.3505075
14268,1436608881528,0.4321534,9.98442,2.309806
14269,1436608881577,0.45729253,9.983821,2.3133974
14270,1436608881578,0.48961425,9.983821,2.3319526
14271,1436608881588,0.50517654,9.970055,2.3223755
14272,1436608881607,0.56982,9.955689,2.307412
14273,1436608881627,0.62009823,9.937733,2.3373394
14274,1436608881648,0.6356605,9.975441,2.3403323
14275,1436608881667,0.6500258,9.97604,2.3104045
14276,1436608881689,0.6697779,9.93893,2.3277626
14277,1436608881707,0.7038953,9.922171,2.3301568
14278,1436608881728,0.7356185,9.931747,2.3630772
14279,1436608881750,0.76075757,9.928156,2.3588872
14280,1436608881768,0.7781156,9.973047,2.3517046
14281,1436608881792,0.83258367,9.96347,2.3834279
14282,1436608881809,0.8535329,9.970653,2.3654714
14283,1436608881831,0.84575176,9.941324,2.3756466
14284,1436608881851,0.8439561,9.958083,2.3469162
14285,1436608881867,0.8379706,9.942521,2.3307555
14286,1436608881888,0.83737206,9.955689,2.349909
14287,1436608881910,0.84096336,9.940725,2.3331497
14288,1436608881931,0.8098387,9.891046,2.3493104
14289,1436608881951,0.78769237,9.91439,2.3493104
14290,1436608881971,0.7266402,9.898827,2.360683
14291,1436608881990,0.66259533,9.905411,2.3493104
14292,1436608882011,0.6380547,9.918579,2.3409307
14293,1436608882032,0.6242881,9.940725,2.3546975
14294,1436608882047,0.6063316,9.931747,2.3798366
14295,1436608882073,0.58897364,9.91798,2.3840263
14296,1436608882088,0.58657944,9.931149,2.3882163
14297,1436608882110,0.5626374,9.941324,2.3642743
14298,1436608882130,0.5746084,9.945514,2.3930047
14299,1436608882150,0.59735334,9.964069,2.3983915
14300,1436608882167,0.58298814,9.953295,2.4115596
14301,1436608882188,0.5883751,9.940127,2.3822308
14302,1436608882208,0.5847838,9.969456,2.3852234
14303,1436608882229,0.5422867,9.974843,2.3505075
14304,1436608882251,0.5374983,9.941324,2.3463178
14305,1436608882312,0.5638345,9.950302,2.3780408
14306,1436608882313,0.5363012,9.946113,2.3798366
14307,1436608882314,0.54408234,9.925761,2.360683
14308,1436608882329,0.54767364,9.904813,2.35769
14309,1436608882351,0.56682724,9.897031,2.332551
14310,1436608882368,0.6278794,9.932345,2.3116016
14311,1436608882389,0.6985083,9.932345,2.3403323
14312,1436608882410,0.7134721,9.950302,2.3505075
14313,1436608882429,0.7032967,9.977237,2.3702598
14314,1436608882449,0.61770403,9.982624,2.348712
14315,1436608882469,0.52253455,10.019734,2.309806
14316,1436608882489,0.44472298,10.031107,2.3247697
14317,1436608882510,0.3716998,10.055049,2.3732524
14318,1436608882530,0.31124622,10.108319,2.360683
14319,1436608882550,0.24181437,10.159795,2.35769
14320,1436608882569,0.17597382,10.225037,2.3594859
14321,1436608882590,0.049679685,10.227431,2.3624785
14322,1436608882613,0.010175358,10.135853,2.379238
14323,1436608882630,0.11432313,9.953894,2.428319
14324,1436608882650,0.3274071,9.840169,2.3995886
14325,1436608882671,0.53570265,9.793482,2.3636756
14326,1436608882691,0.7116765,9.727043,2.321777
14327,1436608882711,0.7691373,9.712079,2.319383
14328,1436608882730,0.79726917,9.770139,2.3481133
14329,1436608882748,0.84814596,9.797672,2.415151
14330,1436608882770,0.8690952,9.865308,2.4139538
14331,1436608882789,0.8122329,9.913192,2.4678235
14332,1436608882812,0.7433996,9.932944,2.4863784
14333,1436608882832,0.61650693,9.919776,2.510919
14334,1436608882852,0.5129577,9.908403,2.4779987
14335,1436608882871,0.46806642,9.935339,2.4343045
14336,1436608882891,0.39923313,9.958682,2.4307132
14337,1436608882909,0.31184477,9.974244,2.416348
14338,1436608882930,0.25438392,9.988609,2.429516
14339,1436608882949,0.16460137,9.976639,2.4486697
14340,1436608882969,0.11312603,9.961675,2.3870192
14341,1436608883023,0.093373865,9.905411,2.392406
14342,1436608883024,0.11851298,9.929353,2.4253263
14343,1436608883045,0.21068975,9.950901,2.4229321
14344,1436608883056,0.3274071,9.9790325,2.4432828
14345,1436608883078,0.42796355,9.997588,2.4582467
14346,1436608883089,0.5117606,10.009559,2.4480712
14347,1436608883111,0.60094464,9.995792,2.432509
14348,1436608883128,0.65660983,9.977237,2.428319
14349,1436608883156,0.7146692,9.925761,2.4534583
14350,1436608883169,0.7140707,9.89344,2.4366987
14351,1436608883192,0.6925228,9.871294,2.3768437
14352,1436608883220,0.7146692,9.847352,2.4067712
14353,1436608883229,0.7116765,9.85633,2.4229321
14354,1436608883252,0.6823475,9.846154,2.4474726
14355,1436608883272,0.641646,9.874885,2.4498668
14356,1436608883292,0.60333884,9.925761,2.405574
14357,1436608883312,0.57879823,9.999982,2.3690627
14358,1436608883332,0.56563014,10.020931,2.368464
14359,1436608883350,0.5686229,10.000581,2.4025815
14360,1436608883373,0.5823896,10.010158,2.3989902
14361,1436608883389,0.61890113,9.974843,2.3540988
14362,1436608883410,0.65062433,9.952098,2.349909
14363,1436608883429,0.6973112,9.965864,2.3750482
14364,1436608883450,0.6907272,9.985617,2.381632
14365,1436608883472,0.66738373,9.958682,2.4067712
14366,1436608883492,0.62847793,9.987412,2.4025815
14367,1436608883512,0.61650693,9.978435,2.391209
14368,1436608883532,0.62368953,9.968259,2.3642743
14369,1436608883550,0.6314707,9.986216,2.3307555
14370,1436608883572,0.6194997,10.011953,2.3642743
14371,1436608883592,0.6584055,9.962872,2.345719
14372,1436608883612,0.6548142,10.007763,2.3594859
14373,1436608883632,0.6380547,10.070012,2.3517046
14374,1436608883650,0.6560113,10.07121,2.3660698
14375,1436608883670,0.7206547,10.084976,2.3971944
14376,1436608883690,0.7368156,10.113108,2.44029
14377,1436608883709,0.7110779,10.156203,2.4181437
14378,1436608883732,0.64583594,10.097546,2.4534583
14379,1436608883794,0.55485624,10.036493,2.4528596
14380,1436608883795,0.48602295,9.977836,2.441487
14381,1436608883796,0.39923313,9.937134,2.4241292
14382,1436608883809,0.3800795,9.909002,2.4079683
14383,1436608883831,0.40581718,9.863512,2.3840263
14384,1436608883850,0.45010993,9.862315,2.3995886
14385,1436608883869,0.49799395,9.877279,2.3666685
14386,1436608883891,0.5009867,9.850345,2.3720553
14387,1436608883909,0.54288524,9.8677025,2.3840263
14388,1436608883931,0.5662287,9.920375,2.3624785
14389,1436608883950,0.5686229,9.956287,2.3714569
14390,1436608883972,0.58538234,9.937134,2.369661
14391,1436608883990,0.6488287,9.880871,2.4139538
14392,1436608884013,0.705691,9.840169,2.44448
14393,1436608884031,0.7398083,9.802461,2.4438813
14394,1436608884052,0.8026561,9.883265,2.3953989
14395,1436608884073,0.8379706,9.84795,2.4103625
14396,1436608884092,0.85293436,9.800066,2.4462755
14397,1436608884110,0.8750807,9.807249,2.4462755
14398,1436608884131,0.86131406,9.818023,2.4708161
14399,1436608884150,0.90021986,9.832388,2.4594438
14400,1436608884171,0.9008184,9.858724,2.4702177
14401,1436608884190,0.9151836,9.863512,2.48578
14402,1436608884210,0.90021986,9.886856,2.456451
14403,1436608884232,0.87687635,9.861118,2.4498668
14404,1436608884250,0.86131406,9.8437605,2.404377
14405,1436608884270,0.83138657,9.8437605,2.337938
14406,1436608884293,0.7942764,9.858724,2.356493
14407,1436608884313,0.6973112,9.949704,2.332551
14408,1436608884333,0.5758055,10.017939,2.28347
14409,1436608884350,0.5105635,10.035895,2.255338
14410,1436608884375,0.46746787,10.033501,2.2583308
14411,1436608884391,0.39923313,10.044873,2.2720973
14412,1436608884411,0.3357868,10.02153,2.3080103
14413,1436608884432,0.2633622,10.035296,2.3301568
14414,1436608884453,0.25378537,10.078991,2.3289597
14415,1436608884524,0.2657564,10.084976,2.380435
14416,1436608884525,0.24600422,10.0341,2.4259248
14417,1436608884526,0.23882163,9.991602,2.4223335
14418,1436608884533,0.22026655,9.958682,2.4319103
14419,1436608884559,0.21787235,9.931149,2.4007857
14420,1436608884571,0.24061728,9.938332,2.3834279
14421,1436608884590,0.2885013,9.943718,2.3636756
14422,1436608884613,0.36272156,9.968858,2.344522
14423,1436608884631,0.47165772,9.987412,2.3343468
14424,1436608884652,0.59376204,9.9951935,2.3523033
14425,1436608884671,0.66858083,10.013748,2.3259668
14426,1436608884693,0.75956047,10.000581,2.3241713
14427,1436608884710,0.8295909,9.9790325,2.333748
14428,1436608884731,0.8846575,9.941324,2.3169887
14429,1436608884751,0.89543146,9.934141,2.3050177
14430,1436608884771,0.88765025,9.877279,2.3038206
14431,1436608884793,0.85173726,9.829395,2.3295584
14432,1436608884810,0.8595184,9.884461,2.3175871
14433,1436608884831,0.86490536,9.953295,2.2996306
14434,1436608884853,0.90021986,10.007763,2.2864625
14435,1436608884873,0.87927055,10.003573,2.212841
14436,1436608884892,0.8535329,10.01315,2.1428106
14437,1436608884913,0.7673417,10.069414,2.112883
14438,1436608884933,0.6560113,10.113108,2.0961237
14439,1436608884962,0.6123171,10.093356,2.1829133
14440,1436608884970,0.557849,10.04607,2.259528
14441,1436608884990,0.5141548,10.007763,2.2900538
14442,1436608885012,0.51954174,9.997588,2.2709002
14443,1436608885031,0.5722142,9.993398,2.3038206
14444,1436608885055,0.63206923,9.959281,2.344522
14445,1436608885071,0.6727707,10.00477,2.3235726
14446,1436608885092,0.6985083,10.049662,2.291251
14447,1436608885110,0.7398083,10.022727,2.2972364
14448,1436608885132,0.7745243,10.016143,2.2942438
14449,1436608885152,0.81881696,10.01734,2.307412
14450,1436608885219,0.8714894,10.045472,2.2870612
14451,1436608885220,0.91937345,10.010158,2.2499511
14452,1436608885221,0.9588778,9.962872,2.2140381
14453,1436608885238,0.96187055,9.910798,2.2290018
14454,1436608885251,0.9983821,9.861717,2.284667
14455,1436608885272,1.043872,9.869498,2.2774844
14456,1436608885291,1.0935516,9.931747,2.2732944
14457,1436608885311,1.0857705,9.962872,2.2649148
14458,1436608885331,1.115698,9.989208,2.3038206
14459,1436608885354,1.0815806,9.988609,2.3469162
14460,1436608885379,1.0498575,10.011354,2.3241713
14461,1436608885392,0.99658644,10.024523,2.2960393
14462,1436608885413,0.9271546,10.007165,2.280477
14463,1436608885434,0.81283146,9.938332,2.3110032
14464,1436608885454,0.6757634,9.850345,2.3654714
14465,1436608885474,0.59735334,9.829993,2.4061728
14466,1436608885494,0.57640404,9.809045,2.4001873
14467,1436608885513,0.63206923,9.77792,2.3953989
14468,1436608885534,0.6895301,9.821015,2.4187422
14469,1436608885554,0.7170634,9.880272,2.417545
14470,1436608885573,0.724246,9.913791,2.405574
14471,1436608885594,0.676362,9.986814,2.3834279
14472,1436608885613,0.6769605,10.045472,2.3540988
14473,1436608885633,0.6548142,10.004171,2.384625
14474,1436608885656,0.64823014,9.923966,2.396596
14475,1436608885676,0.60812724,9.877279,2.4468741
14476,1436608885695,0.55006784,9.849746,2.4486697
14477,1436608885714,0.5363012,9.813234,2.4271219
14478,1436608885732,0.5374983,9.7863,2.4331074
14479,1436608885751,0.52612585,9.842564,2.4115596
14480,1436608885771,0.545878,9.835381,2.4480712
14481,1436608885796,0.57281274,9.835381,2.4558525
14482,1436608885818,0.5793968,9.882068,2.415151
14483,1436608885837,0.57400984,9.949105,2.3744495
14484,1436608885853,0.5434838,9.887454,2.3882163
14485,1436608885875,0.5554548,9.886856,2.3876176
14486,1436608885997,0.5410896,9.909002,2.3744495
14487,1436608885998,0.52492875,9.9790325,2.3517046
14488,1436608885999,0.50158525,9.969456,2.381632
14489,1436608886000,0.48722005,9.9928,2.3918076
14490,1436608886001,0.44771573,9.986814,2.4343045
14491,1436608886002,0.41060558,9.9712515,2.3983915
14492,1436608886014,0.40462008,10.011953,2.3343468
14493,1436608886056,0.39444473,10.065224,2.3463178
14494,1436608886057,0.36272156,9.9928,2.3630772
14495,1436608886073,0.3429694,9.949105,2.3594859
14496,1436608886093,0.29807812,9.970055,2.3307555
14497,1436608886111,0.30705637,9.962872,2.303222
14498,1436608886134,0.3286042,9.925761,2.2828712
14499,1436608886152,0.40821138,9.908403,2.327164
14500,1436608886177,0.49799395,9.903615,2.3265655
14501,1436608886192,0.56084174,9.970055,2.2750902
14502,1436608886215,0.60453594,10.023325,2.295441
14503,1436608886235,0.6063316,10.015544,2.3517046
14504,1436608886255,0.6015432,9.982624,2.3451207
14505,1436608886275,0.5614403,9.989806,2.296638
14506,1436608886295,0.5482722,10.030508,2.256535
14507,1436608886315,0.50517654,9.998785,2.2373815
14508,1436608886335,0.49320555,9.976639,2.2397757
14509,1436608886355,0.44771573,9.965864,2.2421699
14510,1436608886375,0.46447513,9.980229,2.2307975
14511,1436608886395,0.49679685,9.990405,2.2146366
14512,1436608886412,0.53809685,10.029311,2.2212207
14513,1436608886435,0.57760113,9.997588,2.2242134
14514,1436608886455,0.59855044,9.98442,2.2230163
14515,1436608886475,0.6290765,10.04607,2.180519
14516,1436608886495,0.6242881,10.025121,2.1990743
14517,1436608886516,0.5907693,10.038888,2.1906946
14518,1436608886535,0.5805939,10.038289,2.1984756
14519,1436608886555,0.5793968,10.000581,2.1853075
14520,1436608886572,0.6051345,9.948506,2.211644
14521,1436608886595,0.6584055,9.925761,2.1930888
14522,1436608886616,0.6362591,10.035296,2.154183
14523,1436608886636,0.60932434,10.041282,2.1829133
14524,1436608886655,0.57760113,10.070012,2.236783
14525,1436608886676,0.55006784,10.111312,2.2062569
14526,1436608886747,0.5351041,10.061034,2.2200236
14527,1436608886748,0.52852005,10.017939,2.2026656
14528,1436608886752,0.5686229,10.01734,2.171541
14529,1436608886753,0.581791,9.965864,2.1799207
14530,1436608886775,0.60333884,9.974843,2.1739352
14531,1436608886813,0.6374562,10.068815,2.178125
14532,1436608886814,0.6380547,10.148422,2.1697452
14533,1436608886832,0.6087258,10.250176,2.1547816
14534,1436608886853,0.56802434,10.456078,2.1027076
14535,1436608886873,0.694917,10.28549,2.19249
14536,1436608886897,0.90141696,10.047866,2.4408886
14537,1436608886916,0.95349085,9.985018,2.5025394
14538,1436608886933,0.95229375,9.967062,2.4654293
14539,1436608886956,1.0043676,10.068216,2.384625
14540,1436608886972,1.1085154,10.023325,2.392406
14541,1436608886992,1.1953052,9.902418,2.4881742
14542,1436608887015,1.0169371,9.832987,2.5510218
14543,1436608887036,0.7906851,9.801263,2.5647886
14544,1436608887055,0.6997054,9.813234,2.4929626
14545,1436608887072,0.6147113,9.81084,2.445677
14546,1436608887095,0.6218939,9.85214,2.4708161
14547,1436608887113,0.6075287,9.838972,2.5552118
14548,1436608887136,0.5943606,9.688736,2.6084828
14549,1436608887155,0.6955156,9.691729,2.6647465
14550,1436608887176,0.8834604,9.877877,2.669535
14551,1436608887193,1.0295067,9.970055,2.7473464
14552,1436608887212,1.1432313,10.024523,2.77069
14553,1436608887232,1.2635399,10.1226845,2.777274
14554,1436608887255,1.4161704,10.232818,2.754529
14555,1436608887278,1.6017209,10.205285,2.8107927
14556,1436608887299,1.7202339,10.171167,2.9053638
14557,1436608887316,1.9075803,10.242993,3.084929
14558,1436608887333,2.0410569,10.222044,3.3117795
14559,1436608887353,2.0452468,9.962274,3.4973302
14560,1436608887374,2.1200657,9.780912,3.5476084
14561,1436608887403,2.2284033,9.638457,3.5500026
14562,1436608887457,2.2744915,9.583391,3.6140475
14563,1436608887458,2.1583729,9.613917,3.5488055
14564,1436608887459,2.03567,9.486425,3.4691982
14565,1436608887479,1.917157,9.294889,3.3985693
14566,1436608887493,1.8201919,9.123106,3.4326868
14567,1436608887513,1.7651252,8.95611,3.5565867
14568,1436608887533,1.6573862,8.93935,3.667917
14569,1436608887553,1.5496471,8.871715,3.8217444
14570,1436608887574,1.4951789,8.758589,4.0294414
14571,1436608887596,1.4449008,8.856153,4.1138372
14572,1436608887613,1.4766239,8.900445,4.1545386
14573,1436608887634,1.654992,8.837597,4.2060137
14574,1436608887656,1.79206,8.826224,4.249708
14575,1436608887673,1.8590976,8.754398,4.212598
14576,1436608887696,1.875857,8.599374,4.1545386
14577,1436608887716,1.9590555,8.6299,4.019266
14578,1436608887736,2.0685902,8.516774,4.0641575
14579,1436608887754,2.1140802,8.445546,4.2305546
14580,1436608887776,2.2098482,8.404246,4.2850223
14581,1436608887796,2.1888988,8.41921,4.2538977
14582,1436608887816,2.0859482,8.526351,4.111443
14583,1436608887836,1.9578584,8.699332,4.1066546
14584,1436608887853,1.9440918,8.783728,4.1000705
14585,1436608887875,1.9746178,8.846576,4.171298
14586,1436608887896,2.0392613,8.987235,4.127005
14587,1436608887916,2.146402,9.080608,4.0922894
14588,1436608887937,2.2936451,9.112331,4.0258503
14589,1436608887956,2.397793,9.109339,3.9869444
14590,1436608887976,2.4732103,9.157822,4.0096893
14591,1436608887996,2.408567,9.235035,3.9935284
14592,1436608888016,2.0841527,9.358934,3.894169
14593,1436608888039,1.9195513,9.46009,3.8905778
14594,1436608888061,1.8321629,9.400833,4.010886
14595,1436608888079,1.7447745,9.367314,4.0659533
14596,1436608888095,1.6813282,9.363124,3.9522285
14597,1436608888167,1.4790181,9.434352,3.679888
14598,1436608888168,1.4508862,9.804854,3.3267434
14599,1436608888169,1.6603789,9.783307,3.3117795
14600,1436608888188,1.7812861,9.500791,3.5500026
14601,1436608888195,1.7675194,9.363124,3.638588
14602,1436608888217,1.6879122,9.492412,3.5553896
14603,1436608888236,1.5556326,9.758167,3.3333273
14604,1436608888255,1.3431472,9.69113,3.233968
14605,1436608888276,1.1623849,9.630676,3.2004492
14606,1436608888295,0.9864111,9.783905,3.0418332
14607,1436608888314,0.97264445,9.830592,3.0280666
14608,1436608888336,1.1150994,9.822212,3.1884782
14609,1436608888355,1.1905168,9.873688,3.364452
14610,1436608888373,1.13964,9.957485,3.3854012
14611,1436608888395,1.1186907,10.04607,3.2148144
14612,1436608888416,1.1192893,9.951499,3.1190462
14613,1436608888437,1.1540052,9.879673,3.1052797
14614,1436608888457,1.198298,9.828198,3.0322564
14615,1436608888477,1.2096704,9.871892,2.9652188
14616,1436608888497,1.3443443,9.891046,2.920926
14617,1436608888517,1.4580688,9.675568,3.0322564
14618,1436608888537,1.4532804,9.491214,3.019687
14619,1436608888557,1.2372037,9.469068,2.8042088
14620,1436608888574,0.9540894,9.58818,2.5737667
14621,1436608888597,0.8463503,9.664794,2.4827871
14622,1436608888616,0.7966706,9.657611,2.5725696
14623,1436608888637,0.79487497,9.859323,2.7299886
14624,1436608888656,0.7978677,10.0748005,2.825158
14625,1436608888677,0.908001,10.207679,2.8592753
14626,1436608888697,0.9864111,10.334572,2.8862102
14627,1436608888717,1.1414356,10.357915,2.9131448
14628,1436608888737,1.258153,10.061633,2.9466639
14629,1436608888754,1.2868834,9.859323,2.8640637
14630,1436608888777,1.2737153,9.758167,2.6886885
14631,1436608888797,1.1881226,9.801263,2.5462334
14632,1436608888817,1.1552023,9.767744,2.5091233
14633,1436608888906,1.0947487,9.777321,2.5312698
14634,1436608888907,1.0851719,9.838972,2.6013002
14635,1436608888908,1.1438298,9.904813,2.6300306
14636,1436608888909,1.1893197,9.9233675,2.6856956
14637,1436608888921,1.1803415,10.01315,2.7048495
14638,1436608888945,1.2719196,10.028113,2.724003
14639,1436608888956,1.411382,9.882666,2.7126305
14640,1436608888974,1.471237,9.810242,2.7341783
14641,1436608888996,1.4736311,9.8276,2.6844985
14642,1436608889015,1.4520833,9.850943,2.6126726
14643,1436608889039,1.4820108,9.813234,2.5821466
14644,1436608889055,1.4490906,9.743204,2.6072857
14645,1436608889077,1.4628572,9.752781,2.5839422
14646,1436608889096,1.590947,9.6845455,2.5480292
14647,1436608889116,1.763928,9.657611,2.5354595
14648,1436608889137,1.8662802,9.644443,2.558803
14649,1436608889157,1.9189527,9.632472,2.565387
14650,1436608889178,1.9686323,9.673173,2.6240451
14651,1436608889198,2.070386,9.665991,2.690484
14652,1436608889218,1.9937714,9.703101,2.741361
14653,1436608889238,1.8459295,9.973047,2.593519
14654,1436608889258,1.8800468,10.306439,2.4181437
14655,1436608889278,1.9416976,10.426748,2.6797101
14656,1436608889296,2.171541,10.654796,3.0023289
14657,1436608889318,2.4660277,10.515932,3.335123
14658,1436608889338,2.7922378,10.542868,3.4129345
14659,1436608889357,3.067571,10.251373,3.7044287
14660,1436608889378,2.873042,10.018537,3.7708676
14661,1436608889397,2.1871033,10.105926,3.6373909
14662,1436608889417,1.4652514,10.007165,3.364452
14663,1436608889439,0.85891986,9.824008,3.0280666
14664,1436608889458,0.48243165,9.553463,2.8006175
14665,1436608889478,0.39803603,9.019556,2.9640217
14666,1436608889496,0.57879823,8.790312,3.1603463
14667,1436608889516,0.9780314,8.820239,3.318962
14668,1436608889537,1.377863,8.921992,3.4398694
14669,1436608889555,1.6316484,9.181764,3.606865
14670,1436608889630,1.7735049,9.655815,3.7696705
14671,1436608889631,2.018312,10.092757,3.954024
14672,1436608889637,2.2379801,9.9233675,4.449624
14673,1436608889638,2.3517046,9.185953,4.9003325
14674,1436608889656,2.3702598,8.869919,4.980538
14675,1436608889675,2.3265655,8.340201,4.9416323
14676,1436608889695,2.4408886,8.189367,4.747103
14677,1436608889718,2.3451207,7.7865424,4.7500963
14678,1436608889736,1.8656816,7.385514,5.0643353
14679,1436608889756,1.3323733,7.7051396,5.21098
14680,1436608889781,0.87927055,7.726089,5.055357
14681,1436608889796,0.777517,7.375937,4.72376
14682,1436608889818,1.0295067,7.3364325,4.324527
14683,1436608889838,1.4646529,7.7051396,3.86484
14684,1436608889858,2.059612,7.9289975,3.8983588
14685,1436608889878,2.7952304,8.063073,4.5406036
14686,1436608889900,3.1364043,8.1881695,4.8841715
14687,1436608889918,3.496133,8.519168,5.329493
14688,1436608889938,3.4620156,8.895657,5.398925
14689,1436608889958,3.1381998,9.242217,5.2875943
14690,1436608889978,2.508525,9.35235,5.1397524
14691,1436608889998,1.6310499,9.367314,5.04159
14692,1436608890016,0.80804306,9.32362,4.981137
14693,1436608890038,0.23523031,9.229049,4.83928
14694,1436608890057,0.10235212,9.176975,4.7267528
14695,1436608890078,0.27832595,9.069236,4.681263
14696,1436608890095,0.7368156,9.042301,4.56694
14697,1436608890118,1.2000936,8.774151,4.5920787
14698,1436608890139,1.460463,8.668806,4.582502
14699,1436608890159,1.5053543,8.705916,4.5076833
14700,1436608890179,1.5975311,8.762778,4.471172
14701,1436608890207,1.83336,8.978855,4.409521
14702,1436608890215,2.1003134,9.102755,4.437054
14703,1436608890236,2.1733365,9.141661,4.565144
14704,1436608890257,2.005144,9.21229,4.6441526
14705,1436608890276,1.8698715,9.231443,4.5160627
14706,1436608890301,1.8423382,9.272144,4.4382515
14707,1436608890330,1.7651252,9.229648,4.426879
14708,1436608890337,1.6915035,9.172187,4.453215
14709,1436608890356,1.6597804,9.213487,4.497508
14710,1436608890376,1.6448165,9.340978,4.437054
14711,1436608890396,1.4454993,9.487024,4.350863
14712,1436608890416,1.1976994,9.504981,4.3520603
14713,1436608890436,1.033098,9.275736,4.4322658
14714,1436608890457,1.049259,9.199121,4.473566
14715,1436608890476,1.1869255,9.297284,4.4795513
14716,1436608890499,1.3934253,9.355942,4.4424415
14717,1436608890520,1.4838065,9.398438,4.4364557
14718,1436608890540,1.448492,9.336788,4.4633904
14719,1436608890558,1.4311341,9.386468,4.4783545
14720,1436608890578,1.4137762,9.35235,4.413711
14721,1436608890599,1.4173675,9.317635,4.3341036
14722,1436608890619,1.4209588,9.190742,4.3514614
14723,1436608890639,1.4167689,9.141062,4.367024
14724,1436608890659,1.3862427,9.095572,4.361038
14725,1436608890679,1.3754689,9.046491,4.3783965
14726,1436608890699,1.376666,9.098565,4.293402
14727,1436608890719,1.4628572,9.200917,4.271256
14728,1436608890740,1.5652094,9.056067,4.3544545
14729,1436608890757,1.6005238,8.911219,4.4759603
14730,1436608890779,1.5352819,8.879496,4.455011
14731,1436608890799,1.6023195,9.102157,4.3520603
14732,1436608890818,1.8034325,9.215881,4.337096
14733,1436608890839,1.9955671,9.128492,4.4101195
14734,1436608890859,2.0500352,9.085397,4.4556093
14735,1436608890879,1.9129672,9.126099,4.4981065
14736,1436608890896,1.6717514,9.167996,4.496909
14737,1436608890926,1.4269443,9.095572,4.505289
14738,1436608890945,1.3569138,9.074024,4.4562078
14739,1436608890959,1.4634558,9.097966,4.3754034
14740,1436608890979,1.6561891,9.038112,4.3418846
14741,1436608890997,1.8136078,8.985439,4.312556
14742,1436608891017,1.8746599,8.913014,4.3287168
14743,1436608891122,1.8902222,8.871715,4.3436804
14744,1436608891123,1.7980455,9.027936,4.3400893
14745,1436608891124,1.6035166,9.052477,4.305373
14746,1436608891125,1.4634558,9.030929,4.259285
14747,1436608891126,1.4053963,8.987235,4.1706996
14748,1436608891140,1.4281414,8.936956,4.103063
14749,1436608891156,1.4616601,8.980052,4.0360255
14750,1436608891176,1.4437037,9.041104,4.0013094
14751,1436608891196,1.4652514,9.141062,3.9839516
14752,1436608891219,1.5059528,9.272144,4.0318356
14753,1436608891236,1.5197195,9.289502,4.080917
14754,1436608891257,1.5101427,9.308656,4.0773253
14755,1436608891278,1.4939818,9.317635,4.020463
14756,1436608891297,1.4413095,9.417592,3.9360676
14757,1436608891317,1.4257472,9.501988,3.7954082
14758,1436608891340,1.3802572,9.498995,3.7630866
14759,1436608891360,1.2880806,9.510966,3.7720647
14760,1436608891380,1.2629414,9.652225,3.803788
14761,1436608891403,1.2150574,9.738416,3.892972
14762,1436608891420,1.2898762,9.667787,3.9474401
14763,1436608891440,1.4293385,9.624092,3.9205053
14764,1436608891460,1.6430209,9.690532,3.8163576
14765,1436608891480,1.8070238,9.802461,3.721188
14766,1436608891500,1.8950106,9.832987,3.7582982
14767,1436608891518,1.8351556,9.711481,3.8594532
14768,1436608891540,1.6932992,9.618107,3.8522706
14769,1436608891560,1.6095021,9.57142,3.8019924
14770,1436608891580,1.5610195,9.503185,3.7630866
14771,1436608891600,1.4496891,9.470863,3.719991
14772,1436608891619,1.3934253,9.464279,3.6733038
14773,1436608891639,1.3395559,9.408015,3.6469676
14774,1436608891660,1.2689269,9.328408,3.5470097
14775,1436608891681,1.2150574,9.244612,3.4626143
14776,1436608891701,1.1845313,9.241618,3.4039562
14777,1436608891719,1.2174516,9.282919,3.4123359
14778,1436608891739,1.2629414,9.257181,3.496133
14779,1436608891758,1.3174095,9.245809,3.5637693
14780,1436608891778,1.3515269,9.3182335,3.5553896
14781,1436608891841,1.4197617,9.490017,3.5194764
14782,1436608891842,1.4580688,9.531916,3.5883098
14783,1436608891843,1.4149733,9.564238,3.650559
14784,1436608891865,1.3156139,9.654019,3.630807
14785,1436608891877,1.1988965,9.643246,3.602675
14786,1436608891897,1.1665748,9.601946,3.6134489
14787,1436608891917,1.1552023,9.60015,3.5619736
14788,1436608891937,1.1821371,9.60853,3.4979286
14789,1436608891957,1.2862848,9.642049,3.4422636
14790,1436608891988,1.3491327,9.59177,3.4542346
14791,1436608891998,1.417966,9.568427,3.5224693
14792,1436608892023,1.4053963,9.580399,3.5338416
14793,1436608892039,1.3533225,9.566033,3.481768
14794,1436608892060,1.3365631,9.583391,3.323152
14795,1436608892080,1.3245921,9.588778,3.2890346
14796,1436608892097,1.3395559,9.544485,3.3812113
14797,1436608892118,1.3748703,9.544485,3.436278
14798,1436608892140,1.3652935,9.568427,3.4476504
14799,1436608892161,1.3682863,9.607931,3.3482912
14800,1436608892180,1.4598645,9.561843,3.304597
14801,1436608892200,1.4640543,9.48882,3.323152
14802,1436608892220,1.3694834,9.493608,3.2860417
14803,1436608892240,1.2246342,9.566033,3.1561563
14804,1436608892259,1.1474211,9.577405,3.0897174
14805,1436608892281,1.1162965,9.567828,3.116652
14806,1436608892301,1.0714053,9.563639,3.1364043
14807,1436608892321,1.0672154,9.546281,3.141791
14808,1436608892339,1.0636241,9.631873,3.0442274
14809,1436608892361,1.134253,9.730635,2.9753942
14810,1436608892380,1.2072762,9.642049,3.0262709
14811,1436608892400,1.2503718,9.540296,3.139397
14812,1436608892420,1.2228385,9.519944,3.2363622
14813,1436608892441,1.1941081,9.5732155,3.2249897
14814,1436608892461,1.2138603,9.582792,3.1040826
14815,1436608892479,1.204882,9.568427,2.918532
14816,1436608892498,1.0648212,9.501988,2.8173769
14817,1436608892518,0.88166475,9.543886,2.6725276
14818,1436608892600,0.7565677,9.610924,2.641403
14819,1436608892601,0.5398925,10.004171,2.6527755
14820,1436608892602,0.3890578,10.36031,2.6767175
14821,1436608892603,0.26036942,10.365098,2.7910407
14822,1436608892619,0.15203181,10.329185,2.842516
14823,1436608892640,0.21787235,10.318411,2.8281507
14824,1436608892658,0.43035775,10.23222,2.747945
14825,1436608892678,0.7236475,10.055647,2.6402059
14826,1436608892699,0.8870517,9.880871,2.5959132
14827,1436608892721,0.9983821,9.70789,2.6168625
14828,1436608892739,1.0450691,9.671378,2.5360582
14829,1436608892759,1.0498575,9.870695,2.4115596
14830,1436608892781,1.0384849,9.841965,2.4157495
14831,1436608892799,0.99179804,9.81084,2.4899697
14832,1436608892821,0.91937345,9.94312,2.5187001
14833,1436608892841,0.9283517,10.018537,2.5288756
14834,1436608892861,0.95349085,9.999982,2.4791958
14835,1436608892881,1.09834,9.957485,2.4193408
14836,1436608892901,1.3156139,9.860519,2.4875755
14837,1436608892920,1.4616601,9.759963,2.5797524
14838,1436608892940,1.4796166,9.801263,2.6192567
14839,1436608892961,1.3946224,9.790489,2.5767596
14840,1436608892978,1.1905168,9.841366,2.532467
14841,1436608893001,1.0007763,10.024523,2.4235306
14842,1436608893021,0.7098808,10.094553,2.3702598
14843,1436608893039,0.5590461,10.163386,2.2864625
14844,1436608893061,0.50158525,10.170568,2.285864
14845,1436608893078,0.51595044,10.159196,2.348712
14846,1436608893103,0.56982,10.014946,2.4642322
14847,1436608893123,0.6799533,9.940127,2.505532
14848,1436608893141,0.8206126,9.941324,2.4797945
14849,1436608893160,0.85891986,9.903615,2.4600422
14850,1436608893182,0.93254155,9.829395,2.4486697
14851,1436608893199,0.9995792,9.787497,2.4642322
14852,1436608893220,1.0714053,9.829395,2.4247277
14853,1436608893240,1.1659763,9.855133,2.4157495
14854,1436608893259,1.216853,9.81084,2.4612393
14855,1436608893302,1.2473791,9.755175,2.460641
14856,1436608893303,1.2677298,9.74859,2.4019828
14857,1436608893325,1.2886791,9.740809,2.3864205
14858,1436608893339,1.2797008,9.812037,2.315193
14859,1436608893359,1.2551602,9.873089,2.2828712
14860,1436608893378,1.2006922,9.98442,2.2774844
14861,1436608893398,1.0881647,9.961076,2.309806
14862,1436608893420,0.98820674,10.01734,2.31639
14863,1436608893440,0.87927055,10.023325,2.3223755
14864,1436608893460,0.789488,10.023924,2.2625206
14865,1436608893480,0.7032967,10.104729,2.19668
14866,1436608893499,0.6380547,10.05445,2.2391772
14867,1436608893522,0.6422446,10.0341,2.291251
14868,1436608893540,0.6877344,9.989208,2.3253684
14869,1436608893560,0.7074866,10.010756,2.3092074
14870,1436608893582,0.8182184,10.038888,2.2577322
14871,1436608893602,0.90740246,10.083779,2.2583308
14872,1436608893622,0.9564836,10.037092,2.2750902
14873,1436608893640,0.92655605,9.983223,2.2786815
14874,1436608893660,0.93493575,9.956886,2.255338
14875,1436608893680,0.9331401,9.933543,2.223615
14876,1436608893701,0.9588778,9.908403,2.190096
14877,1436608893719,0.9648633,9.879673,2.1655555
14878,1436608893741,0.9768343,9.854534,2.2319946
14879,1436608893759,1.0151415,9.873688,2.2816741
14880,1436608893780,1.0097545,9.9790325,2.303222
14881,1436608893800,0.98102415,10.022727,2.2762873
14882,1436608893822,0.9295488,10.048465,2.2631192
14883,1436608893842,0.88046765,10.065224,2.2343888
14884,1436608893862,0.8218097,10.064626,2.2481554
14885,1436608893882,0.7278373,10.044274,2.236783
14886,1436608893900,0.6344634,10.07121,2.2038627
14887,1436608893920,0.55006784,10.045472,2.2373815
14888,1436608893940,0.51475334,10.067618,2.2104468
14889,1436608893960,0.52612585,10.011953,2.212841
14890,1436608893982,0.57161564,10.057443,2.1751323
14891,1436608894029,0.6817489,10.032902,2.207454
14892,1436608894030,0.81043726,9.993997,2.2786815
14893,1436608894063,0.91099375,9.982025,2.3050177
14894,1436608894064,0.97862995,9.928755,2.2888567
14895,1436608894080,1.039682,9.91439,2.28347
14896,1436608894113,1.0869676,9.838373,2.2810757
14897,1436608894120,1.1450269,9.824008,2.3104045
14898,1436608894139,1.1474211,9.81503,2.2774844
14899,1436608894159,1.174356,9.873688,2.2457612
14900,1436608894180,1.2042835,9.941922,2.2415714
14901,1436608894200,1.2378023,9.921572,2.2894554
14902,1436608894220,1.2318168,9.926959,2.2906525
14903,1436608894240,1.1749545,9.945514,2.2828712
14904,1436608894263,1.1456255,9.970055,2.2218192
14905,1436608894283,1.0971429,9.940127,2.2068555
14906,1436608894303,1.0115502,9.909601,2.1990743
14907,1436608894320,0.9504981,9.948506,2.2158337
14908,1436608894341,0.8822633,9.907207,2.244564
14909,1436608894363,0.79966336,9.966463,2.2349873
14910,1436608894383,0.74998367,10.010756,2.2601264
14911,1436608894403,0.74998367,10.00896,2.285864
14912,1436608894419,0.748188,9.974244,2.3175871
14913,1436608894441,0.7493851,9.948506,2.3092074
14914,1436608894461,0.7685388,9.924564,2.303222
14915,1436608894480,0.85054016,9.901819,2.2511482
14916,1436608894503,0.8948329,9.901819,2.2852654
14917,1436608894526,0.92535895,9.922171,2.309806
14918,1436608894541,0.943914,9.900024,2.3391352
14919,1436608894563,0.93852705,9.937134,2.2894554
14920,1436608894580,0.9684546,9.972448,2.2331917
14921,1436608894600,0.99778354,9.938332,2.243367
14922,1436608894620,0.9900024,9.965266,2.2307975
14923,1436608894640,0.9780314,9.88925,2.243367
14924,1436608894660,1.0139444,9.888652,2.232593
14925,1436608894680,1.0348936,9.970055,2.1948843
14926,1436608894701,1.0606314,10.005369,2.207454
14927,1436608894725,1.0540473,10.020931,2.2301989
14928,1436608894778,1.0181342,10.071808,2.272696
14929,1436608894791,0.9576807,10.037092,2.2601264
14930,1436608894792,0.93852705,10.013748,2.231396
14931,1436608894801,0.9415198,10.000581,2.1990743
14932,1436608894829,0.9564836,9.946711,2.2050598
14933,1436608894840,0.96546185,9.900024,2.2541409
14934,1436608894861,0.997185,9.922171,2.2732944
14935,1436608894882,1.0175357,9.953295,2.28347
14936,1436608894901,1.0348936,9.9928,2.243367
14937,1436608894922,1.0749966,10.102334,2.2068555
14938,1436608894941,1.0444705,10.126875,2.2529438
14939,1436608894961,0.91578215,10.05864,2.3068132
14940,1436608894980,0.8762778,10.038888,2.2840683
14941,1436608895003,0.8086416,10.013748,2.2349873
14942,1436608895025,0.8062474,9.962872,2.1320367
14943,1436608895044,0.8218097,9.842564,2.0895395
14944,1436608895063,0.86849666,9.953894,2.0494366
14945,1436608895080,0.80086046,9.9550905,2.1080947
14946,1436608895103,0.75956047,9.883863,2.204461
14947,1436608895120,0.825401,9.904214,2.1811178
14948,1436608895141,0.9367314,9.932944,2.172738
14949,1436608895162,0.99299514,10.02572,2.130241
14950,1436608895184,1.0570401,10.065823,2.1649568
14951,1436608895201,1.1067197,9.999982,2.2110453
14952,1436608895221,1.043872,9.955689,2.2631192
14953,1436608895241,0.92655605,9.9790325,2.2385786
14954,1436608895261,0.8714894,9.9951935,2.1392193
14955,1436608895283,0.87807345,10.046669,2.0135236
14956,1436608895301,0.96306765,10.005967,1.9829975
14957,1436608895324,1.1605892,9.962872,2.119467
14958,1436608895341,1.3180081,9.858724,2.2296004
14959,1436608895360,1.436521,9.902418,2.172738
14960,1436608895382,1.4867992,9.909002,2.1176715
14961,1436608895401,1.4568717,9.801862,2.1613655
14962,1436608895424,1.4598645,9.76535,2.1829133
14963,1436608895443,1.4335283,9.764751,2.1823149
14964,1436608895526,1.3551182,9.8437605,2.130241
14965,1436608895527,1.30484,9.942521,2.0871453
14966,1436608895528,1.30484,9.976639,2.112883
14967,1436608895529,1.335366,9.940127,2.1338322
14968,1436608895542,1.3383588,9.8754835,2.1631613
14969,1436608895568,1.395221,9.813234,2.112883
14970,1436608895581,1.4802152,9.745598,2.0608091
14971,1436608895601,1.5981296,9.584588,2.1338322
14972,1436608895623,1.673547,9.534908,2.2798786
14973,1436608895641,1.5592239,9.954493,2.231396
14974,1436608895661,1.2401965,10.195708,2.243367
14975,1436608895681,0.825401,10.414778,2.1841104
14976,1436608895701,0.62009823,10.609905,2.1110873
14977,1436608895721,0.374094,10.565612,2.100912
14978,1436608895753,0.3752911,10.14543,2.1775265
14979,1436608895763,0.52492875,9.842564,2.2571337
14980,1436608895781,0.5943606,9.701904,2.244564
14981,1436608895801,0.6123171,9.665392,2.1877017
14982,1436608895824,0.64823014,9.705495,2.1290438
14983,1436608895842,0.7188591,9.752781,2.2146366
14984,1436608895862,0.8230068,10.005967,2.309806
14985,1436608895883,0.90021986,10.178948,2.3678656
14986,1436608895904,0.94092125,10.244789,2.4235306
14987,1436608895923,0.9636662,10.209475,2.397793
14988,1436608895942,0.96546185,10.032304,2.3942018
14989,1436608895961,0.94211835,9.932345,2.2744915
14990,1436608895983,0.825401,9.883863,2.1416135
14991,1436608896001,0.741604,9.89763,2.055422
14992,1436608896021,0.6925228,9.872491,2.124854
14993,1436608896054,0.6739678,9.877877,2.235586
14994,1436608896063,0.6697779,9.945514,2.2876596
14995,1436608896086,0.700304,10.01734,2.2906525
14996,1436608896102,0.777517,10.142437,2.2391772
14997,1436608896123,0.8924387,10.121488,2.2864625
14998,1436608896142,1.0097545,10.067618,2.332551
14999,1436608896164,1.1013328,9.999383,2.3415294
15000,1436608896181,1.1288661,9.830592,2.336741
15001,1436608896246,1.1127052,9.801862,2.268506
15002,1436608896247,1.0522517,9.800665,2.2481554
15003,1436608896248,1.0049661,9.848549,2.2511482
15004,1436608896261,1.0061632,9.871892,2.2296004
15005,1436608896282,1.0366893,9.90601,2.256535
15006,1436608896301,1.0911574,9.902418,2.2930467
15007,1436608896326,1.127669,9.953295,2.2876596
15008,1436608896341,1.1121067,9.983223,2.2643163
15009,1436608896363,1.0654198,10.019734,2.2643163
15010,1436608896382,0.9995792,10.064027,2.2451627
15011,1436608896404,0.94092125,10.016742,2.256535
15012,1436608896430,0.91458505,10.0269165,2.2511482
15013,1436608896444,0.92176765,9.976639,2.272696
15014,1436608896464,0.9295488,9.950302,2.2152352
15015,1436608896484,0.9223662,10.014347,2.1703439
15016,1436608896504,0.89603,10.045472,2.2056582
15017,1436608896524,0.91578215,10.03769,2.2230163
15018,1436608896544,0.91099375,9.989806,2.2613235
15019,1436608896564,0.8834604,9.954493,2.224812
15020,1436608896584,0.91578215,9.873688,2.2505496
15021,1436608896604,0.96067345,9.786898,2.2768857
15022,1436608896627,0.98341835,9.799467,2.2780828
15023,1436608896644,1.033098,9.891046,2.2756886
15024,1436608896664,1.0408791,9.937733,2.3247697
15025,1436608896684,1.0618285,10.006566,2.3223755
15026,1436608896707,1.009156,9.970653,2.3558946
15027,1436608896724,0.8834604,10.047866,2.2517467
15028,1436608896742,0.81881696,9.958083,2.2409728
15029,1436608896762,0.89423436,9.874885,2.224812
15030,1436608896781,0.97264445,9.90601,2.1511903
15031,1436608896836,0.99060094,9.936536,2.207454
15032,1436608896837,1.0720038,9.994595,2.2930467
15033,1436608896843,1.1079168,10.022128,2.2798786
15034,1436608896863,1.1079168,10.022128,2.235586
15035,1436608896892,1.1869255,10.02153,2.1996727
15036,1436608896947,1.4083891,10.007763,2.1158757
15037,1436608896948,1.5101427,9.966463,2.1284454
15038,1436608896949,1.4682442,9.931747,2.1721394
15039,1436608896971,1.3760674,9.902418,2.2098482
15040,1436608896982,1.3138182,9.937134,2.2242134
15041,1436608897010,1.2378023,10.0029745,2.2188265
15042,1436608897025,1.1546037,10.044873,2.1960814
15043,1436608897044,1.0989386,9.974244,2.1751323
15044,1436608897073,1.1001357,9.941324,2.1883004
15045,1436608897086,1.1013328,9.920973,2.1577742
15046,1436608897103,1.0690111,9.952697,2.0961237
15047,1436608897123,1.0354922,9.932345,2.0769699
15048,1436608897142,0.98581254,9.81922,2.144606
15049,1436608897163,0.93852705,9.815628,2.2002714
15050,1436608897183,0.7703344,9.877279,2.1290438
15051,1436608897205,0.62129533,9.935339,2.1559787
15052,1436608897226,0.4973954,9.999982,2.2583308
15053,1436608897245,0.3309984,10.093356,2.202067
15054,1436608897265,0.29867667,9.980828,2.0602105
15055,1436608897286,0.6655881,9.81084,1.9698294
15056,1436608897303,1.1330559,9.804854,1.9626468
15057,1436608897325,1.5161282,9.870096,2.0027497
15058,1436608897344,1.7585411,9.935937,2.1218612
15059,1436608897364,1.7770962,9.883863,2.2242134
15060,1436608897385,1.661576,9.96347,2.2697031
15061,1436608897404,1.4790181,10.05445,2.2176294
15062,1436608897425,1.3551182,10.199898,2.0697873
15063,1436608897445,1.3251907,10.231621,2.0009542
15064,1436608897466,1.2791022,10.120291,2.0512323
15065,1436608897485,1.1372458,9.955689,2.1134815
15066,1436608897505,0.92176765,9.85214,2.1493945
15067,1436608897525,0.7505822,9.880871,2.1015105
15068,1436608897545,0.63087213,9.911995,2.1051018
15069,1436608897566,0.55365914,9.972448,2.132635
15070,1436608897585,0.47884035,9.98442,2.190096
15071,1436608897605,0.44352585,10.020931,2.2224178
15072,1436608897625,0.4441244,10.1065235,2.2373815
15073,1436608897644,0.48243165,10.111312,2.2828712
15074,1436608897673,0.5177461,10.062231,2.3624785
15075,1436608897726,0.50038815,9.99639,2.3750482
15076,1436608897727,0.44771573,9.97185,2.2756886
15077,1436608897728,0.49440265,9.880272,2.2134395
15078,1436608897744,0.62967503,9.843162,2.2218192
15079,1436608897766,0.7637503,9.811439,2.2511482
15080,1436608897783,0.8924387,9.7803135,2.3307555
15081,1436608897803,0.9672575,9.755774,2.380435
15082,1436608897825,0.98581254,9.783307,2.409764
15083,1436608897843,0.97144735,9.946113,2.3989902
15084,1436608897863,0.90979666,9.992201,2.3989902
15085,1436608897889,0.8403648,10.073005,2.321777
15086,1436608897903,0.7194576,10.089765,2.247557
15087,1436608897923,0.6865373,10.068815,2.2068555
15088,1436608897948,0.6823475,9.991004,2.259528
15089,1436608897966,0.6440403,9.91439,2.292448
15090,1436608897986,0.635062,9.884461,2.2774844
15091,1436608898006,0.6374562,9.888053,2.2146366
15092,1436608898030,0.6805518,9.91798,2.2008698
15093,1436608898045,0.7164649,9.961076,2.232593
15094,1436608898064,0.7727286,10.029909,2.259528
15095,1436608898086,0.8086416,10.058042,2.321777
15096,1436608898105,0.8702923,10.175956,2.3247697
15097,1436608898124,0.8511387,10.2974615,2.2050598
15098,1436608898146,0.7846996,10.29806,2.1110873
15099,1436608898166,0.7218518,10.2657385,2.1523874
15100,1436608898183,0.6488287,10.019734,2.2427685
15101,1436608898203,0.6183026,9.786898,2.273893
15102,1436608898224,0.6159084,9.749788,2.1960814
15103,1436608898244,0.6757634,9.840768,2.1577742
15104,1436608898268,0.7116765,9.914988,2.1691468
15105,1436608898286,0.6991069,10.017939,2.1996727
15106,1436608898303,0.7044938,9.969456,2.3427265
15107,1436608898325,0.7164649,9.93893,2.3786395
15108,1436608898345,0.7308301,9.918579,2.3600843
15109,1436608898364,0.7110779,9.967062,2.3570917
15110,1436608898429,0.76554596,9.917382,2.337938
15111,1436608898430,0.83856916,9.904214,2.3702598
15112,1436608898431,0.9259575,9.88506,2.3810337
15113,1436608898450,0.98581254,9.91439,2.349909
15114,1436608898464,1.0253168,9.913192,2.3331497
15115,1436608898485,1.0073603,9.89344,2.31639
15116,1436608898503,0.99179804,9.793482,2.3181858
15117,1436608898529,0.9935937,9.776723,2.2996306
15118,1436608898545,1.0085574,9.818023,2.2703018
15119,1436608898565,1.0546459,9.838373,2.2571337
15120,1436608898584,1.1067197,9.88506,2.247557
15121,1436608898606,1.1061212,9.986216,2.244564
15122,1436608898628,1.0468647,10.003573,2.3319526
15123,1436608898644,0.99419224,9.97604,2.3612814
15124,1436608898666,0.9175778,9.940127,2.369661
15125,1436608898684,0.8834604,9.986814,2.3397336
15126,1436608898707,0.83497787,9.996989,2.2343888
15127,1436608898727,0.86131406,9.988011,2.243367
15128,1436608898747,0.93972415,9.918579,2.3301568
15129,1436608898767,1.0289081,9.905411,2.3864205
15130,1436608898787,1.021127,9.949704,2.3570917
15131,1436608898807,1.01574,10.029311,2.3211784
15132,1436608898826,0.9900024,10.037092,2.3145945
15133,1436608898847,0.93852705,9.955689,2.3229742
15134,1436608898867,0.8948329,9.901221,2.3038206
15135,1436608898887,0.8595184,9.889849,2.2900538
15136,1436608898907,0.8451532,9.922171,2.272696
15137,1436608898927,0.8762778,9.901819,2.2720973
15138,1436608898947,0.90261406,9.88925,2.315193
15139,1436608898968,0.9032126,9.834184,2.3259668
15140,1436608898987,0.93134445,9.822212,2.2822728
15141,1436608899006,0.9816227,9.924564,2.2493525
15142,1436608899029,1.0265139,9.959281,2.2577322
15143,1436608899046,1.0235212,9.958083,2.2637177
15144,1436608899071,1.003769,9.989806,2.285864
15145,1436608899152,1.003769,9.992201,2.256535
15146,1436608899153,0.9720459,9.98442,2.231396
15147,1436608899154,0.9487024,9.937134,2.2547395
15148,1436608899155,0.9379285,9.905411,2.2894554
15149,1436608899172,0.8912416,9.956287,2.2619221
15150,1436608899185,0.8098387,9.997588,2.2529438
15151,1436608899209,0.7739257,9.985018,2.267309
15152,1436608899224,0.7386112,10.011354,2.28347
15153,1436608899248,0.7194576,10.031107,2.2732944
15154,1436608899266,0.682946,10.014347,2.2343888
15155,1436608899285,0.6560113,10.050261,2.207454
15156,1436608899305,0.7044938,10.070611,2.1948843
15157,1436608899327,0.74758947,10.099341,2.2158337
15158,1436608899347,0.7685388,10.086772,2.2469583
15159,1436608899365,0.80445176,10.110115,2.309806
15160,1436608899387,0.79487497,10.061034,2.2762873
15161,1436608899407,0.7691373,10.019734,2.2894554
15162,1436608899428,0.7858967,9.98442,2.2750902
15163,1436608899446,0.81522566,9.973646,2.2493525
15164,1436608899467,0.8690952,9.946711,2.2409728
15165,1436608899488,0.9187749,9.926959,2.2535424
15166,1436608899508,0.9648633,9.932944,2.2720973
15167,1436608899528,0.997185,9.914988,2.2972364
15168,1436608899546,0.96905315,9.950302,2.2822728
15169,1436608899568,0.96905315,9.955689,2.3050177
15170,1436608899588,0.9588778,9.914988,2.3451207
15171,1436608899608,0.94570965,9.884461,2.3540988
15172,1436608899627,0.9139865,9.862315,2.3558946
15173,1436608899644,0.90740246,9.882068,2.3373394
15174,1436608899672,0.8888474,9.886257,2.3415294
15175,1436608899697,0.86610246,9.908403,2.3187842
15176,1436608899713,0.8888474,9.88925,2.3546975
15177,1436608899726,0.90500826,9.887454,2.348712
15178,1436608899744,0.91937345,9.880871,2.307412
15179,1436608899765,0.9504981,9.8916445,2.28347
15180,1436608899785,0.97144735,9.895834,2.3026235
15181,1436608899805,0.9947908,9.871294,2.3582888
15182,1436608899835,0.96905315,9.874287,2.333748
15183,1436608899870,0.96546185,9.908403,2.285864
15184,1436608899871,1.002572,9.932345,2.260725
15185,1436608899893,1.0049661,9.916783,2.2828712
15186,1436608899909,0.9636662,9.89344,2.3415294
15187,1436608899930,0.91219085,9.89763,2.327164
15188,1436608899945,0.86729956,9.92636,2.3253684
15189,1436608900053,0.8451532,9.914988,2.3056161
15190,1436608900054,0.86849666,9.903615,2.297835
15191,1436608900055,0.85532856,9.894637,2.309806
15192,1436608900056,0.84216046,9.917382,2.3277626
15193,1436608900057,0.84096336,9.935339,2.3235726
15194,1436608900087,0.81761986,9.935937,2.2990322
15195,1436608900088,0.7835025,9.8515415,2.309806
15196,1436608900105,0.7380127,10.013748,2.296638
15197,1436608900126,0.6793547,10.011953,2.3038206
15198,1436608900144,0.7038953,9.972448,2.3104045
15199,1436608900167,0.6739678,10.05445,2.2679076
15200,1436608900189,0.59974754,10.1161,2.2319946
15201,1436608900209,0.5746084,10.134057,2.195483
15202,1436608900229,0.53330845,10.071808,2.2427685
15203,1436608900249,0.50517654,9.994595,2.295441
15204,1436608900269,0.48961425,9.933543,2.2918496
15205,1436608900289,0.52492875,9.935937,2.27928
15206,1436608900305,0.5374983,9.946113,2.2631192
15207,1436608900329,0.56323594,10.000581,2.28347
15208,1436608900349,0.57161564,9.977836,2.3026235
15209,1436608900368,0.6075287,9.972448,2.35769
15210,1436608900389,0.57760113,9.906608,2.3690627
15211,1436608900409,0.5542577,9.916184,2.3175871
15212,1436608900424,0.54408234,9.913192,2.296638
15213,1436608900449,0.5482722,9.913791,2.3038206
15214,1436608900469,0.55006784,9.883265,2.3612814
15215,1436608900489,0.5374983,9.914988,2.355296
15216,1436608900509,0.50158525,9.989806,2.3157916
15217,1436608900529,0.46986207,10.037092,2.2900538
15218,1436608900550,0.4405331,10.045472,2.2786815
15219,1436608900568,0.39324763,10.0029745,2.3289597
15220,1436608900593,0.34117374,10.007165,2.3511062
15221,1436608900609,0.31124622,10.043676,2.3092074
15222,1436608900624,0.2896984,10.06283,2.2463598
15223,1436608900646,0.3250129,10.069414,2.273893
15224,1436608900669,0.36511576,10.016742,2.3229742
15225,1436608900687,0.42556936,9.942521,2.3636756
15226,1436608900706,0.42916065,9.960478,2.3403323
15227,1436608900727,0.46387658,9.969456,2.303222
15228,1436608900746,0.53809685,9.931747,2.3241713
15229,1436608900766,0.6218939,9.89344,2.3588872
15230,1436608900789,0.6607997,9.908403,2.3570917
15231,1436608900808,0.623091,9.956886,2.3439236
15232,1436608900829,0.62129533,9.941324,2.3744495
15233,1436608900849,0.61112,9.916184,2.4277205
15234,1436608900869,0.54887074,9.903017,2.428319
15235,1436608900889,0.51116204,9.943718,2.409764
15236,1436608900909,0.504578,9.992201,2.3870192
15237,1436608900930,0.46447513,10.031107,2.3828292
15238,1436608900956,0.4429273,10.030508,2.391209
15239,1436608900978,0.37828386,10.034698,2.3822308
15240,1436608900986,0.34356794,10.084976,2.337938
15241,1436608901009,0.32800564,10.115502,2.333748
15242,1436608901036,0.32621,10.053851,2.3475149
15243,1436608901047,0.3274071,10.007165,2.355296
15244,1436608901069,0.35673606,9.988011,2.3702598
15245,1436608901092,0.37110126,9.996989,2.381632
15246,1436608901109,0.39444473,10.02153,2.4229321
15247,1436608901127,0.40880993,9.968259,2.461838
15248,1436608901149,0.45250413,9.962274,2.4582467
15249,1436608901169,0.48123455,9.914988,2.4127567
15250,1436608901187,0.5398925,9.931747,2.3900118
15251,1436608901215,0.60094464,9.94312,2.4247277
15252,1436608901282,0.61112,9.940725,2.4797945
15253,1436608901284,0.5955577,9.934141,2.4851813
15254,1436608901286,0.5614403,9.874885,2.4343045
15255,1436608901287,0.504578,9.898827,2.4396915
15256,1436608901306,0.48123455,9.9233675,2.475006
15257,1436608901327,0.4285621,9.965266,2.508525
15258,1436608901347,0.36391866,9.926959,2.4756045
15259,1436608901367,0.33399114,9.867104,2.4498668
15260,1436608901386,0.36511576,9.808446,2.4139538
15261,1436608901407,0.3788824,9.770737,2.345719
15262,1436608901433,0.3776853,9.762358,2.2870612
15263,1436608901447,0.44891283,9.825804,2.315193
15264,1436608901470,0.49081135,9.909601,2.396596
15265,1436608901490,0.4177882,10.175956,2.3475149
15266,1436608901510,0.3561375,10.149619,2.3535004
15267,1436608901530,0.37349546,10.083779,2.3403323
15268,1436608901550,0.3609259,9.998186,2.303222
15269,1436608901570,0.36990416,9.950302,2.2469583
15270,1436608901590,0.39085343,9.895236,2.2649148
15271,1436608901610,0.47105917,9.886257,2.2882583
15272,1436608901630,0.4961983,9.864111,2.3594859
15273,1436608901650,0.46088383,10.007763,2.4025815
15274,1436608901667,0.3878607,10.097546,2.3475149
15275,1436608901690,0.32680854,10.024523,2.3307555
15276,1436608901710,0.3417723,10.038289,2.3882163
15277,1436608901728,0.32680854,9.988011,2.4408886
15278,1436608901749,0.3393781,9.981427,2.3888147
15279,1436608901769,0.34596214,9.990405,2.3289597
15280,1436608901790,0.40043023,9.923966,2.337938
15281,1436608901810,0.45070848,9.911995,2.3870192
15282,1436608901830,0.4441244,9.913791,2.3828292
15283,1436608901850,0.45429978,9.934141,2.3834279
15284,1436608901869,0.45669398,10.003573,2.3181858
15285,1436608901889,0.46806642,10.075998,2.27928
15286,1436608901908,0.45130703,10.052654,2.2816741
15287,1436608901927,0.4321534,10.041881,2.2984335
15288,1436608901950,0.41120413,10.199299,2.3463178
15289,1436608901999,0.3573346,10.162787,2.3343468
15290,1436608902000,0.32202014,10.056246,2.3056161
15291,1436608902072,0.2705448,10.041282,2.2876596
15292,1436608902073,0.26635495,10.061633,2.321777
15293,1436608902074,0.31364042,10.01315,2.3660698
15294,1436608902075,0.3417723,10.043676,2.3570917
15295,1436608902092,0.30825347,10.086772,2.35769
15296,1436608902119,0.2765303,10.059837,2.409764
15297,1436608902128,0.27473465,9.9951935,2.4127567
15298,1436608902158,0.32142156,9.983821,2.4013844
15299,1436608902173,0.33039984,9.982624,2.3798366
15300,1436608902189,0.38187516,9.985617,2.356493
15301,1436608902209,0.46088383,9.988609,2.356493
15302,1436608902232,0.4890157,9.991004,2.3882163
15303,1436608902247,0.5009867,10.055647,2.392406
15304,1436608902270,0.52373165,10.087969,2.4091654
15305,1436608902290,0.55365914,10.06283,2.433706
15306,1436608902310,0.51954174,10.018537,2.4570496
15307,1436608902330,0.46387658,9.983223,2.456451
15308,1436608902350,0.4369418,9.985018,2.4331074
15309,1436608902370,0.41718966,10.023325,2.4061728
15310,1436608902390,0.43634325,9.999982,2.441487
15311,1436608902410,0.45250413,9.970055,2.496554
15312,1436608902430,0.50278234,9.9928,2.5187001
15313,1436608902455,0.52612585,9.997588,2.529474
15314,1436608902467,0.5590461,10.041881,2.5390508
15315,1436608902490,0.55365914,10.001179,2.5779567
15316,1436608902508,0.53929394,9.946113,2.6234465
15317,1436608902530,0.5267244,9.924564,2.6503813
15318,1436608902549,0.48362875,9.90601,2.6372132
15319,1436608902571,0.4794389,9.890448,2.6844985
15320,1436608902591,0.48123455,9.880272,2.712032
15321,1436608902610,0.504578,9.81922,2.7665
15322,1436608902631,0.4878186,9.812037,2.7659016
15323,1436608902649,0.4938041,9.817424,2.7868507
15324,1436608902670,0.5374983,9.787497,2.7611132
15325,1436608902690,0.5710171,9.736021,2.7647045
15326,1436608902710,0.6027403,9.687539,2.794632
15327,1436608902735,0.641646,9.69951,2.8377275
15328,1436608902798,0.6464345,9.69532,2.834735
15329,1436608902799,0.66498953,9.667787,2.9053638
15330,1436608902800,0.6769605,9.649231,2.9418752
15331,1436608902808,0.6997054,9.693524,3.0023289
15332,1436608902835,0.66259533,9.710882,2.9783869
15333,1436608902849,0.6476316,9.645041,2.9741971
15334,1436608902868,0.6979098,9.567828,2.9885623
15335,1436608902889,0.7445967,9.543886,2.9460652
15336,1436608902908,0.7493851,9.567828,2.9460652
15337,1436608902930,0.7990648,9.531317,2.9406781
15338,1436608902948,0.8122329,9.548675,2.9191303
15339,1436608902971,0.7637503,9.518747,2.920926
15340,1436608902992,0.7344214,9.494805,2.8981812
15341,1436608903011,0.7553706,9.510367,2.89459
15342,1436608903033,0.7553706,9.490017,2.8820202
15343,1436608903048,0.7565677,9.541492,2.8329391
15344,1436608903069,0.78170687,9.591172,2.8083985
15345,1436608903093,0.81043726,9.603143,2.8688521
15346,1436608903110,0.9151836,9.602545,2.885013
15347,1436608903128,0.9247604,9.6288805,2.8820202
15348,1436608903150,0.87089086,9.621099,2.8257565
15349,1436608903171,0.78410107,9.633071,2.8060043
15350,1436608903191,0.6895301,9.676167,2.7581203
15351,1436608903211,0.599149,9.731832,2.7102363
15352,1436608903232,0.55006784,9.821614,2.718616
15353,1436608903249,0.5327099,9.8754835,2.6940753
15354,1436608903270,0.46148238,9.9550905,2.6623523
15355,1436608903291,0.39504328,9.96766,2.6593595
15356,1436608903311,0.41718966,9.977237,2.622848
15357,1436608903332,0.4309563,10.017939,2.6030958
15358,1436608903350,0.42796355,10.067019,2.566584
15359,1436608903372,0.38845924,10.131064,2.5498247
15360,1436608903388,0.3489549,10.125677,2.510919
15361,1436608903409,0.33159694,10.078991,2.4809916
15362,1436608903430,0.3728969,10.065224,2.4420857
15363,1436608903499,0.4357447,9.994595,2.4013844
15364,1436608903500,0.5081693,9.99639,2.333748
15365,1436608903501,0.58418524,10.0341,2.2643163
15366,1436608903515,0.6338649,10.030508,2.2523453
15367,1436608903528,0.7146692,10.079589,2.2343888
15368,1436608903551,0.79726917,10.127473,2.2242134
15369,1436608903569,0.87328506,10.207679,2.2140381
15370,1436608903588,0.9008184,10.281301,2.183512
15371,1436608903610,0.87448215,10.290278,2.15957
15372,1436608903631,0.82360536,10.333375,2.148796
15373,1436608903650,0.78170687,10.367492,2.166154
15374,1436608903670,0.7320272,10.350134,2.2188265
15375,1436608903692,0.6811504,10.3692875,2.1517887
15376,1436608903709,0.65242,10.382456,2.1458032
15377,1436608903732,0.6218939,10.346542,2.146402
15378,1436608903752,0.6003461,10.327988,2.1823149
15379,1436608903769,0.56922144,10.280702,2.2517467
15380,1436608903790,0.5650316,10.271125,2.2810757
15381,1436608903812,0.57041854,10.2406,2.3187842
15382,1436608903832,0.5943606,10.199299,2.3582888
15383,1436608903850,0.6206968,10.117298,2.3391352
15384,1436608903872,0.6751649,10.0269165,2.360683
15385,1436608903891,0.7858967,9.863512,2.4001873
15386,1436608903909,0.85413146,9.744401,2.4361002
15387,1436608903932,0.93373865,9.627085,2.473809
15388,1436608903950,0.98940384,9.583989,2.472612
15389,1436608903970,1.0546459,9.506777,2.5133133
15390,1436608903989,1.1366472,9.45171,2.5611973
15391,1436608904013,1.151611,9.425972,2.5905263
15392,1436608904033,1.158195,9.412206,2.6001031
15393,1436608904055,1.1959038,9.417592,2.6276364
15394,1436608904073,1.2593501,9.469068,2.6503813
15395,1436608904092,1.2749124,9.543288,2.6755204
15396,1436608904110,1.2366052,9.6767645,2.690484
15397,1436608904129,1.1899183,9.742605,2.6886885
15398,1436608904150,1.1563994,9.807847,2.6940753
15399,1436608904170,0.9983821,9.808446,2.6844985
15400,1436608904216,0.81522566,9.835381,2.6120741
15401,1436608904217,0.7116765,9.825804,2.5635915
15402,1436608904237,0.7015011,9.807847,2.5677812
15403,1436608904249,0.6715736,9.797672,2.5755625
15404,1436608904269,0.635062,9.831789,2.5570073
15405,1436608904289,0.6500258,9.803059,2.5432408
15406,1436608904309,0.6721721,9.820416,2.5234885
15407,1436608904333,0.7158663,9.781511,2.5151088
15408,1436608904351,0.7679402,9.818023,2.4995465
15409,1436608904371,0.88286185,9.858126,2.4929626
15410,1436608904390,0.9516952,9.922769,2.492364
15411,1436608904410,0.96905315,9.98442,2.5079262
15412,1436608904432,0.943914,10.05445,2.48578
15413,1436608904450,0.89543146,10.050261,2.5157075
15414,1436608904470,0.84934306,10.024523,2.4995465
15415,1436608904493,0.7721301,9.962274,2.460641
15416,1436608904512,0.7080852,9.942521,2.4091654
15417,1436608904532,0.6823475,10.007763,2.3535004
15418,1436608904550,0.65301853,10.014347,2.3732524
15419,1436608904573,0.6512229,10.040684,2.4193408
15420,1436608904593,0.6278794,10.048465,2.445677
15421,1436608904611,0.6607997,10.094553,2.4049757
15422,1436608904630,0.6997054,10.089166,2.4025815
15423,1436608904653,0.7589619,10.02153,2.4001873
15424,1436608904672,0.78410107,9.9928,2.433706
15425,1436608904692,0.81163436,9.996989,2.3989902
15426,1436608904710,0.82240826,10.070012,2.3373394
15427,1436608904733,0.8265981,10.089765,2.3301568
15428,1436608904753,0.8475474,10.104729,2.3612814
15429,1436608904774,0.8559271,10.116699,2.3720553
15430,1436608904793,0.80564886,10.1226845,2.3678656
15431,1436608904810,0.712275,10.15381,2.356493
15432,1436608904832,0.6476316,10.180145,2.344522
15433,1436608904853,0.676362,10.048465,2.3690627
15434,1436608904871,0.80804306,9.983821,2.405574
15435,1436608904892,0.93373865,9.915586,2.3756466
15436,1436608904939,1.0043676,9.904813,2.3511062
15437,1436608904940,1.0666169,9.909002,2.3600843
15438,1436608904959,1.1073183,9.799467,2.3756466
15439,1436608904970,1.1085154,9.7863,2.397793
15440,1436608904992,1.1049241,9.745,2.3900118
15441,1436608905010,1.1013328,9.715671,2.4013844
15442,1436608905031,1.0773908,9.69113,2.3690627
15443,1436608905052,1.0899603,9.688736,2.368464
15444,1436608905075,1.062427,9.627684,2.397793
15445,1436608905091,1.067814,9.623494,2.4492683
15446,1436608905110,1.1049241,9.616311,2.4648306
15447,1436608905132,1.2312182,9.497798,2.44448
15448,1436608905150,1.335366,9.503185,2.460641
15449,1436608905173,1.3557167,9.693524,2.520496
15450,1436608905193,1.210269,9.840768,2.4893713
15451,1436608905213,1.0193313,9.930551,2.4229321
15452,1436608905230,0.8086416,9.932345,2.3930047
15453,1436608905251,0.6171055,9.949105,2.397793
15454,1436608905273,0.45370123,10.007165,2.296638
15455,1436608905293,0.3597288,9.992201,2.1877017
15456,1436608905311,0.44592008,9.920375,2.235586
15457,1436608905331,0.5907693,9.903615,2.3469162
15458,1436608905351,0.65780693,9.928156,2.3870192
15459,1436608905371,0.6332663,10.019734,2.3834279
15460,1436608905392,0.47225627,10.172364,2.3774424
15461,1436608905413,0.27353755,10.254965,2.3451207
15462,1436608905432,0.079008654,10.269928,2.3355439
15463,1436608905450,-0.0047884034,10.248381,2.3133974
15464,1436608905474,0.027533319,10.250774,2.2828712
15465,1436608905536,0.17717093,10.226234,2.2511482
15466,1436608905537,0.3669114,10.254965,2.2014685
15467,1436608905538,0.5267244,10.2657385,2.2224178
15468,1436608905550,0.57161564,10.212467,2.2062569
15469,1436608905570,0.5315128,10.18254,2.2278047
15470,1436608905591,0.4237737,10.152613,2.2343888
15471,1436608905624,0.3824737,10.094553,2.1960814
15472,1436608905680,0.3752911,10.073604,2.1853075
15473,1436608905681,0.45310268,10.033501,2.219425
15474,1436608905682,0.5153519,10.044274,2.2463598
15475,1436608905697,0.54288524,10.02572,2.2972364
15476,1436608905713,0.6302736,9.993997,2.3391352
15477,1436608905732,0.6811504,9.9928,2.3828292
15478,1436608905752,0.7009025,9.992201,2.3840263
15479,1436608905771,0.7134721,9.952098,2.3906105
15480,1436608905791,0.7308301,9.932345,2.3648727
15481,1436608905810,0.7236475,9.898827,2.3301568
15482,1436608905831,0.7613561,9.833585,2.391209
15483,1436608905854,0.7811083,9.788693,2.4013844
15484,1436608905871,0.82599956,9.696517,2.4408886
15485,1436608905893,0.8355764,9.74859,2.4199393
15486,1436608905911,0.8415619,9.734824,2.4361002
15487,1436608905931,0.8619126,9.677961,2.4582467
15488,1436608905952,0.89423436,9.696517,2.4929626
15489,1436608905973,0.89303726,9.633071,2.544438
15490,1436608905994,0.8487445,9.628283,2.5342624
15491,1436608906011,0.777517,9.6845455,2.5169046
15492,1436608906034,0.7398083,9.751583,2.510919
15493,1436608906053,0.6835446,9.785701,2.5492263
15494,1436608906128,0.64942724,9.82341,2.5929205
15495,1436608906129,0.6410475,9.884461,2.5881321
15496,1436608906130,0.6242881,9.941922,2.5240872
15497,1436608906131,0.6039374,9.916184,2.498948
15498,1436608906154,0.5602432,9.906608,2.4893713
15499,1436608906173,0.50876784,9.91439,2.4875755
15500,1436608906193,0.40342298,9.894637,2.4384944
15501,1436608906213,0.34835634,9.940127,2.3612814
15502,1436608906235,0.29328972,9.969456,2.343325
15503,1436608906262,0.30825347,10.007763,2.3301568
15504,1436608906271,0.30585927,10.019734,2.385822
15505,1436608906291,0.32920274,10.060435,2.3983915
15506,1436608906311,0.3429694,10.108918,2.3888147
15507,1436608906331,0.362123,10.140641,2.3888147
15508,1436608906353,0.3309984,10.203489,2.4133554
15509,1436608906376,0.2705448,10.1861315,2.4001873
15510,1436608906428,0.22026655,10.132261,2.44029
15511,1436608906429,0.1352724,10.108918,2.417545
15512,1436608906432,0.05865794,10.05445,2.3768437
15513,1436608906451,0.037708677,10.042479,2.349909
15514,1436608906472,0.073621705,10.017939,2.3289597
15515,1436608906492,0.16220717,10.020931,2.349909
15516,1436608906511,0.29269117,10.011354,2.3505075
15517,1436608906533,0.439336,10.012551,2.372654
15518,1436608906551,0.599149,10.02153,2.3774424
15519,1436608906574,0.6500258,9.9928,2.3774424
15520,1436608906592,0.6847417,9.967062,2.3948002
15521,1436608906613,0.682946,9.964069,2.3959973
15522,1436608906632,0.6464345,9.999982,2.380435
15523,1436608906655,0.59615624,10.003573,2.4001873
15524,1436608906674,0.5291186,9.988609,2.420538
15525,1436608906695,0.4878186,9.937134,2.4259248
15526,1436608906715,0.45070848,9.916783,2.429516
15527,1436608906735,0.41958386,9.916184,2.4157495
15528,1436608906755,0.44113165,9.918579,2.4265234
15529,1436608906774,0.4249708,9.931747,2.4301147
15530,1436608906795,0.47285482,9.943718,2.432509
15531,1436608906849,0.54288524,9.944916,2.445677
15532,1436608906850,0.5967548,9.910199,2.4546554
15533,1436608906852,0.6194997,9.904813,2.4540567
15534,1436608906874,0.6398504,9.90601,2.4247277
15535,1436608906892,0.64463884,9.882666,2.408567
15536,1436608906913,0.6536171,9.849147,2.4025815
15537,1436608906932,0.7134721,9.807249,2.3906105
15538,1436608906957,0.8343793,9.814431,2.4199393
15539,1436608906977,0.8798691,9.842564,2.4678235
15540,1436608906997,0.9163807,9.847352,2.4875755
15541,1436608907014,0.9068039,9.860519,2.4702177
15542,1436608907034,0.9032126,9.9233675,2.4594438
15543,1436608907054,0.91219085,9.958682,2.4552538
15544,1436608907072,0.96426475,9.931747,2.4791958
15545,1436608907192,1.0013748,9.900024,2.5181017
15546,1436608907193,1.0145429,9.890448,2.521693
15547,1436608907194,1.0127473,9.881469,2.5438392
15548,1436608907205,0.9959879,9.842564,2.5246856
15549,1436608907206,0.98461545,9.807847,2.5091233
15550,1436608907207,1.0295067,9.813833,2.4995465
15551,1436608907216,1.0660183,9.870096,2.4019828
15552,1436608907235,1.0618285,9.846753,2.4103625
15553,1436608907252,0.8810662,9.859323,2.4378958
15554,1436608907274,0.599149,10.073005,2.493561
15555,1436608907295,0.34596214,10.092757,2.5953147
15556,1436608907313,0.23283611,9.965266,2.7204118
15557,1436608907334,0.15322891,10.016742,2.634819
15558,1436608907353,0.18435353,9.874885,2.5725696
15559,1436608907375,0.39803603,9.585187,2.5845408
15560,1436608907392,0.6003461,9.464279,2.6001031
15561,1436608907415,0.7104794,9.604341,2.6013002
15562,1436608907436,0.81343,9.806051,2.5222914
15563,1436608907455,0.95588505,9.979631,2.533664
15564,1436608907475,1.049259,10.009559,2.5312698
15565,1436608907495,1.1168951,9.992201,2.4971523
15566,1436608907515,1.1755531,10.05445,2.381632
15567,1436608907536,1.2539631,9.910199,2.3493104
15568,1436608907555,1.3688848,9.794081,2.319383
15569,1436608907573,1.5167267,9.797672,2.243367
15570,1436608907593,1.5771804,9.7719345,2.2062569
15571,1436608907616,1.6346412,9.788095,2.2960393
15572,1436608907635,1.6184803,9.8198185,2.3906105
15573,1436608907653,1.5125369,9.904813,2.4480712
15574,1436608907673,1.3329718,9.964069,2.5019407
15575,1436608907696,1.1426327,10.010158,2.5420437
15576,1436608907716,0.9020155,9.974244,2.5594015
15577,1436608907736,0.7146692,9.951499,2.5019407
15578,1436608907755,0.61770403,9.956287,2.4349031
15579,1436608907775,0.6368576,9.968858,2.441487
15580,1436608907794,0.70509243,9.953295,2.4851813
15581,1436608907814,0.7314286,9.953894,2.558803
15582,1436608907835,0.7044938,10.070611,2.5623944
15583,1436608907856,0.65900403,10.028113,2.5354595
15584,1436608907909,0.6314707,9.944916,2.4941597
15585,1436608907922,0.6667852,9.928156,2.468422
15586,1436608907923,0.7284359,9.928156,2.4516625
15587,1436608907938,0.79367787,9.93474,2.5013423
15588,1436608907953,0.87208796,9.946113,2.5252843
15589,1436608907975,0.90740246,9.916184,2.5288756
15590,1436608907993,0.9463082,9.882068,2.4797945
15591,1436608908021,0.9672575,9.81922,2.4187422
15592,1436608908036,0.9708488,9.803059,2.4690206
15593,1436608908057,0.9415198,9.928755,2.5540147
15594,1436608908077,0.7763199,9.938332,2.5408466
15595,1436608908102,0.7428011,9.880871,2.5312698
15596,1436608908115,0.86011696,9.943718,2.5480292
15597,1436608908136,0.8870517,9.924564,2.617461
15598,1436608908156,0.8110358,9.955689,2.6581624
15599,1436608908176,0.6955156,9.948506,2.5187001
15600,1436608908196,0.6781576,9.855731,2.4115596
15601,1436608908216,0.705691,9.828796,2.384625
15602,1436608908236,0.82599956,9.872491,2.4534583
15603,1436608908256,0.94690675,9.870096,2.5713725
15604,1436608908276,1.050456,9.807249,2.622848
15605,1436608908296,1.1318588,9.714474,2.5659857
15606,1436608908317,1.1587936,9.740809,2.534861
15607,1436608908334,1.1264719,9.812037,2.566584
15608,1436608908356,1.0079589,9.812635,2.5408466
15609,1436608908373,0.93014735,9.847352,2.5187001
15610,1436608908393,0.8559271,9.895236,2.505532
15611,1436608908414,0.85772276,9.846154,2.4983494
15612,1436608908438,0.931943,9.952098,2.5169046
15613,1436608908459,1.002572,10.027515,2.5372553
15614,1436608908479,1.0809821,9.929353,2.5151088
15615,1436608908496,1.110311,9.891046,2.4366987
15616,1436608908514,1.055843,9.884461,2.4049757
15617,1436608908533,1.049259,9.912594,2.4061728
15618,1436608908553,0.997185,9.962274,2.415151
15619,1436608908576,0.91937345,10.0029745,2.4474726
15620,1436608908594,0.85413146,9.994595,2.4762032
15621,1436608908650,0.8403648,9.987412,2.4253263
15622,1436608908663,0.86370826,9.901819,2.3403323
15623,1436608908664,0.95349085,9.837176,2.3169887
15624,1436608908673,1.0911574,9.906608,2.2870612
15625,1436608908699,1.2030864,9.9233675,2.3361423
15626,1436608908716,1.2539631,9.877279,2.3828292
15627,1436608908733,1.3084313,9.838972,2.348712
15628,1436608908755,1.3263878,9.877877,2.2948422
15629,1436608908774,1.3054385,9.920375,2.243367
15630,1436608908795,1.2455834,9.928755,2.2709002
15631,1436608908814,1.1839328,10.010756,2.3062148
15632,1436608908837,1.0977415,10.125677,2.2637177
15633,1436608908853,1.0726024,10.072407,2.2230163
15634,1436608908877,1.0660183,9.99639,2.3116016
15635,1436608908897,1.0432734,9.956886,2.331354
15636,1436608908917,1.0097545,9.935937,2.2331917
15637,1436608908937,0.94451255,9.937733,2.1894975
15638,1436608908957,0.9008184,9.949704,2.207454
15639,1436608908976,0.90141696,9.961076,2.2301989
15640,1436608908997,0.9032126,9.990405,2.2493525
15641,1436608909017,0.91338795,9.975441,2.2391772
15642,1436608909044,0.9564836,10.057443,2.2218192
15643,1436608909056,0.98222125,9.996989,2.2703018
15644,1436608909076,0.96546185,9.983821,2.2541409
15645,1436608909096,0.908001,10.015544,2.1481974
15646,1436608909116,0.9211691,9.983223,2.156577
15647,1436608909137,0.99299514,10.029909,2.2403743
15648,1436608909156,1.027711,10.019734,2.2655134
15649,1436608909177,0.9911995,10.024523,2.2888567
15650,1436608909197,0.9804256,10.032902,2.2379801
15651,1436608909217,1.0013748,10.052056,2.1883004
15652,1436608909237,1.0265139,10.02572,2.2224178
15653,1436608909257,1.0450691,9.99639,2.2391772
15654,1436608909276,1.0384849,9.907805,2.2319946
15655,1436608909303,1.0169371,9.874287,2.2379801
15656,1436608909370,0.96306765,9.853337,2.1667526
15657,1436608909374,0.95827925,9.84795,2.1481974
15658,1436608909375,0.9636662,9.812635,2.2559366
15659,1436608909376,0.9498995,9.878476,2.2756886
15660,1436608909395,0.931943,9.918579,2.223615
15661,1436608909415,0.9840169,9.998186,2.2272062
15662,1436608909434,1.0043676,9.996989,2.3122003
15663,1436608909454,0.97623575,10.020931,2.3648727
15664,1436608909477,0.91578215,9.998785,2.3229742
15665,1436608909495,0.89303726,9.975441,2.2655134
15666,1436608909518,0.8559271,9.935339,2.284667
15667,1436608909534,0.8655039,9.910798,2.3157916
15668,1436608909558,0.89782566,9.988011,2.2882583
15669,1436608909577,0.92895025,10.009559,2.3421278
15670,1436608909597,0.95468795,10.062231,2.3421278
15671,1436608909617,0.9876082,10.069414,2.3289597
15672,1436608909637,0.94930094,10.036493,2.28347
15673,1436608909657,0.91458505,9.97604,2.2331917
15674,1436608909677,0.92895025,9.936536,2.1883004
15675,1436608909697,0.92535895,9.908403,2.2457612
15676,1436608909718,0.8738836,9.953894,2.3026235
15677,1436608909737,0.86370826,9.943718,2.3253684
15678,1436608909758,0.8726865,9.953295,2.35769
15679,1436608909775,0.8511387,9.93474,2.3594859
15680,1436608909797,0.8487445,9.935339,2.3343468
15681,1436608909818,0.84335756,9.90601,2.3139958
15682,1436608909838,0.8619126,9.870096,2.3026235
15683,1436608909858,0.86969376,9.837176,2.3014264
15684,1436608909878,0.85891986,9.84795,2.2828712
15685,1436608909898,0.8559271,9.850943,2.2613235
15686,1436608909917,0.8810662,9.821614,2.3026235
15687,1436608909936,0.86490536,9.753978,2.2774844
15688,1436608909959,0.84575176,9.76535,2.2571337
15689,1436608909980,0.86849666,9.788095,2.2577322
15690,1436608909999,0.9008184,9.840169,2.3110032
15691,1436608910019,0.9636662,9.930551,2.3439236
15692,1436608910138,0.9900024,9.952697,2.3834279
15693,1436608910139,0.95947635,9.973646,2.4049757
15694,1436608910140,0.8912416,9.99639,2.44029
15695,1436608910141,0.7517793,9.990405,2.4355016
15696,1436608910142,0.6039374,9.973047,2.4277205
15697,1436608910143,0.49679685,9.96766,2.3750482
15698,1436608910156,0.43514615,9.986216,2.3600843
15699,1436608910178,0.4333505,9.979631,2.3403323
15700,1436608910195,0.47524905,9.980828,2.356493
15701,1436608910218,0.5566519,9.970653,2.3840263
15702,1436608910235,0.62728083,9.950901,2.4133554
15703,1436608910256,0.66139823,9.954493,2.4091654
15704,1436608910276,0.7009025,9.983821,2.416348
15705,1436608910297,0.6919243,9.948506,2.4384944
15706,1436608910317,0.6775591,9.949704,2.4361002
15707,1436608910338,0.6997054,9.925163,2.4091654
15708,1436608910358,0.6955156,9.91439,2.441487
15709,1436608910378,0.7062895,9.923966,2.4319103
15710,1436608910398,0.7038953,9.892841,2.417545
15711,1436608910420,0.7266402,9.897031,2.4073699
15712,1436608910437,0.78888947,9.890448,2.4271219
15713,1436608910458,0.83976626,9.957485,2.3900118
15714,1436608910478,0.8403648,9.972448,2.3983915
15715,1436608910496,0.85652566,9.93893,2.3983915
15716,1436608910516,0.82240826,9.925163,2.3959973
15717,1436608910538,0.7428011,9.942521,2.36188
15718,1436608910558,0.7068881,9.911396,2.355296
15719,1436608910579,0.6925228,9.936536,2.4079683
15720,1436608910598,0.6536171,9.989208,2.372654
15721,1436608910618,0.6218939,9.966463,2.328361
15722,1436608910638,0.63206923,9.900622,2.3349452
15723,1436608910659,0.6739678,9.922171,2.3409307
15724,1436608910679,0.6991069,9.945514,2.345719
15725,1436608910699,0.7015011,9.949105,2.349909
15726,1436608910719,0.74639237,9.977237,2.356493
15727,1436608910737,0.74639237,10.005967,2.4007857
15728,1436608910757,0.6781576,9.974843,2.385822
15729,1436608910785,0.61530983,9.955689,2.3588872
15730,1436608910851,0.5542577,9.927557,2.337938
15731,1436608910852,0.6027403,9.9473095,2.2942438
15732,1436608910856,0.6775591,9.9712515,2.307412
15733,1436608910857,0.75716627,9.962872,2.3540988
15734,1436608910877,0.8026561,9.983223,2.3918076
15735,1436608910896,0.8194155,10.01734,2.4001873
15736,1436608910915,0.75477207,10.044274,2.3439236
15737,1436608910936,0.6781576,10.059837,2.3014264
15738,1436608910956,0.5895722,10.016742,2.3008277
15739,1436608910977,0.5554548,9.996989,2.3139958
15740,1436608910996,0.5566519,10.015544,2.3122003
15741,1436608911017,0.5883751,9.983821,2.3289597
15742,1436608911041,0.62608373,9.953295,2.3768437
15743,1436608911056,0.6404489,9.930551,2.3852234
15744,1436608911079,0.6967127,9.910798,2.3624785
15745,1436608911096,0.7763199,9.906608,2.393603
15746,1436608911117,0.86969376,9.921572,2.380435
15747,1436608911139,0.9379285,9.948506,2.397793
15748,1436608911159,1.0121487,9.937134,2.4301147
15749,1436608911179,1.0139444,9.958682,2.4301147
15750,1436608911199,1.0133458,9.932944,2.4037786
15751,1436608911219,0.98102415,9.932944,2.3654714
15752,1436608911239,0.95229375,9.906608,2.3822308
15753,1436608911260,0.931943,9.883863,2.4121583
15754,1436608911277,0.90141696,9.897031,2.420538
15755,1436608911299,0.88166475,9.895834,2.3678656
15756,1436608911319,0.92775315,9.892841,2.3636756
15757,1436608911339,0.94930094,9.861717,2.4061728
15758,1436608911359,0.9588778,9.871892,2.3948002
15759,1436608911379,0.9427169,9.891046,2.4001873
15760,1436608911399,0.9900024,9.911396,2.3768437
15761,1436608911416,0.9888053,9.907805,2.4037786
15762,1436608911436,0.98341835,9.903615,2.432509
15763,1436608911456,0.96187055,9.88506,2.44029
15764,1436608911476,0.9103952,9.882666,2.3930047
15765,1436608911496,0.9295488,9.885659,2.3582888
15766,1436608911518,0.9876082,9.894637,2.372654
15767,1436608911536,1.0360907,9.8515415,2.4211364
15768,1436608911591,1.0235212,9.887454,2.4307132
15769,1436608911592,0.9959879,9.92636,2.3948002
15770,1436608911598,0.98581254,9.929952,2.3702598
15771,1436608911616,0.9756372,9.956287,2.384625
15772,1436608911639,0.93972415,9.903615,2.4073699
15773,1436608911657,0.90979666,9.89344,2.4061728
15774,1436608911676,0.931943,9.89763,2.369661
15775,1436608911698,0.9163807,9.924564,2.3546975
15776,1436608911718,0.90979666,9.915586,2.3732524
15777,1436608911738,0.908001,9.916184,2.3983915
15778,1436608911757,0.89782566,9.927557,2.3918076
15779,1436608911777,0.86490536,9.942521,2.379238
15780,1436608911798,0.84575176,9.876082,2.3840263
15781,1436608911819,0.7799112,9.900024,2.4019828
15782,1436608911840,0.724246,9.8276,2.4570496
15783,1436608911860,0.6727707,9.903615,2.4881742
15784,1436608911880,0.6781576,10.0029745,2.556409
15785,1436608911900,0.6991069,10.120291,2.5354595
15786,1436608911920,0.6787562,10.290877,2.385822
15787,1436608911940,0.6344634,10.301651,2.27928
15788,1436608911960,0.7152678,10.202292,2.2134395
15789,1436608911980,0.8230068,10.078392,2.195483
15790,1436608911998,0.95109665,10.020931,2.1745336
15791,1436608912020,1.0767922,10.016742,2.1452048
15792,1436608912089,1.1402385,9.96347,2.1984756
15793,1436608912090,1.1073183,9.961076,2.2870612
15794,1436608912092,0.99658644,9.964069,2.3265655
15795,1436608912097,0.89543146,9.943718,2.3720553
15796,1436608912118,0.8283938,9.88925,2.4349031
15797,1436608912142,0.789488,9.877279,2.456451
15798,1436608912160,0.6865373,9.855133,2.480393
15799,1436608912177,0.62608373,9.807249,2.4708161
15800,1436608912196,0.6440403,9.817424,2.48578
15801,1436608912217,0.7032967,9.799467,2.520496
15802,1436608912238,0.7930793,9.739014,2.516306
15803,1436608912260,0.8738836,9.701305,2.5396495
15804,1436608912308,0.9235633,9.772532,2.4714148
15805,1436608912309,0.95468795,9.778519,2.4875755
15806,1436608912328,0.9923966,9.8042555,2.5342624
15807,1436608912337,0.96306765,9.797672,2.6126726
15808,1436608912360,0.90261406,9.770737,2.6473885
15809,1436608912377,0.8146271,9.792884,2.6527755
15810,1436608912397,0.7577648,9.828796,2.6354175
15811,1436608912419,0.7290344,9.852738,2.6461914
15812,1436608912438,0.7679402,9.882666,2.634819
15813,1436608912459,0.7942764,9.872491,2.6635494
15814,1436608912479,0.825401,9.877279,2.6719291
15815,1436608912498,0.8403648,9.870695,2.6874914
15816,1436608912520,0.8367735,9.879075,2.6761189
15817,1436608912540,0.8379706,9.8437605,2.629432
15818,1436608912560,0.81881696,9.803658,2.5887306
15819,1436608912580,0.8038532,9.759963,2.5450363
15820,1436608912600,0.7930793,9.768942,2.5498247
15821,1436608912621,0.7918822,9.801862,2.5629928
15822,1436608912640,0.81881696,9.8042555,2.56419
15823,1436608912660,0.8571242,9.812635,2.5731683
15824,1436608912680,0.85473,9.850943,2.541445
15825,1436608912701,0.8158242,9.821015,2.5330653
15826,1436608912718,0.7649474,9.814431,2.4863784
15827,1436608912740,0.7182605,9.845556,2.4899697
15828,1436608912759,0.7392098,9.888652,2.4947581
15829,1436608912779,0.75357497,9.910199,2.5187001
15830,1436608912800,0.7613561,9.920973,2.5570073
15831,1436608912820,0.74878657,9.921572,2.5941176
15832,1436608912840,0.6817489,9.964667,2.565387
15833,1436608912861,0.6314707,9.983223,2.558803
15834,1436608912881,0.5422867,9.988011,2.5318682
15835,1436608912900,0.5105635,9.970653,2.544438
15836,1436608912920,0.4758476,9.956287,2.5450363
15837,1436608912941,0.48482585,9.990405,2.5366566
15838,1436608912960,0.5291186,9.99639,2.5192988
15839,1436608912985,0.60094464,9.981427,2.529474
15840,1436608913086,0.6326678,9.953295,2.5252843
15841,1436608913087,0.64583594,9.977836,2.5133133
15842,1436608913088,0.6607997,9.972448,2.4887726
15843,1436608913089,0.7032967,10.016143,2.5079262
15844,1436608913090,0.7344214,9.9550905,2.542642
15845,1436608913108,0.7374141,9.937733,2.5432408
15846,1436608913119,0.7032967,9.954493,2.5169046
15847,1436608913138,0.6584055,9.92636,2.4762032
15848,1436608913158,0.64583594,9.917382,2.4797945
15849,1436608913182,0.635062,9.958083,2.4690206
15850,1436608913199,0.6326678,10.010158,2.472612
15851,1436608913218,0.6422446,10.041282,2.492364
15852,1436608913240,0.6332663,10.02572,2.505532
15853,1436608913259,0.59136784,10.011953,2.5115175
15854,1436608913281,0.55365914,10.061633,2.4343045
15855,1436608913301,0.54527944,10.185533,2.4289176
15856,1436608913321,0.6655881,10.012551,2.4510639
15857,1436608913340,0.7164649,9.949105,2.5115175
15858,1436608913361,0.7092823,9.917382,2.5067291
15859,1436608913381,0.6859388,9.927557,2.5013423
15860,1436608913401,0.66379243,9.9712515,2.4378958
15861,1436608913421,0.6769605,9.976639,2.421735
15862,1436608913440,0.7858967,9.911396,2.44029
15863,1436608913461,0.8882488,9.882666,2.456451
15864,1436608913480,0.97025025,9.87668,2.4899697
15865,1436608913500,0.997185,9.864111,2.4875755
15866,1436608913520,0.9923966,9.8754835,2.4678235
15867,1436608913541,1.0001777,9.877279,2.498948
15868,1436608913561,0.99179804,9.910798,2.4648306
15869,1436608913580,0.9935937,9.904214,2.4343045
15870,1436608913601,0.96665895,9.834184,2.469619
15871,1436608913621,0.94930094,9.838373,2.4372973
15872,1436608913640,0.97982705,9.840169,2.4277205
15873,1436608913661,1.0672154,9.918579,2.4073699
15874,1436608913679,1.2659341,9.888652,2.373851
15875,1436608913700,1.4185646,9.843162,2.4277205
15876,1436608913720,1.359308,9.809643,2.510919
15877,1436608913745,1.2336124,9.795278,2.4480712
15878,1436608913813,1.1121067,9.8276,2.3708582
15879,1436608913814,0.99658644,9.880871,2.3235726
15880,1436608913815,0.95588505,9.820416,2.2900538
15881,1436608913818,0.9020155,9.834184,2.307412
15882,1436608913841,0.84814596,9.821015,2.3624785
15883,1436608913860,0.8002619,9.85633,2.3529017
15884,1436608913879,0.8050503,9.904214,2.3529017
15885,1436608913900,0.84814596,9.922171,2.3397336
15886,1436608913918,0.9151836,9.965864,2.3265655
15887,1436608913941,0.94810385,9.975441,2.3989902
15888,1436608913959,0.97264445,9.946113,2.3989902
15889,1436608913982,0.9576807,9.94312,2.4139538
15890,1436608914001,0.9032126,9.959281,2.3828292
15891,1436608914020,0.8870517,9.986814,2.3421278
15892,1436608914039,0.9151836,9.988609,2.3529017
15893,1436608914061,0.89303726,9.9928,2.3756466
15894,1436608914079,0.87089086,9.99639,2.3810337
15895,1436608914109,0.84455466,10.02153,2.3894134
15896,1436608914119,0.81283146,10.041881,2.3948002
15897,1436608914139,0.79248077,10.037092,2.3481133
15898,1436608914159,0.7763199,9.995792,2.355296
15899,1436608914179,0.7290344,9.992201,2.3403323
15900,1436608914199,0.676362,9.989208,2.3535004
15901,1436608914219,0.6171055,9.985617,2.3481133
15902,1436608914239,0.5530606,10.0269165,2.3666685
15903,1436608914259,0.48123455,10.01734,2.348712
15904,1436608914279,0.374094,10.024523,2.337938
15905,1436608914299,0.30526072,10.016742,2.3840263
15906,1436608914327,0.29269117,9.919776,2.3822308
15907,1436608914342,0.34955344,9.858724,2.3762453
15908,1436608914359,0.4842273,9.849746,2.385822
15909,1436608914379,0.62608373,9.870096,2.420538
15910,1436608914399,0.74519527,9.956287,2.441487
15911,1436608914420,0.80564886,10.038289,2.4672248
15912,1436608914439,0.760159,10.01315,2.516306
15913,1436608914459,0.6841431,10.029311,2.533664
15914,1436608914488,0.55006784,10.001179,2.5300727
15915,1436608914505,0.415394,9.973646,2.5222914
15916,1436608914519,0.34237084,9.948506,2.4953568
15917,1436608914539,0.3633201,9.8754835,2.5210943
15918,1436608914559,0.42317516,9.845556,2.5234885
15919,1436608914579,0.46926352,9.807847,2.540248
15920,1436608914600,0.5626374,9.808446,2.5288756
15921,1436608914634,0.6159084,9.812635,2.5270798
15922,1436608914652,0.6901286,9.825804,2.554613
15923,1436608914659,0.75716627,9.838373,2.5498247
15924,1436608914679,0.7745243,9.842564,2.5516205
15925,1436608914699,0.7870938,9.866506,2.5390508
15926,1436608914719,0.8146271,9.879673,2.5318682
15927,1436608914741,0.8098387,9.88925,2.5306711
15928,1436608914762,0.79008657,9.880272,2.532467
15929,1436608914780,0.7727286,9.833585,2.5354595
15930,1436608914799,0.7206547,9.855133,2.5276785
15931,1436608914823,0.6811504,9.850345,2.5019407
15932,1436608914840,0.6087258,9.859921,2.4917655
15933,1436608914863,0.5835867,9.862315,2.4917655
15934,1436608914883,0.6015432,9.895834,2.5001452
15935,1436608914899,0.6015432,9.89344,2.4911668
15936,1436608914920,0.6326678,9.880871,2.4588451
15937,1436608914943,0.6787562,9.867104,2.4498668
15938,1436608914962,0.7445967,9.886856,2.4259248
15939,1436608914982,0.7757214,9.867104,2.4534583
15940,1436608914999,0.7565677,9.91439,2.4079683
15941,1436608915019,0.7320272,9.910798,2.4001873
15942,1436608915040,0.7457938,9.900024,2.4019828
15943,1436608915061,0.7769185,9.908403,2.3876176
15944,1436608915081,0.7811083,9.935937,2.3888147
15945,1436608915098,0.79966336,9.923966,2.3600843
15946,1436608915119,0.82779527,9.92636,2.3750482
15947,1436608915139,0.8559271,9.947908,2.379238
15948,1436608915160,0.81402856,9.9712515,2.4025815
15949,1436608915192,0.7751228,9.985018,2.3720553
15950,1436608915199,0.7260417,9.966463,2.3768437
15951,1436608915220,0.7218518,9.957485,2.343325
15952,1436608915239,0.705691,9.974244,2.3421278
15953,1436608915260,0.6853402,10.007165,2.3020248
15954,1436608915280,0.7146692,9.993398,2.337938
15955,1436608915303,0.7589619,10.027515,2.3355439
15956,1436608915320,0.7649474,10.041881,2.3690627
15957,1436608915343,0.7290344,10.050261,2.355296
15958,1436608915363,0.7368156,9.990405,2.3295584
15959,1436608915380,0.7404069,10.016143,2.31639
15960,1436608915400,0.6889315,10.019135,2.3014264
15961,1436608915423,0.7068881,9.966463,2.3373394
15962,1436608915443,0.7308301,10.011354,2.3361423
15963,1436608915463,0.7823054,9.983223,2.360683
15964,1436608915480,0.76434886,9.983223,2.3391352
15965,1436608915501,0.7667431,9.972448,2.3319526
15966,1436608915523,0.74519527,9.93474,2.3110032
15967,1436608915542,0.741604,9.922769,2.2996306
15968,1436608915561,0.74399817,9.938332,2.3038206
15969,1436608915580,0.7703344,9.962872,2.3630772
15970,1436608915600,0.7757214,9.970055,2.3888147
15971,1436608915620,0.7332243,9.983821,2.3636756
15972,1436608915640,0.6961141,9.959879,2.3133974
15973,1436608915661,0.7134721,9.956886,2.2870612
15974,1436608915681,0.7140707,9.931747,2.31639
15975,1436608915707,0.7188591,9.970653,2.3481133
15976,1436608915721,0.7092823,9.950302,2.348712
15977,1436608915749,0.7026982,9.935937,2.3277626
15978,1436608915760,0.741604,9.960478,2.3385365
15979,1436608915815,0.7469909,9.949105,2.3181858
15980,1436608915816,0.78290397,9.913192,2.333748
15981,1436608915821,0.81043726,9.906608,2.348712
15982,1436608915845,0.81043726,9.939528,2.3331497
15983,1436608916001,0.80445176,9.931149,2.3349452
15984,1436608916002,0.81522566,9.962872,2.328361
15985,1436608916003,0.8086416,9.919776,2.3505075
15986,1436608916004,0.8110358,9.922769,2.3349452
15987,1436608916005,0.79487497,9.883265,2.3331497
15988,1436608916006,0.81881696,9.956886,2.3235726
15989,1436608916007,0.83497787,9.911995,2.3529017
15990,1436608916008,0.878672,9.929952,2.32058
15991,1436608916025,0.91099375,9.945514,2.307412
15992,1436608916064,0.90500826,9.946113,2.3265655
15993,1436608916065,0.9187749,9.947908,2.3451207
15994,1436608916082,0.93493575,9.947908,2.331354
15995,1436608916135,0.93493575,9.940725,2.280477
15996,1436608916137,0.93732995,9.918579,2.3008277
15997,1436608916145,0.94092125,9.904813,2.309806
15998,1436608916161,0.90620536,9.900622,2.3139958
15999,1436608916181,0.8643068,9.917382,2.2750902
16000,1436608916201,0.88286185,9.954493,2.2619221
16001,1436608916221,0.89902276,9.949704,2.2649148
16002,1436608916241,0.8774749,9.940127,2.3127987
16003,1436608916262,0.8690952,9.960478,2.3020248
16004,1436608916280,0.8834604,9.969456,2.2972364
16005,1436608916305,0.86131406,9.982624,2.3187842
16006,1436608916325,0.83617496,9.946113,2.3343468
16007,1436608916339,0.8026561,9.959879,2.2936451
16008,1436608916364,0.7978677,9.937733,2.304419
16009,1436608916382,0.8086416,9.931747,2.2619221
16010,1436608916402,0.79607207,9.938332,2.2864625
16011,1436608916422,0.7870938,9.901221,2.2697031
16012,1436608916442,0.81043726,9.916184,2.2732944
16013,1436608916463,0.8607155,9.932345,2.2637177
16014,1436608916484,0.8900445,9.925163,2.2732944
16015,1436608916503,0.91937345,9.928755,2.2768857
16016,1436608916522,0.90979666,9.965864,2.2583308
16017,1436608916542,0.8822633,9.976639,2.2679076
16018,1436608916575,0.80564886,10.008362,2.2649148
16019,1436608916580,0.760159,9.981427,2.2631192
16020,1436608916602,0.7212533,9.959281,2.280477
16021,1436608916622,0.66738373,9.970653,2.2720973
16022,1436608916642,0.6548142,9.954493,2.2732944
16023,1436608916670,0.6428431,9.964069,2.2900538
16024,1436608916680,0.6386533,9.985617,2.3026235
16025,1436608916700,0.64823014,9.970653,2.2930467
16026,1436608916720,0.65301853,9.991004,2.304419
16027,1436608916740,0.6398504,9.968858,2.303222
16028,1436608916764,0.6344634,9.970055,2.28347
16029,1436608916782,0.6254852,9.966463,2.267309
16030,1436608916802,0.61890113,9.993997,2.2750902
16031,1436608916850,0.6619968,9.968259,2.296638
16032,1436608916851,0.64583594,9.958682,2.2852654
16033,1436608916864,0.6404489,9.9473095,2.3002293
16034,1436608916881,0.66738373,9.938332,2.31639
16035,1436608916904,0.6877344,9.96347,2.3157916
16036,1436608916921,0.6745663,10.010158,2.32058
16037,1436608916942,0.6326678,10.005369,2.3092074
16038,1436608916964,0.6500258,9.991602,2.2876596
16039,1436608916984,0.6500258,9.9550905,2.304419
16040,1436608917004,0.6440403,9.953894,2.2996306
16041,1436608917022,0.61650693,9.952098,2.2643163
16042,1436608917046,0.6063316,9.959281,2.2493525
16043,1436608917063,0.65900403,9.969456,2.2936451
16044,1436608917087,0.682946,9.940127,2.3331497
16045,1436608917103,0.65660983,9.945514,2.3331497
16046,1436608917124,0.65541273,9.964069,2.3104045
16047,1436608917144,0.6907272,9.969456,2.285864
16048,1436608917163,0.712275,9.951499,2.304419
16049,1436608917185,0.7236475,9.944916,2.3002293
16050,1436608917202,0.7344214,9.940725,2.3133974
16051,1436608917222,0.7404069,9.958682,2.3223755
16052,1436608917242,0.7380127,10.010158,2.2936451
16053,1436608917264,0.6793547,10.014946,2.3116016
16054,1436608917286,0.635062,9.959879,2.331354
16055,1436608917334,0.58897364,9.97604,2.2984335
16056,1436608917337,0.56802434,9.977836,2.307412
16057,1436608917351,0.5770026,9.985018,2.280477
16058,1436608917362,0.5758055,10.020332,2.2906525
16059,1436608917383,0.59735334,9.992201,2.3259668
16060,1436608917403,0.59974754,9.970055,2.328361
16061,1436608917422,0.6075287,9.9712515,2.3062148
16062,1436608917445,0.6380547,9.980828,2.2852654
16063,1436608917462,0.705691,9.980229,2.2870612
16064,1436608917484,0.770933,9.944317,2.328361
16065,1436608917502,0.81881696,9.920375,2.3451207
16066,1436608917525,0.79128367,9.977836,2.3080103
16067,1436608917542,0.78769237,9.982624,2.268506
16068,1436608917565,0.76554596,9.983821,2.285864
16069,1436608917585,0.7350199,9.962872,2.273893
16070,1436608917604,0.6991069,9.960478,2.3080103
16071,1436608917622,0.6655881,9.968259,2.285864
16072,1436608917644,0.6242881,9.973047,2.2810757
16073,1436608917665,0.6194997,9.968858,2.2499511
16074,1436608917686,0.6206968,9.975441,2.2631192
16075,1436608917705,0.635062,9.986814,2.272696
16076,1436608917723,0.6584055,10.031705,2.3020248
16077,1436608917743,0.6799533,10.001778,2.2655134
16078,1436608917765,0.7074866,9.995792,2.2511482
16079,1436608917783,0.7469909,9.956287,2.2762873
16080,1436608917803,0.7386112,9.950901,2.292448
16081,1436608917823,0.6955156,9.936536,2.2637177
16082,1436608917848,0.7026982,9.922769,2.2577322
16083,1436608917869,0.7505822,9.921572,2.2697031
16084,1436608917883,0.79248077,9.955689,2.260725
16085,1436608917904,0.84335756,9.941324,2.296638
16086,1436608917923,0.85532856,9.951499,2.3145945
16087,1436608917943,0.86011696,9.980229,2.3008277
16088,1436608917963,0.82599956,10.001778,2.2984335
16089,1436608917983,0.7835025,9.988609,2.256535
16090,1436608918096,0.7368156,10.014946,2.2661119
16091,1436608918097,0.6889315,9.935339,2.309806
16092,1436608918098,0.6464345,9.919776,2.3092074
16093,1436608918115,0.6218939,9.922171,2.2918496
16094,1436608918116,0.6171055,9.911995,2.2900538
16095,1436608918117,0.60812724,9.939528,2.2828712
16096,1436608918123,0.62728083,9.958682,2.2984335
16097,1436608918157,0.65182143,9.983821,2.2900538
16098,1436608918163,0.6691794,9.975441,2.3265655
16099,1436608918185,0.7009025,9.933543,2.3235726
16100,1436608918205,0.7074866,9.919178,2.309806
16101,1436608918225,0.736217,9.9550905,2.2852654
16102,1436608918244,0.7410054,9.990405,2.296638
16103,1436608918263,0.7344214,9.968259,2.307412
16104,1436608918285,0.7260417,9.951499,2.3157916
16105,1436608918306,0.7032967,9.9550905,2.3223755
16106,1436608918325,0.6655881,9.957485,2.321777
16107,1436608918343,0.62847793,9.958682,2.3169887
16108,1436608918366,0.56682724,9.93474,2.3175871
16109,1436608918386,0.545878,9.920375,2.3169887
16110,1436608918406,0.56922144,9.958083,2.3241713
16111,1436608918426,0.6075287,9.991602,2.3409307
16112,1436608918446,0.6536171,9.980828,2.360683
16113,1436608918467,0.65900403,9.998785,2.344522
16114,1436608918483,0.7170634,9.959281,2.360683
16115,1436608918506,0.6841431,9.937733,2.3355439
16116,1436608918524,0.6332663,9.97185,2.3187842
16117,1436608918544,0.5758055,9.950302,2.3062148
16118,1436608918564,0.55844754,9.961076,2.295441
16119,1436608918586,0.5907693,9.96766,2.3421278
16120,1436608918605,0.6242881,9.928755,2.331354
16121,1436608918631,0.64703304,9.961076,2.3475149
16122,1436608918645,0.6703765,9.991602,2.332551
16123,1436608918663,0.6751649,9.995792,2.3092074
16124,1436608918684,0.682946,10.008362,2.332551
16125,1436608918704,0.65301853,9.993997,2.3211784
16126,1436608918725,0.66259533,9.949105,2.3331497
16127,1436608918744,0.6733692,9.93474,2.3080103
16128,1436608918797,0.6985083,9.910798,2.2960393
16129,1436608918798,0.7236475,9.922769,2.2918496
16130,1436608918815,0.7404069,9.922171,2.2786815
16131,1436608918823,0.7745243,9.939528,2.3080103
16132,1436608918848,0.80564886,9.950901,2.295441
16133,1436608918865,0.81043726,9.951499,2.3080103
16134,1436608918884,0.825401,9.920375,2.309806
16135,1436608918906,0.8331822,9.919178,2.2942438
16136,1436608918925,0.8439561,9.911995,2.291251
16137,1436608918944,0.84216046,9.920375,2.2882583
16138,1436608918964,0.8086416,9.907805,2.2984335
16139,1436608918986,0.770933,9.956886,2.3050177
16140,1436608919003,0.7763199,9.957485,2.2667105
16141,1436608919030,0.7679402,9.970055,2.2810757
16142,1436608919046,0.7679402,9.999383,2.2774844
16143,1436608919064,0.7469909,9.998186,2.2296004
16144,1436608919086,0.7882909,9.977237,2.2547395
16145,1436608919104,0.7739257,10.00477,2.273893
16146,1436608919125,0.777517,9.991004,2.2942438
16147,1436608919147,0.7739257,9.962872,2.2691047
16148,1436608919165,0.7966706,9.968858,2.2852654
16149,1436608919186,0.7882909,9.941922,2.27928
16150,1436608919207,0.777517,9.9473095,2.2870612
16151,1436608919227,0.7661445,9.908403,2.2930467
16152,1436608919247,0.78050977,9.902418,2.2822728
16153,1436608919266,0.8110358,9.917382,2.2655134
16154,1436608919287,0.7990648,9.886856,2.2882583
16155,1436608919307,0.7697359,9.938332,2.292448
16156,1436608919326,0.7553706,9.998785,2.2361844
16157,1436608919347,0.7811083,9.974244,2.273893
16158,1436608919367,0.78410107,9.986216,2.3229742
16159,1436608919387,0.78769237,9.961076,2.3187842
16160,1436608919407,0.7673417,9.939528,2.3056161
16161,1436608919424,0.78410107,9.928156,2.2631192
16162,1436608919456,0.8050503,9.923966,2.2894554
16163,1436608919526,0.7882909,9.919776,2.3403323
16164,1436608919527,0.78290397,9.937733,2.3762453
16165,1436608919528,0.8002619,9.973047,2.3959973
16166,1436608919529,0.79248077,10.033501,2.4384944
16167,1436608919548,0.75716627,10.058042,2.3959973
16168,1436608919568,0.7236475,9.989806,2.332551
16169,1436608919584,0.7134721,9.906608,2.2583308
16170,1436608919608,0.6835446,9.869498,2.132635
16171,1436608919635,0.7200562,9.88506,2.1242554
16172,1436608919646,0.7846996,9.837775,2.1859062
16173,1436608919666,0.8170213,9.833585,2.349909
16174,1436608919699,0.8002619,9.926959,2.4109612
16175,1436608919704,0.66379243,10.025121,2.392406
16176,1436608919746,0.58119243,10.033501,2.3247697
16177,1436608919747,0.5327099,10.06283,2.3157916
16178,1436608919764,0.50517654,10.020332,2.3199813
16179,1436608919784,0.4758476,10.007165,2.3427265
16180,1436608919804,0.4369418,9.99639,2.3612814
16181,1436608919824,0.4285621,9.96766,2.3475149
16182,1436608919844,0.47105917,9.953894,2.3229742
16183,1436608919865,0.55246204,9.935937,2.3014264
16184,1436608919885,0.62249243,9.927557,2.321777
16185,1436608919907,0.6739678,9.89763,2.308609
16186,1436608919924,0.6817489,9.877877,2.3229742
16187,1436608919945,0.7745243,9.862914,2.3104045
16188,1436608919965,0.87687635,9.896433,2.3475149
16189,1436608919984,0.95468795,9.910199,2.396596
16190,1436608920004,0.9911995,9.940127,2.393603
16191,1436608920025,1.0019734,9.945514,2.3708582
16192,1436608920045,0.97025025,9.953894,2.3475149
16193,1436608920071,0.9576807,9.998186,2.3229742
16194,1436608920085,0.91937345,10.027515,2.2948422
16195,1436608920104,0.9020155,10.016143,2.3104045
16196,1436608920125,0.8655039,9.96766,2.3038206
16197,1436608920144,0.82779527,9.973646,2.2691047
16198,1436608920174,0.79128367,9.940725,2.2768857
16199,1436608920200,0.7182605,9.898229,2.303222
16200,1436608920205,0.6392518,9.920375,2.2631192
16201,1436608920226,0.55844754,9.950901,2.2493525
16202,1436608920245,0.50876784,9.96347,2.244564
16203,1436608920266,0.49200845,10.005369,2.2427685
16204,1436608920285,0.54647654,10.012551,2.2415714
16205,1436608920325,0.58897364,10.005369,2.2601264
16206,1436608920326,0.6242881,9.981427,2.267309
16207,1436608920344,0.6757634,9.9951935,2.236783
16208,1436608920365,0.7350199,9.985018,2.2170308
16209,1436608920385,0.78290397,9.993398,2.2092497
16210,1436608920409,0.801459,9.978435,2.2122424
16211,1436608920427,0.82360536,9.96347,2.1972785
16212,1436608920449,0.8295909,9.989208,2.184709
16213,1436608920469,0.82360536,9.986216,2.2002714
16214,1436608920489,0.8110358,10.003573,2.2242134
16215,1436608920509,0.7823054,10.014946,2.203264
16216,1436608920529,0.7320272,10.027515,2.180519
16217,1436608920546,0.7278373,10.067618,2.1811178
16218,1436608920569,0.7164649,10.040085,2.1853075
16219,1436608920589,0.6781576,10.018537,2.1978772
16220,1436608920605,0.62847793,9.974244,2.1930888
16221,1436608920624,0.6171055,9.91798,2.1386206
16222,1436608920646,0.6404489,9.959879,2.1404164
16223,1436608920665,0.7044938,9.953894,2.134431
16224,1436608920686,0.74998367,9.976639,2.136825
16225,1436608920710,0.84934306,10.019135,2.195483
16226,1436608920730,0.90141696,10.061633,2.2182279
16227,1436608920750,0.8822633,10.0664215,2.1930888
16228,1436608920769,0.86131406,10.02153,2.1350293
16229,1436608920786,0.8607155,9.967062,2.1428106
16230,1436608920806,0.83497787,9.973646,2.1338322
16231,1436608920826,0.8319851,9.965266,2.1547816
16232,1436608920847,0.82360536,9.980828,2.1350293
16233,1436608920866,0.81163436,9.969456,2.1817162
16234,1436608920932,0.84096336,9.974244,2.1918917
16235,1436608920933,0.8415619,9.991004,2.2050598
16236,1436608920934,0.83856916,9.986814,2.1906946
16237,1436608920945,0.83138657,10.01734,2.1775265
16238,1436608920969,0.83258367,10.063428,2.1888988
16239,1436608921000,0.80564886,10.0341,2.2152352
16240,1436608921007,0.7751228,10.05864,2.204461
16241,1436608921030,0.7428011,10.033501,2.2212207
16242,1436608921047,0.6985083,9.996989,2.2296004
16243,1436608921072,0.65301853,9.981427,2.2278047
16244,1436608921087,0.6314707,9.97604,2.2230163
16245,1436608921107,0.6135142,9.978435,2.2164323
16246,1436608921126,0.66379243,9.964667,2.19668
16247,1436608921146,0.7212533,9.94312,2.220622
16248,1436608921165,0.79607207,9.952098,2.2337902
16249,1436608921189,0.8487445,9.978435,2.2415714
16250,1436608921212,0.9127894,9.965266,2.2200236
16251,1436608921230,0.9696517,9.9550905,2.2014685
16252,1436608921249,1.0097545,9.940725,2.2307975
16253,1436608921269,1.0366893,9.903017,2.2457612
16254,1436608921287,1.0378864,9.929952,2.2385786
16255,1436608921308,0.9995792,9.870096,2.2523453
16256,1436608921329,0.99179804,9.908403,2.2068555
16257,1436608921347,1.0199299,9.925761,2.2056582
16258,1436608921367,1.0432734,9.910199,2.2625206
16259,1436608921387,1.0516531,9.936536,2.2900538
16260,1436608921409,0.99419224,9.954493,2.2972364
16261,1436608921429,0.92655605,9.988609,2.2637177
16262,1436608921449,0.85473,9.987412,2.2589293
16263,1436608921469,0.81163436,9.935339,2.2529438
16264,1436608921488,0.7553706,9.895834,2.2822728
16265,1436608921508,0.7332243,9.886856,2.2768857
16266,1436608921528,0.7254431,9.931149,2.2493525
16267,1436608921546,0.7356185,9.9550905,2.2631192
16268,1436608921566,0.75836337,9.961076,2.2649148
16269,1436608921631,0.8475474,9.964667,2.2744915
16270,1436608921632,0.8571242,9.939528,2.3295584
16271,1436608921633,0.83617496,9.940725,2.3265655
16272,1436608921647,0.8415619,9.938332,2.2852654
16273,1436608921675,0.83018947,9.940725,2.2469583
16274,1436608921693,0.82779527,9.943718,2.2744915
16275,1436608921706,0.8283938,9.92636,2.2876596
16276,1436608921726,0.82240826,9.920973,2.28347
16277,1436608921749,0.830788,9.922171,2.28347
16278,1436608921766,0.83856916,9.924564,2.272696
16279,1436608921791,0.8230068,9.908403,2.2619221
16280,1436608921806,0.80684596,9.882068,2.256535
16281,1436608921826,0.7703344,9.904813,2.2649148
16282,1436608921848,0.7667431,9.92636,2.248754
16283,1436608921870,0.7613561,9.978435,2.2469583
16284,1436608921889,0.7685388,9.9951935,2.2691047
16285,1436608921909,0.79367787,9.982025,2.2463598
16286,1436608921930,0.79966336,9.985617,2.2613235
16287,1436608921950,0.8074445,9.959281,2.2583308
16288,1436608921969,0.7685388,9.981427,2.2391772
16289,1436608921990,0.7649474,9.97185,2.2092497
16290,1436608922010,0.7326257,9.952098,2.2026656
16291,1436608922030,0.76315176,9.959879,2.2062569
16292,1436608922047,0.7990648,9.949704,2.2379801
16293,1436608922068,0.8355764,10.000581,2.2559366
16294,1436608922091,0.8822633,10.032902,2.3020248
16295,1436608922109,0.94451255,10.113707,2.28347
16296,1436608922131,0.89603,10.175956,2.2469583
16297,1436608922150,0.79846627,10.004171,2.1511903
16298,1436608922176,0.7200562,9.931149,2.082357
16299,1436608922187,0.6560113,9.909002,2.0386627
16300,1436608922209,0.6691794,9.913791,2.1152773
16301,1436608922231,0.6691794,9.970653,2.2254105
16302,1436608922250,0.65182143,9.94312,2.292448
16303,1436608922268,0.6362591,9.958682,2.3020248
16304,1436608922289,0.6218939,10.060435,2.2529438
16305,1436608922339,0.6302736,10.0664215,2.2254105
16306,1436608922340,0.6560113,10.02153,2.2667105
16307,1436608922347,0.6961141,10.02153,2.297835
16308,1436608922367,0.6781576,10.01734,2.296638
16309,1436608922389,0.6793547,9.9790325,2.2762873
16310,1436608922408,0.6943185,9.934141,2.2319946
16311,1436608922427,0.724246,9.868899,2.224812
16312,1436608922447,0.7410054,9.894038,2.202067
16313,1436608922470,0.7823054,9.896433,2.1972785
16314,1436608922488,0.7918822,9.937733,2.236783
16315,1436608922508,0.79607207,9.958083,2.2649148
16316,1436608922529,0.76315176,9.976639,2.272696
16317,1436608922552,0.748188,10.010756,2.235586
16318,1436608922569,0.75118077,10.031107,2.2583308
16319,1436608922590,0.7433996,10.020332,2.2960393
16320,1436608922610,0.7128736,9.9712515,2.3026235
16321,1436608922630,0.7020996,9.980229,2.2762873
16322,1436608922650,0.6865373,9.9550905,2.2349873
16323,1436608922670,0.65780693,9.972448,2.272696
16324,1436608922690,0.59495914,9.931747,2.285864
16325,1436608922710,0.533907,9.912594,2.259528
16326,1436608922730,0.5542577,9.936536,2.2343888
16327,1436608922751,0.56682724,9.982624,2.232593
16328,1436608922770,0.59735334,10.010756,2.2296004
16329,1436608922790,0.63206923,10.002377,2.2505496
16330,1436608922809,0.635062,10.029311,2.2529438
16331,1436608922828,0.6063316,10.015544,2.2331917
16332,1436608922849,0.6015432,10.015544,2.2104468
16333,1436608922870,0.5781997,9.996989,2.2307975
16334,1436608922891,0.5351041,9.988011,2.231396
16335,1436608922911,0.52133745,9.979631,2.2212207
16336,1436608922930,0.4842273,10.043077,2.1978772
16337,1436608922948,0.50757074,10.007165,2.2008698
16338,1436608922968,0.52133745,9.992201,2.2559366
16339,1436608922990,0.5303157,10.000581,2.2517467
16340,1436608923008,0.50278234,9.9928,2.2529438
16341,1436608923115,0.4938041,9.9951935,2.2409728
16342,1436608923116,0.50517654,9.9928,2.223615
16343,1436608923117,0.5446809,9.995792,2.273893
16344,1436608923118,0.54288524,10.00896,2.2864625
16345,1436608923119,0.5506664,10.02572,2.2990322
16346,1436608923139,0.5093664,10.057443,2.2918496
16347,1436608923165,0.46507367,10.043077,2.2601264
16348,1436608923168,0.45250413,10.029909,2.2158337
16349,1436608923187,0.50757074,9.964667,2.2266076
16350,1436608923208,0.56323594,9.937733,2.190096
16351,1436608923228,0.61052144,9.919776,2.1948843
16352,1436608923248,0.63087213,9.974244,2.2254105
16353,1436608923274,0.6488287,10.005967,2.273893
16354,1436608923289,0.6242881,10.016143,2.3259668
16355,1436608923309,0.533907,9.9928,2.3181858
16356,1436608923330,0.40641573,9.9790325,2.3199813
16357,1436608923351,0.29029694,9.983223,2.3038206
16358,1436608923371,0.1448492,9.974843,2.3127987
16359,1436608923391,0.006584055,9.943718,2.3361423
16360,1436608923411,-0.03172317,9.924564,2.3133974
16361,1436608923430,0.02633622,9.861717,2.3397336
16362,1436608923450,0.11791443,9.861118,2.3062148
16363,1436608923471,0.28311434,9.924564,2.2451627
16364,1436608923491,0.45968673,9.962872,2.19668
16365,1436608923510,0.62488663,10.016742,2.2038627
16366,1436608923531,0.75237787,9.997588,2.2152352
16367,1436608923557,0.83378077,9.989208,2.224812
16368,1436608923570,0.8984242,9.958682,2.1906946
16369,1436608923591,0.9451111,9.968259,2.134431
16370,1436608923611,1.002572,9.939528,2.142212
16371,1436608923631,1.033098,9.957485,2.1775265
16372,1436608923650,1.043872,9.913791,2.1757307
16373,1436608923671,1.0366893,9.920973,2.191293
16374,1436608923690,1.0043676,9.922171,2.202067
16375,1436608923711,1.0001777,9.919178,2.2080526
16376,1436608923730,0.95229375,9.954493,2.19668
16377,1436608923749,0.94451255,10.022727,2.1894975
16378,1436608923768,0.961272,10.043077,2.1865046
16379,1436608923792,0.9684546,10.096349,2.1984756
16380,1436608923855,0.9355343,10.077195,2.208651
16381,1436608923856,0.86490536,10.026319,2.2385786
16382,1436608923857,0.7870938,9.952098,2.2212207
16383,1436608923868,0.7517793,9.936536,2.1996727
16384,1436608923890,0.7326257,9.921572,2.183512
16385,1436608923908,0.74878657,9.916184,2.1631613
16386,1436608923929,0.7577648,9.970055,2.1841104
16387,1436608923950,0.78290397,9.981427,2.2098482
16388,1436608923969,0.78888947,10.019734,2.2379801
16389,1436608923990,0.78529817,10.067019,2.2343888
16390,1436608924008,0.7918822,10.0664215,2.2122424
16391,1436608924031,0.7870938,10.031107,2.2176294
16392,1436608924049,0.7763199,9.993997,2.1871033
16393,1436608924073,0.75118077,9.988609,2.1853075
16394,1436608924088,0.7038953,9.9712515,2.1601684
16395,1436608924109,0.7098808,9.933543,2.1739352
16396,1436608924131,0.78170687,9.926959,2.220622
16397,1436608924152,0.83138657,9.962274,2.2301989
16398,1436608924172,0.87208796,10.022727,2.244564
16399,1436608924192,0.84455466,10.125677,2.2697031
16400,1436608924212,0.7703344,10.181941,2.2469583
16401,1436608924232,0.6811504,10.14543,2.19668
16402,1436608924250,0.6218939,10.160992,2.2146366
16403,1436608924272,0.581791,9.98442,2.203264
16404,1436608924292,0.63206923,9.83957,2.1667526
16405,1436608924312,0.7517793,9.901819,2.1643584
16406,1436608924329,0.87927055,9.977836,2.2529438
16407,1436608924351,0.94092125,9.926959,2.3247697
16408,1436608924371,0.8924387,9.970055,2.2828712
16409,1436608924392,0.6979098,10.004171,2.1380222
16410,1436608924412,0.5279215,10.063428,2.0679917
16411,1436608924430,0.45190558,10.02153,2.0398598
16412,1436608924449,0.3890578,9.951499,2.0829554
16413,1436608924471,0.45729253,9.729437,2.2661119
16414,1436608924489,0.53929394,9.581595,2.4313118
16415,1436608924552,0.53450555,9.656414,2.4396915
16416,1436608924553,0.44472298,9.801862,2.4067712
16417,1436608924554,0.33159694,9.860519,2.392406
16418,1436608924576,0.31603462,9.861717,2.40318
16419,1436608924589,0.3609259,9.955689,2.3768437
16420,1436608924610,0.41180268,10.022727,2.336741
16421,1436608924629,0.4842273,9.999982,2.3714569
16422,1436608924649,0.58119243,9.962274,2.3822308
16423,1436608924670,0.6344634,9.958682,2.3535004
16424,1436608924691,0.58897364,9.998186,2.2493525
16425,1436608924710,0.51475334,9.970653,2.2451627
16426,1436608924730,0.40701428,9.988011,2.2535424
16427,1436608924751,0.2765303,10.09575,2.2373815
16428,1436608924772,0.1933318,10.183139,2.2343888
16429,1436608924792,0.16160862,10.239402,2.2457612
16430,1436608924812,0.18854338,10.251971,2.2014685
16431,1436608924830,0.1921347,10.22384,2.2337902
16432,1436608924850,0.19871874,10.192716,2.2385786
16433,1436608924872,0.21428105,10.165182,2.223615
16434,1436608924892,0.22625206,10.111911,2.2337902
16435,1436608924912,0.22026655,10.1161,2.2523453
16436,1436608924930,0.21787235,10.117896,2.2301989
16437,1436608924951,0.24720132,10.111911,2.2140381
16438,1436608924970,0.26515785,10.1544075,2.1894975
16439,1436608924992,0.31543607,10.05864,2.2140381
16440,1436608925012,0.4189853,9.935339,2.2828712
16441,1436608925032,0.47644615,9.869498,2.344522
16442,1436608925052,0.5177461,9.852738,2.3708582
16443,1436608925070,0.46327803,9.874287,2.369661
16444,1436608925093,0.39085343,9.914988,2.4079683
16445,1436608925110,0.3585317,9.96347,2.4516625
16446,1436608925130,0.33039984,9.946711,2.5127146
16447,1436608925150,0.30166942,9.959879,2.520496
16448,1436608925172,0.26874915,9.967062,2.6126726
16449,1436608925191,0.19692309,9.97185,2.6120741
16450,1436608925211,0.1328782,9.959879,2.5366566
16451,1436608925291,0.11971009,9.868899,2.5767596
16452,1436608925303,0.1436521,9.770737,2.5731683
16453,1436608925304,0.19812019,9.67018,2.5360582
16454,1436608925305,0.25438392,9.636662,2.5091233
16455,1436608925313,0.33518824,9.613318,2.4833858
16456,1436608925340,0.41000703,9.577405,2.552219
16457,1436608925351,0.4794389,9.651626,2.5797524
16458,1436608925372,0.49440265,9.709086,2.5677812
16459,1436608925392,0.5033809,9.73662,2.5594015
16460,1436608925411,0.5554548,9.754577,2.546832
16461,1436608925431,0.5638345,9.806051,2.5306711
16462,1436608925451,0.5566519,9.805453,2.5127146
16463,1436608925473,0.52492875,9.80665,2.4642322
16464,1436608925490,0.5033809,9.799467,2.4486697
16465,1436608925511,0.4973954,9.807847,2.3918076
16466,1436608925533,0.492607,9.804854,2.3570917
16467,1436608925551,0.52073884,9.8198185,2.3451207
16468,1436608925570,0.53809685,9.865907,2.3169887
16469,1436608925590,0.5105635,9.849746,2.2990322
16470,1436608925611,0.50158525,9.815628,2.2547395
16471,1436608925633,0.49081135,9.814431,2.2056582
16472,1436608925651,0.54408234,9.861118,2.1511903
16473,1436608925671,0.6123171,9.834782,2.160767
16474,1436608925693,0.6961141,9.838373,2.1625626
16475,1436608925713,0.7272388,9.879075,2.1871033
16476,1436608925733,0.75596917,9.9790325,2.1057005
16477,1436608925752,0.7344214,10.125079,2.0392613
16478,1436608925771,0.6847417,10.166379,2.0398598
16479,1436608925793,0.6332663,10.240001,2.03567
16480,1436608925813,0.6356605,10.311228,2.0901382
16481,1436608925833,0.60693014,10.355521,2.1086931
16482,1436608925851,0.59495914,10.391434,2.1158757
16483,1436608925874,0.5805939,10.3770685,2.1583729
16484,1436608925892,0.5734113,10.363302,2.1996727
16485,1436608925913,0.49081135,10.335769,2.195483
16486,1436608925932,0.41120413,10.294469,2.1308396
16487,1436608925952,0.37469256,10.231621,2.094328
16488,1436608925998,0.42197806,10.179547,2.0590134
16489,1436608925999,0.545878,10.144233,2.03567
16490,1436608926017,0.6751649,10.0825815,2.0219033
16491,1436608926031,0.78290397,10.068216,2.0560207
16492,1436608926056,0.8948329,10.049662,2.0949266
16493,1436608926076,0.9768343,10.032304,2.0967221
16494,1436608926092,1.0552444,9.99639,2.0721815
16495,1436608926110,1.0941502,10.012551,2.0961237
16496,1436608926132,1.086369,10.014347,2.0841527
16497,1436608926150,1.039682,9.9951935,2.0913353
16498,1436608926171,1.0199299,9.9712515,2.0691888
16499,1436608926192,1.0253168,9.931149,2.055422
16500,1436608926211,1.0235212,9.891046,2.067393
16501,1436608926230,1.0887632,9.91798,2.0530279
16502,1436608926260,1.1067197,9.882666,2.086547
16503,1436608926273,1.1067197,9.889849,2.110489
16504,1436608926292,1.0720038,9.886257,2.1619642
16505,1436608926312,0.9900024,9.972448,2.167351
16506,1436608926332,0.7954735,10.135853,2.2092497
16507,1436608926354,0.533907,10.129868,2.2397757
16508,1436608926372,0.3597288,10.00477,2.2619221
16509,1436608926394,0.22685061,10.184934,2.2385786
16510,1436608926414,0.04070143,10.322002,2.223615
16511,1436608926431,-0.22026655,10.556634,2.1452048
16512,1436608926457,-0.31244332,10.600328,1.9668367
16513,1436608926474,-0.15083471,10.1143055,1.9363106
16514,1436608926493,0.3597288,9.838972,1.8291701
16515,1436608926516,0.9247604,9.591172,1.7369933
16516,1436608926531,1.5167267,9.595362,1.6663644
16517,1436608926553,2.0739772,9.568427,1.6663644
16518,1436608926575,2.32058,9.559449,1.6849195
16519,1436608926591,2.6910827,9.645041,1.774702
16520,1436608926611,2.9047651,9.784504,1.8435353
16521,1436608926631,2.8269536,9.86471,1.9321208
16522,1436608926653,2.5833437,9.945514,2.0332758
16523,1436608926673,2.2331917,10.241198,1.9949685
16524,1436608926692,1.7806876,10.396222,2.0350714
16525,1436608926719,1.2384008,10.342353,2.0979192
16526,1436608926792,0.6835446,10.344149,2.0296845
16527,1436608926793,0.24121583,10.160394,1.9213469
16528,1436608926794,-0.077213004,9.932345,1.887828
16529,1436608926795,-0.25677812,9.847352,1.929128
16530,1436608926814,-0.31184477,9.818023,1.9524715
16531,1436608926853,-0.23942018,9.846154,1.9009962
16532,1436608926854,-0.0676362,9.797073,1.9069817
16533,1436608926873,0.21667525,9.931149,1.988983
16534,1436608926895,0.504578,10.19451,1.9758149
16535,1436608926912,0.81043726,10.319608,1.9123687
16536,1436608926932,1.073201,10.229825,1.9853917
16537,1436608926952,1.3108255,10.29806,1.927931
16538,1436608926973,1.5251064,10.144831,1.9027919
16539,1436608926994,1.5801731,9.93474,1.9446903
16540,1436608927014,1.5981296,9.9473095,1.822586
16541,1436608927035,1.4652514,9.909002,1.7591397
16542,1436608927053,1.276708,9.742006,1.7441759
16543,1436608927072,1.0809821,9.758766,1.7699136
16544,1436608927093,0.943914,9.847352,1.7663223
16545,1436608927112,0.82360536,9.831789,1.7878702
16546,1436608927133,0.81522566,9.888053,1.8854338
16547,1436608927154,0.8535329,10.102933,1.9339164
16548,1436608927173,0.79128367,10.356119,1.9494787
16549,1436608927192,0.6679823,10.392033,2.0093338
16550,1436608927214,0.5967548,10.226234,2.099715
16551,1436608927231,0.61052144,10.175956,2.130241
16552,1436608927253,0.5434838,10.052056,2.1571758
16553,1436608927285,0.44951138,9.985617,2.1206641
16554,1436608927291,0.18315643,9.94312,2.0901382
16555,1436608927328,-0.016759412,9.88925,1.9835961
16556,1436608927340,0.008978256,9.758766,1.9446903
16557,1436608927351,0.19393034,9.812037,1.9434932
16558,1436608927371,0.46686932,9.821614,2.0165164
16559,1436608927391,0.7667431,9.993997,2.0332758
16560,1436608927412,0.99299514,10.075399,2.0452468
16561,1436608927433,1.174356,10.089166,2.067393
16562,1436608927493,1.2916719,10.038289,2.1158757
16563,1436608927494,1.2545617,10.028113,2.1769278
16564,1436608927495,1.0450691,10.043676,2.1320367
16565,1436608927514,0.8230068,9.858724,2.0979192
16566,1436608927532,0.63087213,9.814431,2.0644004
16567,1436608927553,0.4309563,9.949105,1.9476831
16568,1436608927573,0.28491,10.025121,1.9369092
16569,1436608927592,0.24181437,10.121488,1.9393034
16570,1436608927613,0.36631286,10.141838,1.9829975
16571,1436608927632,0.6314707,9.954493,1.9662381
16572,1436608927656,1.09834,9.573814,1.8860323
16573,1436608927678,1.7435774,9.545084,1.6897079
16574,1436608927693,2.5623944,10.109517,1.3467385
16575,1436608927712,3.614646,10.262147,1.4502877
16576,1436608927734,4.485537,9.827001,2.2864625
16577,1436608927755,4.43466,10.4728365,2.8323407
16578,1436608927776,2.823961,11.59871,2.9047651
16579,1436608927795,0.23223756,11.179127,2.6635494
16580,1436608927815,-2.0524294,10.110714,2.2930467
16581,1436608927834,-3.596091,9.524135,2.042254
16582,1436608927855,-4.322731,9.296086,1.8022354
16583,1436608927876,-3.7152026,9.657611,1.4053963
16584,1436608927896,-2.3409307,9.760562,1.4706384
16585,1436608927912,-1.30484,9.367314,1.9716251
16586,1436608927934,-0.66618663,9.272743,2.2780828
16587,1436608927954,-0.045489833,9.402629,2.5025394
16588,1436608927976,0.52852005,9.849746,2.552219
16589,1436608927995,1.0001777,10.017939,2.6390088
16590,1436608928015,1.1941081,10.150817,2.718616
16591,1436608928033,1.4622587,10.088568,2.818574
16592,1436608928055,1.489792,10.119094,2.7281928
16593,1436608928073,1.3060371,9.972448,2.6509798
16594,1436608928100,0.99778354,9.796474,2.6318262
16595,1436608928113,0.7553706,9.730635,2.5791538
16596,1436608928136,0.61112,9.75697,2.5013423
16597,1436608928155,0.55126494,9.771336,2.4756045
16598,1436608928173,0.5674258,9.867104,2.5187001
16599,1436608928245,0.66020113,9.930551,2.5079262
16600,1436608928246,0.81761986,9.859323,2.5462334
16601,1436608928247,0.919972,9.801862,2.541445
16602,1436608928258,0.93972415,9.807847,2.5342624
16603,1436608928274,0.8182184,9.781511,2.509722
16604,1436608928298,0.6380547,9.7803135,2.4510639
16605,1436608928312,0.492607,9.766547,2.4355016
16606,1436608928339,0.40880993,9.7641535,2.5127146
16607,1436608928364,0.39504328,9.74859,2.5725696
16608,1436608928375,0.4141969,9.865907,2.6204538
16609,1436608928393,0.4878186,10.001778,2.6330233
16610,1436608928414,0.54049104,10.067618,2.6408045
16611,1436608928433,0.59495914,10.171167,2.5773582
16612,1436608928456,0.64583594,10.163984,2.4756045
16613,1436608928476,0.7170634,10.014347,2.44448
16614,1436608928496,0.7272388,9.830592,2.4271219
16615,1436608928516,0.6853402,9.7402115,2.3301568
16616,1436608928536,0.61171854,9.76535,2.2284033
16617,1436608928556,0.53929394,9.862914,2.1499932
16618,1436608928576,0.5374983,9.871892,2.232593
16619,1436608928596,0.46746787,9.932944,2.3511062
16620,1436608928616,0.32022446,10.077195,2.3307555
16621,1436608928634,0.091578215,10.128072,2.3331497
16622,1436608928654,-0.12569559,10.156203,2.3235726
16623,1436608928676,-0.23762453,10.206482,2.328361
16624,1436608928696,-0.28311434,10.171766,2.343325
16625,1436608928715,-0.3286042,10.053851,2.3702598
16626,1436608928734,-0.33518824,10.043676,2.3475149
16627,1436608928756,-0.28790274,10.0341,2.2427685
16628,1436608928776,-0.23942018,9.932345,2.2810757
16629,1436608928796,-0.20290859,9.969456,2.2493525
16630,1436608928816,-0.2148796,10.081984,2.2224178
16631,1436608928835,-0.28191724,10.180145,2.2403743
16632,1436608928856,-0.3489549,10.220847,2.2774844
16633,1436608928877,-0.38367084,10.241198,2.3798366
16634,1436608928895,-0.45789108,10.219051,2.445677
16635,1436608928916,-0.516549,10.061633,2.4624364
16636,1436608928985,-0.36272156,9.9473095,2.4366987
16637,1436608928986,-0.12689269,9.98442,2.3660698
16638,1436608928987,0.089184016,9.950901,2.2810757
16639,1436608928994,0.25378537,9.844957,2.3187842
16640,1436608929023,0.33997664,9.872491,2.3241713
16641,1436608929037,0.320823,9.858724,2.381632
16642,1436608929054,0.25498247,9.952697,2.36188
16643,1436608929078,0.093972415,10.291476,2.2535424
16644,1436608929096,-0.029927522,10.439917,2.2415714
16645,1436608929114,-0.11611878,10.48002,2.3116016
16646,1436608929135,-0.10175357,10.33517,2.4121583
16647,1436608929154,-0.008379706,10.084377,2.396596
16648,1436608929175,0.13108255,9.832987,2.3714569
16649,1436608929196,0.25558102,9.600749,2.3403323
16650,1436608929217,0.40402153,9.481637,2.273893
16651,1436608929236,0.43155485,9.436148,2.2535424
16652,1436608929257,0.36272156,9.616311,2.2649148
16653,1436608929277,0.20290859,9.696517,2.3349452
16654,1436608929296,0.050278235,9.793482,2.433706
16655,1436608929317,-0.039504327,10.012551,2.4378958
16656,1436608929337,-0.048482586,10.068815,2.4061728
16657,1436608929357,0.0796072,10.221446,2.3546975
16658,1436608929377,0.30047232,10.26514,2.336741
16659,1436608929394,0.47165772,10.080188,2.3535004
16660,1436608929417,0.682946,10.030508,2.3259668
16661,1436608929437,0.7613561,10.064027,2.2511482
16662,1436608929456,0.74878657,10.039486,2.2493525
16663,1436608929477,0.74399817,9.835381,2.307412
16664,1436608929496,0.66498953,9.663596,2.315193
16665,1436608929517,0.57879823,9.602545,2.2290018
16666,1436608929537,0.46148238,9.6923275,2.1547816
16667,1436608929557,0.45010993,10.08318,1.9985598
16668,1436608929577,0.32920274,10.177153,2.0709844
16669,1436608929597,0.25977087,10.166978,2.2002714
16670,1436608929617,0.22864626,10.314819,2.1859062
16671,1436608929636,0.26635495,10.187927,2.1057005
16672,1436608929659,0.40821138,10.047866,2.03567
16673,1436608929735,0.7392098,9.923966,1.9979613
16674,1436608929736,1.0372878,9.624691,2.0644004
16675,1436608929737,1.2491747,9.428965,2.132635
16676,1436608929738,1.3958195,9.379285,2.124854
16677,1436608929756,1.5358804,9.60015,2.0033484
16678,1436608929777,1.5993267,9.758167,1.9692309
16679,1436608929794,1.6047137,9.8515415,2.124854
16680,1436608929817,1.5191209,9.824607,2.3744495
16681,1436608929834,1.2802993,9.704897,2.508525
16682,1436608929855,0.94810385,9.693524,2.4947581
16683,1436608929881,0.7188591,10.048465,2.2481554
16684,1436608929895,0.6015432,10.415975,2.0620062
16685,1436608929918,0.42916065,10.373477,2.1769278
16686,1436608929937,0.29328972,10.397419,2.3768437
16687,1436608929955,0.0700304,10.275315,2.4624364
16688,1436608929977,-0.093373865,10.087969,2.4133554
16689,1436608929997,-0.089184016,9.974244,2.2415714
16690,1436608930017,0.08020575,10.038289,2.007538
16691,1436608930038,0.23942018,9.841965,2.0171149
16692,1436608930056,0.46986207,9.7402115,2.1254525
16693,1436608930076,0.700304,9.728839,2.2780828
16694,1436608930096,0.7966706,9.753978,2.4301147
16695,1436608930115,0.82719666,9.900024,2.521693
16696,1436608930137,0.91937345,10.026319,2.5187001
16697,1436608930157,0.92296475,10.077195,2.4714148
16698,1436608930178,0.89603,10.0825815,2.4785974
16699,1436608930197,0.7870938,10.055049,2.4426842
16700,1436608930217,0.6805518,10.02572,2.391209
16701,1436608930234,0.5734113,10.010158,2.2936451
16702,1436608930255,0.51595044,10.053851,2.2559366
16703,1436608930275,0.46986207,10.077793,2.2816741
16704,1436608930297,0.36870706,10.113707,2.3289597
16705,1436608930321,0.23822308,10.070611,2.369661
16706,1436608930337,0.093373865,10.012551,2.3989902
16707,1436608930356,-0.065242,10.032304,2.4390929
16708,1436608930383,-0.18794483,10.053253,2.4396915
16709,1436608930447,-0.2669535,10.167576,2.3654714
16710,1436608930448,-0.2100912,10.13705,2.4366987
16711,1436608930449,-0.08379706,10.1065235,2.5037365
16712,1436608930460,0.10295067,10.029909,2.5779567
16713,1436608930475,0.19632454,10.0269165,2.5647886
16714,1436608930500,0.27353755,10.075399,2.5001452
16715,1436608930515,0.30466217,10.010158,2.4899697
16716,1436608930535,0.31663316,9.958682,2.5103204
16717,1436608930557,0.2741361,9.953295,2.472612
16718,1436608930576,0.24779987,9.897031,2.4313118
16719,1436608930596,0.19033903,9.864111,2.4247277
16720,1436608930616,0.14425065,9.834184,2.429516
16721,1436608930638,0.073023155,9.810242,2.4588451
16722,1436608930656,0.0077811554,9.816227,2.4821887
16723,1436608930678,-0.047285482,9.897031,2.4510639
16724,1436608930698,-0.08140286,9.941922,2.4624364
16725,1436608930718,-0.10474633,9.991602,2.5001452
16726,1436608930738,-0.107140526,10.014946,2.546832
16727,1436608930758,-0.05746084,10.029909,2.5384524
16728,1436608930778,-0.05746084,9.991004,2.5127146
16729,1436608930798,0.079008654,9.958682,2.4833858
16730,1436608930818,0.15203181,9.942521,2.4648306
16731,1436608930836,0.23343466,9.86471,2.4570496
16732,1436608930858,0.30765492,9.876082,2.4504654
16733,1436608930878,0.32441434,9.871294,2.4779987
16734,1436608930898,0.33039984,9.903017,2.4594438
16735,1436608930918,0.3309984,9.883863,2.4690206
16736,1436608930938,0.35314476,9.940127,2.4851813
16737,1436608930963,0.38367084,9.956886,2.5192988
16738,1436608930977,0.41120413,9.950901,2.5354595
16739,1436608930999,0.3645172,9.91798,2.5839422
16740,1436608931019,0.2741361,9.929353,2.617461
16741,1436608931048,0.21188685,9.883863,2.5893292
16742,1436608931056,0.11791443,9.894637,2.5743654
16743,1436608931079,0.044292733,9.894637,2.532467
16744,1436608931165,0.023942016,9.920973,2.5240872
16745,1436608931166,0.002992752,9.904813,2.5330653
16746,1436608931167,0.03172317,9.913192,2.5647886
16747,1436608931168,0.10115502,9.919178,2.553416
16748,1436608931182,0.16579847,9.926959,2.5701754
16749,1436608931197,0.23343466,9.884461,2.5833437
16750,1436608931223,0.27712885,9.879075,2.5731683
16751,1436608931236,0.2861071,9.854534,2.534861
16752,1436608931256,0.30585927,9.818622,2.529474
16753,1436608931286,0.33997664,9.858724,2.5079262
16754,1436608931295,0.3776853,9.822811,2.5354595
16755,1436608931315,0.41718966,9.87668,2.5342624
16756,1436608931338,0.4237737,9.928156,2.497751
16757,1436608931358,0.4297592,9.953894,2.5462334
16758,1436608931376,0.4141969,9.970055,2.6001031
16759,1436608931399,0.33039984,9.919178,2.5270798
16760,1436608931419,0.30047232,9.832987,2.5103204
16761,1436608931439,0.34715924,9.755175,2.4672248
16762,1436608931459,0.40162733,9.812037,2.472612
16763,1436608931479,0.45429978,9.898827,2.498948
16764,1436608931499,0.4854244,9.999383,2.5671828
16765,1436608931519,0.5105635,10.084976,2.6036944
16766,1436608931539,0.48362875,10.1161,2.5689783
16767,1436608931559,0.40043023,10.049063,2.5019407
16768,1436608931579,0.32202014,9.974843,2.3906105
16769,1436608931599,0.29807812,9.931149,2.373851
16770,1436608931618,0.272939,9.871294,2.3762453
16771,1436608931639,0.30286652,9.780912,2.4067712
16772,1436608931659,0.32142156,9.7958765,2.4420857
16773,1436608931678,0.34715924,9.841965,2.4558525
16774,1436608931697,0.3788824,9.929952,2.4462755
16775,1436608931718,0.40521863,9.983821,2.4839842
16776,1436608931739,0.39683893,10.00477,2.5013423
16777,1436608931759,0.3597288,10.020931,2.5091233
16778,1436608931778,0.34476504,10.029311,2.4672248
16779,1436608931798,0.35553896,10.019734,2.4301147
16780,1436608931818,0.34356794,9.9951935,2.4169466
16781,1436608931838,0.32022446,9.937134,2.381632
16782,1436608931856,0.28191724,9.941922,2.3744495
16783,1436608931880,0.2681506,9.950302,2.3469162
16784,1436608931928,0.2825158,9.989806,2.3223755
16785,1436608931929,0.33877954,10.002377,2.3409307
16786,1436608931946,0.42317516,10.003573,2.4049757
16787,1436608931956,0.45669398,9.977836,2.4468741
16788,1436608931976,0.43993455,9.991004,2.4468741
16789,1436608931996,0.43634325,10.031107,2.3768437
16790,1436608932016,0.43993455,10.043077,2.3630772
16791,1436608932044,0.5153519,10.007763,2.392406
16792,1436608932057,0.55365914,9.965266,2.417545
16793,1436608932080,0.59615624,9.97604,2.4103625
16794,1436608932097,0.64942724,9.974843,2.4061728
16795,1436608932121,0.66498953,9.97185,2.379238
16796,1436608932139,0.6817489,9.973047,2.3798366
16797,1436608932160,0.6793547,9.932944,2.3642743
16798,1436608932179,0.6925228,9.931747,2.3786395
16799,1436608932199,0.6889315,9.940725,2.3588872
16800,1436608932219,0.66379243,9.969456,2.3648727
16801,1436608932240,0.6428431,9.98442,2.3750482
16802,1436608932260,0.635062,9.972448,2.3744495
16803,1436608932279,0.60333884,9.944916,2.35769
16804,1436608932299,0.5967548,9.931149,2.3505075
16805,1436608932320,0.57281274,9.920973,2.3319526
16806,1436608932337,0.55605334,9.937134,2.3110032
16807,1436608932362,0.55485624,9.935937,2.3361423
16808,1436608932380,0.5919664,9.937134,2.3654714
16809,1436608932399,0.61411273,9.935937,2.368464
16810,1436608932420,0.6087258,9.970055,2.3780408
16811,1436608932440,0.6386533,9.986216,2.3780408
16812,1436608932460,0.6464345,9.994595,2.380435
16813,1436608932495,0.6476316,9.983821,2.3840263
16814,1436608932496,0.6392518,9.9233675,2.4157495
16815,1436608932516,0.61112,9.946711,2.409764
16816,1436608932536,0.5446809,9.955689,2.396596
16817,1436608932557,0.5315128,9.962872,2.3834279
16818,1436608932577,0.5363012,9.970653,2.4019828
16819,1436608932598,0.55964464,9.887454,2.4067712
16820,1436608932626,0.5919664,9.869498,2.4432828
16821,1436608932681,0.6159084,9.869498,2.409764
16822,1436608932682,0.64583594,9.911396,2.397793
16823,1436608932683,0.694917,9.960478,2.3702598
16824,1436608932705,0.74998367,9.998186,2.381632
16825,1436608932717,0.8050503,9.9712515,2.4594438
16826,1436608932743,0.7751228,9.93893,2.4893713
16827,1436608932757,0.7074866,9.964069,2.5115175
16828,1436608932777,0.60094464,9.919776,2.4995465
16829,1436608932800,0.44771573,9.913192,2.4594438
16830,1436608932818,0.33159694,9.881469,2.5240872
16831,1436608932837,0.2208651,9.8437605,2.552219
16832,1436608932858,0.14604631,9.862914,2.5306711
16833,1436608932880,0.0796072,9.904813,2.557606
16834,1436608932898,0.037708677,9.898827,2.5552118
16835,1436608932920,0.04189853,9.910199,2.5791538
16836,1436608932940,0.03172317,9.90601,2.6001031
16837,1436608932960,0.026934769,9.892242,2.610877
16838,1436608932980,0.032920275,9.896433,2.5995045
16839,1436608933000,0.05267244,9.884461,2.5899277
16840,1436608933020,0.055066638,9.8683,2.5941176
16841,1436608933040,0.047884032,9.838373,2.6114755
16842,1436608933059,0.026934769,9.844957,2.5929205
16843,1436608933086,0.015562311,9.892242,2.5701754
16844,1436608933100,-0.027533319,9.922769,2.552219
16845,1436608933121,-0.010175358,9.940725,2.5288756
16846,1436608933142,0.007182605,9.950901,2.5462334
16847,1436608933162,0.017956512,9.912594,2.565387
16848,1436608933180,0.014963761,9.919776,2.542642
16849,1436608933198,0.010773907,9.941324,2.516306
16850,1436608933217,0.049679685,9.925761,2.4582467
16851,1436608933238,0.0712275,9.922171,2.4756045
16852,1436608933262,0.09756372,9.928755,2.48578
16853,1436608933283,0.075417355,9.96347,2.4839842
16854,1436608933306,0.09816227,9.989806,2.4779987
16855,1436608933319,0.092775315,9.997588,2.4678235
16856,1436608933342,0.13227965,9.991004,2.4642322
16857,1436608933390,0.16220717,9.97185,2.4827871
16858,1436608933391,0.14425065,9.914988,2.4666264
16859,1436608933410,0.15083471,9.953894,2.393603
16860,1436608933417,0.15442601,9.974244,2.3882163
16861,1436608933444,0.15143326,9.996989,2.4001873
16862,1436608933458,0.11611878,9.985617,2.4133554
16863,1436608933479,0.11971009,10.0029745,2.4157495
16864,1436608933500,0.10354923,9.988609,2.4001873
16865,1436608933519,0.0664391,9.944916,2.3828292
16866,1436608933538,0.040102877,9.931149,2.3594859
16867,1436608933560,0.05327099,9.945514,2.3229742
16868,1436608933579,0.09756372,9.9712515,2.3361423
16869,1436608933600,0.17357962,10.00477,2.3756466
16870,1436608933620,0.21428105,10.006566,2.3774424
16871,1436608933641,0.24540567,10.068815,2.3558946
16872,1436608933661,0.25797522,10.029909,2.3050177
16873,1436608933679,0.29807812,9.982624,2.295441
16874,1436608933700,0.35434186,10.029311,2.244564
16875,1436608933721,0.3716998,10.05445,2.2505496
16876,1436608933740,0.41718966,10.015544,2.2451627
16877,1436608933761,0.46866497,9.911396,2.3068132
16878,1436608933781,0.49440265,9.878476,2.315193
16879,1436608933799,0.46806642,9.945514,2.2439656
16880,1436608933821,0.4333505,9.978435,2.1942859
16881,1436608933839,0.40462008,9.969456,2.2170308
16882,1436608933859,0.39624038,10.044274,2.204461
16883,1436608933878,0.40880993,10.029311,2.2062569
16884,1436608933902,0.43754035,10.018537,2.1763294
16885,1436608933923,0.5009867,10.022727,2.172738
16886,1436608933943,0.60573304,10.016742,2.2002714
16887,1436608933961,0.6835446,10.028113,2.1883004
16888,1436608933978,0.7428011,10.06283,2.1440077
16889,1436608933998,0.8026561,10.0664215,2.1080947
16890,1436608934018,0.85173726,10.016742,2.135628
16891,1436608934040,0.9139865,10.007165,2.1906946
16892,1436608934144,0.9463082,10.006566,2.1942859
16893,1436608934145,0.97264445,10.040085,2.2104468
16894,1436608934146,1.0097545,9.978435,2.2499511
16895,1436608934147,1.0067618,9.973047,2.2415714
16896,1436608934148,1.0073603,9.950901,2.202067
16897,1436608934162,1.033098,9.920375,2.195483
16898,1436608934193,1.0827777,9.90601,2.1984756
16899,1436608934199,1.1145009,9.894637,2.1936872
16900,1436608934218,1.1498153,9.903017,2.211644
16901,1436608934239,1.192911,9.896433,2.2272062
16902,1436608934259,1.2503718,9.889849,2.2439656
16903,1436608934281,1.2922704,9.924564,2.2888567
16904,1436608934300,1.311424,9.912594,2.307412
16905,1436608934319,1.3305776,9.935937,2.3241713
16906,1436608934342,1.3431472,9.932345,2.3361423
16907,1436608934362,1.3221979,9.8994255,2.3373394
16908,1436608934382,1.2958617,9.8994255,2.3439236
16909,1436608934402,1.2689269,9.902418,2.3343468
16910,1436608934421,1.2473791,9.894038,2.321777
16911,1436608934440,1.2533646,9.879075,2.3277626
16912,1436608934462,1.2360066,9.868899,2.3702598
16913,1436608934482,1.2354081,9.869498,2.3714569
16914,1436608934502,1.246182,9.864111,2.3822308
16915,1436608934521,1.2779051,9.870695,2.4025815
16916,1436608934539,1.2485762,9.867104,2.3852234
16917,1436608934562,1.2354081,9.854534,2.3810337
16918,1436608934579,1.1701661,9.865308,2.333748
16919,1436608934599,1.1312603,9.861717,2.3301568
16920,1436608934619,1.0857705,9.882068,2.3127987
16921,1436608934643,1.0779893,9.890448,2.291251
16922,1436608934662,1.0660183,9.924564,2.296638
16923,1436608934683,1.0827777,9.916184,2.2948422
16924,1436608934702,1.0696096,9.915586,2.3068132
16925,1436608934721,1.0564415,9.9712515,2.3080103
16926,1436608934739,1.0474633,9.989806,2.303222
16927,1436608934760,1.0193313,9.998785,2.284667
16928,1436608934780,0.98461545,9.959879,2.2882583
16929,1436608934802,0.90620536,9.962872,2.3038206
16930,1436608934864,0.8439561,9.976639,2.2762873
16931,1436608934865,0.75596917,9.941922,2.255338
16932,1436608934866,0.6793547,9.925163,2.2379801
16933,1436608934879,0.6302736,9.933543,2.2559366
16934,1436608934900,0.6386533,9.925163,2.2703018
16935,1436608934919,0.62608373,9.934141,2.268506
16936,1436608934939,0.6135142,9.94312,2.3050177
16937,1436608934960,0.61112,9.96347,2.2984335
16938,1436608934979,0.5746084,9.957485,2.2822728
16939,1436608934999,0.533907,9.951499,2.248754
16940,1436608935019,0.5434838,9.945514,2.2625206
16941,1436608935039,0.52133745,9.951499,2.27928
16942,1436608935061,0.46866497,9.959281,2.2457612
16943,1436608935084,0.4189853,9.993997,2.2469583
16944,1436608935102,0.39743748,10.044873,2.1918917
16945,1436608935120,0.3549404,10.042479,2.19668
16946,1436608935142,0.3417723,10.038888,2.2176294
16947,1436608935162,0.31304187,10.00477,2.2331917
16948,1436608935182,0.28550854,10.040684,2.2331917
16949,1436608935202,0.27832595,10.077793,2.203264
16950,1436608935222,0.25737667,10.092757,2.1948843
16951,1436608935240,0.19692309,10.100538,2.2038627
16952,1436608935261,0.15023616,10.097546,2.190096
16953,1436608935282,0.109534726,10.184336,2.148796
16954,1436608935302,0.035314474,10.257359,2.1374235
16955,1436608935320,-0.047884032,10.253169,2.144606
16956,1436608935340,-0.036511578,10.208278,2.191293
16957,1436608935362,0.008379706,10.149619,2.2056582
16958,1436608935382,0.05805939,10.123882,2.1978772
16959,1436608935402,0.10654198,10.110115,2.1559787
16960,1436608935422,0.10235212,10.047267,2.1386206
16961,1436608935440,0.0724246,9.968858,2.1655555
16962,1436608935463,0.02633622,9.967062,2.1577742
16963,1436608935480,0.008978256,9.985617,2.1697452
16964,1436608935502,0.010175358,9.966463,2.211644
16965,1436608935520,0.079008654,9.991602,2.2463598
16966,1436608935542,0.13706805,10.050261,2.2523453
16967,1436608935588,0.16938977,10.062231,2.2960393
16968,1436608935589,0.20829555,10.08737,2.337938
16969,1436608935607,0.24181437,10.056845,2.3702598
16970,1436608935619,0.2100912,9.991004,2.4169466
16971,1436608935643,0.1448492,9.961675,2.397793
16972,1436608935661,0.044292733,9.904214,2.4199393
16973,1436608935680,-0.0664391,9.865308,2.4247277
16974,1436608935702,-0.10175357,9.795278,2.3906105
16975,1436608935721,-0.11851298,9.85633,2.3624785
16976,1436608935742,-0.08020575,9.972448,2.3517046
16977,1436608935760,-0.014963761,9.965266,2.4366987
16978,1436608935834,0.08020575,9.983821,2.5432408
16979,1436608935835,0.10295067,10.064626,2.5737667
16980,1436608935836,0.08439561,10.181343,2.5378537
16981,1436608935840,0.11731588,10.206482,2.510919
16982,1436608935860,0.16280572,10.0341,2.5187001
16983,1436608935883,0.21068975,9.892841,2.4851813
16984,1436608935902,0.21906945,9.794081,2.4079683
16985,1436608935920,0.19632454,9.721656,2.3391352
16986,1436608935940,0.18495208,9.807847,2.2942438
16987,1436608935960,0.2208651,9.822811,2.392406
16988,1436608935981,0.22864626,9.800665,2.4642322
16989,1436608936000,0.29568392,9.812635,2.5157075
16990,1436608936020,0.3369839,9.800066,2.498948
16991,1436608936040,0.3716998,9.829993,2.4528596
16992,1436608936060,0.38606504,9.910199,2.4181437
16993,1436608936080,0.39683893,9.950901,2.4528596
16994,1436608936107,0.4333505,9.929353,2.4893713
16995,1436608936120,0.45729253,9.949105,2.5192988
16996,1436608936141,0.48482585,10.116699,2.4690206
16997,1436608936163,0.5530606,10.006566,2.4636335
16998,1436608936185,0.65242,9.906608,2.5073278
16999,1436608936203,0.7781156,9.874287,2.5133133
17000,1436608936220,0.8403648,9.857527,2.497751
17001,1436608936240,0.87807345,9.834184,2.5276785
17002,1436608936261,0.88286185,9.86471,2.529474
17003,1436608936282,0.7751228,9.936536,2.5198972
17004,1436608936301,0.62608373,9.933543,2.4774003
17005,1436608936355,0.48243165,9.937134,2.4953568
17006,1436608936356,0.41838676,9.973646,2.4953568
17007,1436608936433,0.36870706,9.886257,2.5019407
17008,1436608936434,0.3657143,9.91798,2.4528596
17009,1436608936435,0.38845924,9.949704,2.4372973
17010,1436608936436,0.43035775,9.947908,2.4714148
17011,1436608936443,0.516549,9.955689,2.4875755
17012,1436608936465,0.53450555,9.922769,2.4983494
17013,1436608936480,0.56203884,9.920973,2.498948
17014,1436608936499,0.5931635,9.877877,2.5031378
17015,1436608936523,0.63087213,9.877279,2.508525
17016,1436608936539,0.6781576,9.880871,2.4720132
17017,1436608936559,0.7044938,9.861717,2.497751
17018,1436608936579,0.7020996,9.829395,2.5013423
17019,1436608936599,0.712275,9.81503,2.5240872
17020,1436608936619,0.6967127,9.846154,2.5103204
17021,1436608936639,0.7368156,9.853935,2.5312698
17022,1436608936659,0.7302315,9.862914,2.545635
17023,1436608936679,0.7302315,9.901221,2.5701754
17024,1436608936699,0.7230489,9.93474,2.5192988
17025,1436608936719,0.6835446,9.939528,2.4911668
17026,1436608936739,0.62488663,9.930551,2.4678235
17027,1436608936760,0.62129533,9.894038,2.473809
17028,1436608936779,0.61770403,9.891046,2.4462755
17029,1436608936799,0.60094464,9.938332,2.4612393
17030,1436608936819,0.57041854,9.910199,2.463035
17031,1436608936862,0.6147113,9.888053,2.5151088
17032,1436608936863,0.60693014,9.922769,2.533664
17033,1436608936882,0.59376204,9.944916,2.5438392
17034,1436608936904,0.56563014,9.990405,2.5001452
17035,1436608936922,0.50757074,10.015544,2.5145104
17036,1436608936942,0.4381389,10.011354,2.5516205
17037,1436608936963,0.43873745,9.962274,2.5528176
17038,1436608936983,0.46267948,9.942521,2.546832
17039,1436608937004,0.51595044,9.952697,2.5342624
17040,1436608937022,0.5823896,10.005967,2.533664
17041,1436608937075,0.6386533,9.980828,2.5103204
17042,1436608937076,0.641646,9.886257,2.5127146
17043,1436608937091,0.59256494,9.818023,2.468422
17044,1436608937101,0.4950012,9.737218,2.44448
17045,1436608937121,0.41120413,9.734824,2.432509
17046,1436608937143,0.350152,9.828796,2.4366987
17047,1436608937162,0.28072014,10.0029745,2.404377
17048,1436608937181,0.29987377,10.010158,2.5073278
17049,1436608937204,0.35673606,9.97185,2.6264393
17050,1436608937223,0.3890578,9.938332,2.669535
17051,1436608937243,0.3513491,9.85214,2.6611552
17052,1436608937260,0.23343466,9.853337,2.5959132
17053,1436608937283,0.19033903,9.907805,2.517503
17054,1436608937304,0.0664391,9.977836,2.5025394
17055,1436608937323,0.027533319,9.910199,2.5127146
17056,1436608937343,0.076015905,9.874287,2.5558102
17057,1436608937363,0.14425065,9.858126,2.5498247
17058,1436608937383,0.22026655,9.854534,2.5384524
17059,1436608937402,0.2896984,9.877279,2.5318682
17060,1436608937424,0.33877954,9.880272,2.569577
17061,1436608937442,0.36870706,9.907805,2.5450363
17062,1436608937461,0.34835634,9.961076,2.4911668
17063,1436608937484,0.3226187,9.920375,2.463035
17064,1436608937504,0.34835634,9.849147,2.4516625
17065,1436608937523,0.3585317,9.843162,2.4235306
17066,1436608937543,0.3441665,9.83957,2.3750482
17067,1436608937564,0.35075054,9.916783,2.3780408
17068,1436608937584,0.35254622,9.933543,2.3744495
17069,1436608937604,0.35913026,9.973646,2.373851
17070,1436608937624,0.3693056,10.003573,2.36188
17071,1436608937643,0.35254622,10.023325,2.3421278
17072,1436608937755,0.3405752,10.047866,2.295441
17073,1436608937756,0.37229836,10.027515,2.3038206
17074,1436608937757,0.39324763,10.069414,2.268506
17075,1436608937758,0.42676646,10.081984,2.273893
17076,1436608937759,0.4405331,10.040085,2.2469583
17077,1436608937770,0.48961425,10.001179,2.244564
17078,1436608937793,0.545878,10.001778,2.2230163
17079,1436608937802,0.5907693,9.993997,2.1865046
17080,1436608937822,0.6733692,10.041282,2.1547816
17081,1436608937854,0.74998367,10.0508585,2.1649568
17082,1436608937872,0.81642276,10.105926,2.1374235
17083,1436608937882,0.91099375,10.115502,2.1440077
17084,1436608937902,1.0163386,10.080188,2.1559787
17085,1436608937922,1.1336545,10.065823,2.2062569
17086,1436608937945,1.2437878,10.0341,2.2254105
17087,1436608937964,1.328782,10.022128,2.2284033
17088,1436608937986,1.3988123,9.999383,2.2469583
17089,1436608938005,1.4269443,9.96766,2.2427685
17090,1436608938029,1.4915876,9.960478,2.2002714
17091,1436608938045,1.513734,9.929353,2.235586
17092,1436608938064,1.489792,9.938332,2.2278047
17093,1436608938086,1.4460979,9.929952,2.2188265
17094,1436608938104,1.3569138,9.910798,2.2307975
17095,1436608938124,1.1959038,9.919776,2.191293
17096,1436608938143,1.0313023,9.946113,2.2104468
17097,1436608938165,0.8912416,9.911995,2.1960814
17098,1436608938183,0.79726917,9.885659,2.2062569
17099,1436608938202,0.74399817,9.911995,2.1978772
17100,1436608938223,0.7170634,9.904214,2.2290018
17101,1436608938245,0.7673417,9.985617,2.2164323
17102,1436608938263,0.8050503,9.983223,2.2643163
17103,1436608938282,0.8403648,10.001778,2.2493525
17104,1436608938305,0.85054016,10.005369,2.2319946
17105,1436608938322,0.88405895,9.992201,2.1948843
17106,1436608938343,0.90381116,9.959281,2.2092497
17107,1436608938362,0.9032126,9.920973,2.1871033
17108,1436608938384,0.8834604,9.925761,2.1763294
17109,1436608938404,0.8846575,9.917382,2.1631613
17110,1436608938477,0.8655039,9.937733,2.15538
17111,1436608938478,0.84814596,9.959281,2.1577742
17112,1436608938479,0.8062474,9.993398,2.1906946
17113,1436608938487,0.7541735,10.001179,2.1739352
17114,1436608938504,0.7254431,10.014347,2.195483
17115,1436608938523,0.7128736,10.00896,2.208651
17116,1436608938542,0.6440403,10.0269165,2.2415714
17117,1436608938566,0.56982,10.043077,2.2158337
17118,1436608938582,0.47764325,10.039486,2.2092497
17119,1436608938603,0.4297592,10.020332,2.19249
17120,1436608938632,0.40761283,10.027515,2.183512
17121,1436608938644,0.362123,9.994595,2.1799207
17122,1436608938666,0.36032736,10.048465,2.1535845
17123,1436608938685,0.37588966,10.045472,2.1817162
17124,1436608938706,0.36391866,10.060435,2.204461
17125,1436608938727,0.3561375,10.029311,2.2469583
17126,1436608938745,0.30107087,9.98442,2.2888567
17127,1436608938766,0.25438392,9.989806,2.3139958
17128,1436608938786,0.20530279,9.980229,2.2744915
17129,1436608938806,0.15562311,10.005967,2.2373815
17130,1436608938827,0.15801731,10.031107,2.2200236
17131,1436608938846,0.12509704,9.982025,2.2331917
17132,1436608938863,0.1340753,9.958083,2.2385786
17133,1436608938886,0.19812019,9.932345,2.2559366
17134,1436608938906,0.24420857,9.961076,2.2403743
17135,1436608938926,0.30705637,10.020931,2.2104468
17136,1436608938946,0.32800564,10.074203,2.2008698
17137,1436608938966,0.3393781,10.053253,2.2373815
17138,1436608938986,0.35434186,10.016742,2.2810757
17139,1436608939006,0.3274071,9.983223,2.3127987
17140,1436608939029,0.3286042,9.991602,2.2864625
17141,1436608939047,0.31064767,9.959879,2.2780828
17142,1436608939078,0.28550854,9.980828,2.3002293
17143,1436608939088,0.30346507,9.988011,2.3373394
17144,1436608939103,0.2705448,10.024523,2.3427265
17145,1436608939125,0.207697,10.031107,2.3020248
17146,1436608939183,0.18614918,9.9951935,2.2942438
17147,1436608939184,0.17477672,9.967062,2.3068132
17148,1436608939185,0.18914193,9.961675,2.2930467
17149,1436608939203,0.2172738,9.975441,2.2960393
17150,1436608939226,0.2184709,9.962872,2.3122003
17151,1436608939245,0.25737667,9.964069,2.355296
17152,1436608939264,0.2765303,9.950302,2.3786395
17153,1436608939286,0.27114335,9.9550905,2.384625
17154,1436608939304,0.23403321,9.952697,2.3690627
17155,1436608939324,0.1945289,9.883265,2.3828292
17156,1436608939344,0.110731825,9.917382,2.3708582
17157,1436608939366,0.046686932,9.981427,2.369661
17158,1436608939385,0.029927522,9.987412,2.379238
17159,1436608939406,0.05925649,10.005369,2.4037786
17160,1436608939427,0.08678981,10.01734,2.4049757
17161,1436608939445,0.11312603,10.079589,2.3517046
17162,1436608939465,0.1388637,10.0341,2.3415294
17163,1436608939485,0.18974048,9.977836,2.3678656
17164,1436608939506,0.22385786,9.92636,2.3708582
17165,1436608939527,0.22984336,9.911995,2.3798366
17166,1436608939546,0.20051439,9.940725,2.321777
17167,1436608939565,0.22685061,9.915586,2.28347
17168,1436608939586,0.26755205,9.949105,2.2547395
17169,1436608939607,0.31603462,9.919178,2.2960393
17170,1436608939626,0.40940848,9.958083,2.2828712
17171,1436608939646,0.45429978,9.991004,2.2942438
17172,1436608939666,0.50278234,10.01315,2.2768857
17173,1436608939687,0.5662287,10.034698,2.2852654
17174,1436608939708,0.5674258,10.017939,2.2583308
17175,1436608939729,0.55725044,9.991602,2.2541409
17176,1436608939746,0.56443304,10.0269165,2.223615
17177,1436608939766,0.5746084,10.022727,2.1942859
17178,1436608939786,0.59735334,9.978435,2.1942859
17179,1436608939806,0.6278794,9.952098,2.2092497
17180,1436608939824,0.6572084,9.956287,2.1948843
17181,1436608939898,0.64583594,9.991004,2.19668
17182,1436608939899,0.6536171,9.979631,2.190096
17183,1436608939900,0.6889315,9.993997,2.1996727
17184,1436608939908,0.705691,9.986216,2.2278047
17185,1436608939934,0.7410054,9.982624,2.2254105
17186,1436608939946,0.7344214,10.029909,2.1894975
17187,1436608939966,0.7799112,10.00896,2.1853075
17188,1436608939987,0.8038532,10.01315,2.2056582
17189,1436608940004,0.8439561,9.950302,2.2170308
17190,1436608940029,0.8559271,9.939528,2.2068555
17191,1436608940047,0.87328506,9.981427,2.178125
17192,1436608940070,0.8738836,10.010158,2.1350293
17193,1436608940088,0.92535895,9.997588,2.15957
17194,1436608940104,0.94570965,9.980229,2.2050598
17195,1436608940126,0.96187055,9.989208,2.2499511
17196,1436608940162,1.0139444,10.014946,2.2667105
17197,1436608940164,1.0360907,10.043676,2.248754
17198,1436608940195,1.0462662,10.044873,2.2625206
17199,1436608940204,1.0791864,10.045472,2.2882583
17200,1436608940224,1.0959458,10.005369,2.2990322
17201,1436608940244,1.0773908,10.010756,2.2882583
17202,1436608940264,1.1055226,9.989806,2.3056161
17203,1436608940289,1.1180922,9.965266,2.2972364
17204,1436608940304,1.1683705,9.954493,2.297835
17205,1436608940339,1.2198458,9.935937,2.3145945
17206,1436608940345,1.3024458,9.917382,2.32058
17207,1436608940364,1.3652935,9.982025,2.3355439
17208,1436608940384,1.4239515,9.949704,2.3241713
17209,1436608940404,1.4652514,9.941922,2.3241713
17210,1436608940425,1.5053543,9.92636,2.3331497
17211,1436608940444,1.532289,9.922769,2.3319526
17212,1436608940464,1.5334862,9.89763,2.3582888
17213,1436608940488,1.4933833,9.895834,2.3529017
17214,1436608940508,1.4862007,9.911995,2.3439236
17215,1436608940525,1.460463,9.8916445,2.307412
17216,1436608940549,1.4335283,9.889849,2.3127987
17217,1436608940584,1.3904326,9.89763,2.3451207
17218,1436608940585,1.3036429,9.856929,2.3038206
17219,1436608940606,1.2755109,9.855731,2.3145945
17220,1436608940624,1.2443863,9.889849,2.3187842
17221,1436608940645,1.2270284,9.88506,2.3068132
17222,1436608940665,1.1408371,9.930551,2.3068132
17223,1436608940685,1.0929531,9.930551,2.3122003
17224,1436608940706,1.0301052,9.929952,2.3523033
17225,1436608940727,0.997185,9.916184,2.3989902
17226,1436608940747,0.92296475,9.942521,2.4181437
17227,1436608940768,0.81343,9.929952,2.4121583
17228,1436608940784,0.6799533,9.958083,2.344522
17229,1436608940808,0.57400984,9.868899,2.3529017
17230,1436608940827,0.53450555,9.729437,2.3971944
17231,1436608940848,0.52253455,9.740809,2.4037786
17232,1436608940868,0.52612585,9.809045,2.4558525
17233,1436608940888,0.47644615,9.859323,2.4510639
17234,1436608940908,0.4165911,9.953295,2.408567
17235,1436608940927,0.374094,9.942521,2.4109612
17236,1436608940947,0.3890578,9.907207,2.4265234
17237,1436608940967,0.3854665,9.853935,2.408567
17238,1436608940985,0.34835634,9.840768,2.3870192
17239,1436608941005,0.32321724,9.854534,2.3648727
17240,1436608941028,0.2861071,9.894637,2.392406
17241,1436608941045,0.26874915,9.921572,2.4361002
17242,1436608941067,0.2220622,9.932345,2.4253263
17243,1436608941087,0.18734628,9.973047,2.417545
17244,1436608941106,0.17717093,9.988609,2.4115596
17245,1436608941127,0.14544775,9.992201,2.420538
17246,1436608941145,0.11552023,9.988011,2.44029
17247,1436608941166,0.089782566,9.968259,2.4516625
17248,1436608941186,0.077811554,9.946113,2.4588451
17249,1436608941205,0.04189853,9.936536,2.4648306
17250,1436608941258,0.048482586,9.969456,2.4522612
17251,1436608941272,0.04189853,10.00477,2.4654293
17252,1436608941273,0.040102877,9.996989,2.4486697
17253,1436608941285,0.05626374,10.023924,2.4648306
17254,1436608941337,0.077213004,9.992201,2.504335
17255,1436608941338,0.09995792,9.976639,2.480393
17256,1436608941393,0.095169514,9.998785,2.468422
17257,1436608941394,0.073621705,10.005369,2.460641
17258,1436608941395,0.04249708,9.958682,2.4905684
17259,1436608941418,0.05327099,9.934141,2.4893713
17260,1436608941427,0.037708677,9.925163,2.4899697
17261,1436608941451,0.021547815,9.922171,2.4522612
17262,1436608941469,0.022146367,9.931149,2.4486697
17263,1436608941488,0.038307227,9.961675,2.4588451
17264,1436608941508,0.09935937,9.973646,2.4420857
17265,1436608941528,0.1388637,9.996989,2.4001873
17266,1436608941549,0.1921347,9.985018,2.4049757
17267,1436608941569,0.21188685,9.989806,2.391209
17268,1436608941589,0.2717419,10.017939,2.3481133
17269,1436608941609,0.32800564,10.010158,2.344522
17270,1436608941629,0.36152446,10.001179,2.3463178
17271,1436608941655,0.3788824,10.023325,2.3307555
17272,1436608941666,0.38187516,10.02572,2.2972364
17273,1436608941686,0.4165911,10.025121,2.2984335
17274,1436608941709,0.41000703,10.023924,2.3056161
17275,1436608941726,0.41180268,10.016742,2.3127987
17276,1436608941745,0.40282443,9.988011,2.2744915
17277,1436608941766,0.39983168,10.006566,2.2625206
17278,1436608941791,0.4177882,10.001778,2.2709002
17279,1436608941812,0.44532153,9.982025,2.291251
17280,1436608941832,0.5033809,10.014347,2.2589293
17281,1436608941849,0.5129577,10.019734,2.2667105
17282,1436608941866,0.52253455,10.047267,2.259528
17283,1436608941886,0.5746084,10.030508,2.2768857
17284,1436608941906,0.58418524,10.016143,2.2798786
17285,1436608941927,0.6302736,9.985617,2.2870612
17286,1436608941946,0.65301853,9.957485,2.2643163
17287,1436608941999,0.6404489,9.973047,2.271499
17288,1436608942000,0.65301853,9.955689,2.2691047
17289,1436608942014,0.682946,9.935339,2.2679076
17290,1436608942029,0.7188591,9.958083,2.2882583
17291,1436608942046,0.748188,9.961076,2.2780828
17292,1436608942071,0.7541735,9.955689,2.267309
17293,1436608942087,0.7793127,9.961675,2.2631192
17294,1436608942140,0.81402856,9.979631,2.256535
17295,1436608942141,0.8355764,9.970653,2.2637177
17296,1436608942147,0.8463503,9.953894,2.27928
17297,1436608942172,0.8678981,9.948506,2.3104045
17298,1436608942187,0.8415619,9.946113,2.3068132
17299,1436608942206,0.80804306,9.929952,2.3133974
17300,1436608942230,0.8146271,9.925163,2.3080103
17301,1436608942249,0.81283146,9.94312,2.3020248
17302,1436608942269,0.830788,9.954493,2.2930467
17303,1436608942289,0.84814596,9.940127,2.2906525
17304,1436608942309,0.8774749,9.946113,2.3169887
17305,1436608942329,0.90859956,9.932345,2.3122003
17306,1436608942349,0.95947635,9.944916,2.3068132
17307,1436608942369,0.9792285,9.968259,2.31639
17308,1436608942387,1.0127473,9.967062,2.2984335
17309,1436608942409,1.0588357,9.972448,2.3116016
17310,1436608942428,1.1174936,9.956287,2.3080103
17311,1436608942452,1.1701661,9.986814,2.307412
17312,1436608942476,1.2006922,9.993997,2.2918496
17313,1436608942491,1.2509704,9.956287,2.2900538
17314,1436608942510,1.3138182,10.030508,2.2349873
17315,1436608942526,1.3533225,10.023924,2.2613235
17316,1436608942546,1.3730747,9.982624,2.2774844
17317,1436608944094,1.3922282,9.953295,2.2547395
17318,1436608944095,1.3634979,9.9233675,2.243367
17319,1436608944096,1.3401544,9.877877,2.2619221
17320,1436608944097,1.3341689,9.874287,2.2768857
17321,1436608944098,1.3132197,9.853337,2.2720973
17322,1436608944099,1.3030443,9.840768,2.2762873
17323,1436608944100,1.2330139,9.890448,2.2768857
17324,1436608944101,1.2066777,9.941922,2.2559366
17325,1436608944102,1.1947067,9.941324,2.2637177
17326,1436608944103,1.2324153,9.939528,2.255338
17327,1436608944104,1.1911154,9.940127,2.260725
17328,1436608944105,1.1857284,9.955689,2.2505496
17329,1436608944106,1.1546037,9.906608,2.2212207
17330,1436608944107,1.1402385,9.894637,2.2254105
17331,1436608944108,1.0324994,9.949105,2.1763294
17332,1436608944109,0.9451111,9.910199,2.1942859
17333,1436608944110,0.90141696,9.953894,2.1416135
17334,1436608944111,0.8523358,10.01315,2.1051018
17335,1436608944112,0.8206126,9.990405,2.1398177
17336,1436608944113,0.7942764,9.9928,2.191293
17337,1436608944114,0.7637503,10.001778,2.2134395
17338,1436608944115,0.74878657,9.990405,2.2242134
17339,1436608944116,0.6793547,9.956886,2.2062569
17340,1436608944117,0.623091,9.940127,2.2122424
17341,1436608944118,0.5674258,9.953894,2.2421699
17342,1436608944119,0.5279215,9.935339,2.256535
17343,1436608944120,0.4854244,9.980828,2.2457612
17344,1436608944121,0.4285621,10.02153,2.2062569
17345,1436608944122,0.40641573,10.052056,2.2014685
17346,1436608944123,0.36631286,10.0341,2.212841
17347,1436608944124,0.34117374,10.028113,2.2134395
17348,1436608944125,0.31783026,10.047866,2.1877017
17349,1436608944126,0.33758244,10.020332,2.15957
17350,1436608944127,0.3393781,10.001778,2.1535845
17351,1436608944128,0.36152446,9.991602,2.203264
17352,1436608944129,0.35913026,9.988011,2.2140381
17353,1436608944130,0.36032736,9.99639,2.2080526
17354,1436608944131,0.36631286,10.02572,2.2056582
17355,1436608944132,0.31364042,10.018537,2.2218192
17356,1436608944133,0.29328972,10.014347,2.2481554
17357,1436608944134,0.24899697,10.030508,2.236783
17358,1436608944135,0.25198972,10.029909,2.2517467
17359,1436608944136,0.22385786,10.035296,2.2798786
17360,1436608944137,0.19931729,10.049063,2.2906525
17361,1436608944138,0.14784196,10.025121,2.3122003
17362,1436608944139,0.107739076,10.005369,2.331354
17363,1436608944140,0.05267244,10.013748,2.332551
17364,1436608944141,-0.008379706,10.035895,2.308609
17365,1436608944142,-0.05267244,10.0508585,2.3253684
17366,1436608944143,-0.093373865,10.008362,2.3343468
17367,1436608944144,-0.08678981,9.985617,2.3463178
17368,1436608944145,-0.077213004,9.985018,2.4013844
17369,1436608944146,-0.06584055,10.013748,2.4349031
17370,1436608944147,-0.11671733,10.019135,2.4193408
17371,1436608944148,-0.15382746,10.0029745,2.4307132
17372,1436608944149,-0.18974048,9.994595,2.4510639
17373,1436608944150,-0.2100912,9.993398,2.4570496
17374,1436608944151,-0.2136825,9.974843,2.4702177
17375,1436608944152,-0.22744916,9.937134,2.484583
17376,1436608944153,-0.22864626,9.955689,2.48578
17377,1436608944154,-0.23582886,9.931149,2.4827871
17378,1436608944155,-0.25079262,9.940725,2.4732103
17379,1436608944156,-0.22864626,9.946711,2.5031378
17380,1436608944157,-0.16220717,9.931149,2.4881742
17381,1436608944158,-0.130484,9.911396,2.486977
17382,1436608944159,-0.06943185,9.880871,2.5157075
17383,1436608944160,-0.061650693,9.877279,2.4899697
17384,1436608944161,-0.04249708,9.901819,2.473809
17385,1436608944162,-0.04070143,9.9233675,2.4307132
17386,1436608944163,-0.038905777,9.921572,2.4277205
17387,1436608944164,-0.038307227,9.952098,2.4355016
17388,1436608944165,-0.012569559,9.932944,2.4372973
17389,1436608944166,0.019153614,9.937733,2.4319103
17390,1436608944167,0.046088383,9.968259,2.4025815
17391,1436608944168,0.05566519,9.960478,2.3612814
17392,1436608944169,0.095169514,9.947908,2.3774424
17393,1436608944170,0.1400608,9.945514,2.3301568
17394,1436608944171,0.14963761,9.961076,2.3223755
17395,1436608944172,0.18435353,9.937733,2.3139958
17396,1436608944173,0.22984336,9.977237,2.2816741
17397,1436608944174,0.25857377,10.000581,2.3002293
17398,1436608944187,0.29508537,9.990405,2.2691047
17399,1436608944206,0.34237084,9.987412,2.292448
17400,1436608944227,0.3321955,9.997588,2.28347
17401,1436608944246,0.34237084,10.003573,2.2679076
17402,1436608944266,0.3393781,10.028712,2.2284033
17403,1436608944287,0.3513491,10.031107,2.2254105
17404,1436608944307,0.36152446,10.043676,2.1691468
17405,1436608944327,0.36870706,10.078991,2.1332338
17406,1436608944347,0.37110126,10.131064,2.0961237
17407,1436608944369,0.40342298,10.070611,2.0931308
17408,1436608944388,0.480636,10.033501,2.112883
17409,1436608944408,0.5033809,9.991602,2.134431
17410,1436608944429,0.57999533,9.983821,2.1571758
17411,1436608944448,0.6404489,9.979631,2.0901382
17412,1436608944468,0.6751649,9.958682,2.054225
17413,1436608944489,0.7182605,9.965266,2.0536265
17414,1436608944509,0.7721301,9.985018,2.0494366
17415,1436608944531,0.79846627,9.982025,2.0560207
17416,1436608944552,0.7942764,9.998186,2.0201077
17417,1436608944572,0.8403648,10.036493,2.023699
17418,1436608944588,0.92775315,10.023325,2.0189106
17419,1436608944608,1.0115502,9.998186,2.071583
17420,1436608944628,1.0444705,10.024523,2.0697873
17421,1436608944649,1.0684125,10.023924,2.0572178
17422,1436608944669,1.0696096,10.002377,2.0446482
17423,1436608944690,1.0959458,10.004171,2.0566192
17424,1436608944712,1.1294646,9.98442,2.079364
17425,1436608944728,1.2138603,9.96766,2.1122844
17426,1436608944748,1.2808979,9.957485,2.1254525
17427,1436608944768,1.3204023,10.004171,2.1404164
17428,1436608944788,1.371279,10.020931,2.1410148
17429,1436608944808,1.389834,10.015544,2.180519
17430,1436608944828,1.388637,9.985617,2.1703439
17431,1436608944848,1.4089876,9.955689,2.1978772
17432,1436608944868,1.401805,9.935339,2.1751323
17433,1436608944890,1.4089876,9.946113,2.208651
17434,1436608944909,1.4077905,9.936536,2.2122424
17435,1436608944930,1.4275428,9.943718,2.2296004
17436,1436608944952,1.4460979,9.952098,2.235586
17437,1436608944970,1.4532804,9.93893,2.260725
17438,1436608944990,1.4826094,9.943718,2.27928
17439,1436608945012,1.4598645,9.954493,2.2780828
17440,1436608945029,1.4335283,9.983223,2.2601264
17441,1436608945050,1.3850456,9.955689,2.255338
17442,1436608945069,1.3533225,9.920973,2.2319946
17443,1436608945088,1.3126211,9.922769,2.212841
17444,1436608945109,1.2880806,9.923966,2.2200236
17445,1436608945130,1.2785037,9.93893,2.1930888
17446,1436608945149,1.283292,9.946711,2.1853075
17447,1436608945168,1.2988545,9.9550905,2.190096
17448,1436608945188,1.30484,9.955689,2.1972785
17449,1436608945214,1.3000516,9.955689,2.1888988
17450,1436608945230,1.292869,9.959879,2.1996727
17451,1436608945250,1.2755109,9.950901,2.1841104
17452,1436608945270,1.2814964,9.968858,2.1960814
17453,1436608945290,1.2276269,10.006566,2.1691468
17454,1436608945321,1.1725603,10.028712,2.11827
17455,1436608945337,1.1450269,9.998785,2.143409
17456,1436608945356,1.1258733,9.9951935,2.1278467
17457,1436608945368,1.0851719,9.994595,2.1021092
17458,1436608945390,1.073201,9.966463,2.098518
17459,1436608945412,1.0366893,9.950302,2.0913353
17460,1436608945429,1.0672154,9.956287,2.0847511
17461,1436608945470,1.073201,10.02572,2.0721815
17462,1436608945471,1.0935516,10.070611,2.082357
17463,1436608945489,1.1013328,10.095152,2.095525
17464,1436608945509,1.0845734,10.067019,2.1296425
17465,1436608945530,1.021127,10.052056,2.1158757
17466,1436608945550,0.9624691,10.019135,2.088941
17467,1436608945572,0.89423436,9.964667,2.0919337
17468,1436608945592,0.7858967,9.950901,2.0973208
17469,1436608945612,0.682946,9.950302,2.0937295
17470,1436608945630,0.5674258,9.935339,2.11827
17471,1436608945653,0.46028528,9.910798,2.1350293
17472,1436608945670,0.37828386,9.910199,2.1817162
17473,1436608945690,0.29269117,9.954493,2.2146366
17474,1436608945711,0.22804771,9.931747,2.2451627
17475,1436608945730,0.18974048,9.965864,2.2655134
17476,1436608945750,0.1448492,9.949704,2.2768857
17477,1436608945773,0.08499416,9.932345,2.3265655
17478,1436608945793,0.047285482,9.970055,2.3391352
17479,1436608945811,-0.012569559,9.991602,2.369661
17480,1436608945832,-0.04129998,10.012551,2.348712
17481,1436608945852,-0.079008654,10.00896,2.3475149
17482,1436608945873,-0.10594343,9.982624,2.3594859
17483,1436608945893,-0.11372458,9.9790325,2.4019828
17484,1436608945913,-0.142455,9.950302,2.4492683
17485,1436608945930,-0.16759412,10.003573,2.4510639
17486,1436608945952,-0.19931729,9.999982,2.5258827
17487,1436608945970,-0.2148796,10.044873,2.6150668
17488,1436608946040,-0.24181437,10.093954,2.707842
17489,1436608946041,-0.26755205,10.157999,2.7742813
17490,1436608946042,-0.30166942,10.168175,2.7299886
17491,1436608946080,-0.31004912,10.01734,2.6719291
17492,1436608946081,-0.29747957,9.812635,2.60968
17493,1436608946092,-0.32321724,9.675568,2.5821466
17494,1436608946112,-0.34955344,9.574412,2.5761611
17495,1436608946131,-0.29029694,9.564836,2.6372132
17496,1436608946152,-0.18016368,9.674969,2.7287915
17497,1436608946172,-0.05566519,9.758167,2.8095956
17498,1436608946191,0.05746084,9.904214,2.819771
17499,1436608946212,0.12509704,9.993997,2.778471
17500,1436608946231,0.12988544,10.024523,2.717419
17501,1436608946250,0.08738836,9.9473095,2.7180176
17502,1436608946273,0.06344634,9.850943,2.722806
17503,1436608946293,0.006584055,9.809045,2.7275944
17504,1436608946313,-0.022146367,9.77792,2.677316
17505,1436608946330,-0.047285482,9.816826,2.618658
17506,1436608946351,-0.02932897,9.901819,2.585738
17507,1436608946373,0.025737667,9.92636,2.581548
17508,1436608946391,0.092176765,9.951499,2.6258407
17509,1436608946413,0.1328782,9.977836,2.6312277
17510,1436608946430,0.17357962,10.010158,2.6060886
17511,1436608946450,0.1945289,10.017939,2.5570073
17512,1436608946470,0.23403321,10.01315,2.5246856
17513,1436608946492,0.28670564,9.990405,2.5366566
17514,1436608946513,0.31783026,9.985018,2.5252843
17515,1436608946531,0.32920274,9.991004,2.5252843
17516,1436608946552,0.3357868,9.998785,2.5025394
17517,1436608946574,0.3597288,10.010756,2.473809
17518,1436608946593,0.39923313,10.011953,2.4905684
17519,1436608946614,0.40342298,10.003573,2.4809916
17520,1436608946630,0.46148238,10.019135,2.4133554
17521,1436608946656,0.49799395,9.989208,2.3864205
17522,1436608946673,0.5542577,9.9550905,2.4025815
17523,1436608946693,0.6135142,9.956287,2.40318
17524,1436608946713,0.6703765,9.933543,2.4073699
17525,1436608946731,0.7080852,9.952697,2.3624785
17526,1436608946795,0.7032967,9.948506,2.3678656
17527,1436608946796,0.7374141,9.94312,2.36188
17528,1436608946797,0.7942764,9.918579,2.3612814
17529,1436608946812,0.82360536,9.909601,2.3690627
17530,1436608946834,0.8367735,9.910798,2.4013844
17531,1436608946873,0.80924016,9.944916,2.4253263
17532,1436608946874,0.7793127,9.955689,2.4450784
17533,1436608946894,0.7380127,9.953295,2.5001452
17534,1436608946910,0.688333,9.968259,2.4768016
17535,1436608946932,0.65062433,9.935339,2.3666685
17536,1436608946956,0.6099229,9.955689,2.2990322
17537,1436608946971,0.6793547,9.916783,2.3133974
17538,1436608946993,0.76075757,9.874885,2.349909
17539,1436608947014,0.8283938,9.87668,2.3876176
17540,1436608947034,0.8619126,9.881469,2.3942018
17541,1436608947053,0.92176765,9.925761,2.4372973
17542,1436608947072,0.9427169,9.895236,2.4666264
17543,1436608947093,0.98461545,9.904813,2.463035
17544,1436608947111,0.9935937,9.911396,2.484583
17545,1436608947132,1.0103531,9.9233675,2.4929626
17546,1436608947153,1.0169371,9.8754835,2.4570496
17547,1436608947174,1.0342951,9.857527,2.4516625
17548,1436608947193,1.0199299,9.854534,2.4791958
17549,1436608947214,1.0576386,9.840768,2.4791958
17550,1436608947231,1.0672154,9.8916445,2.4929626
17551,1436608947256,1.0606314,9.886257,2.4983494
17552,1436608947277,1.0564415,9.898229,2.5061307
17553,1436608947293,1.039682,9.926959,2.4971523
17554,1436608947311,1.0139444,9.992201,2.4929626
17555,1436608947331,1.0007763,9.968858,2.5019407
17556,1436608947351,0.95708215,9.944916,2.497751
17557,1436608947378,0.96905315,9.931149,2.5007436
17558,1436608947396,0.9911995,9.876082,2.508525
17559,1436608947417,0.97503865,9.856929,2.5408466
17560,1436608947433,1.0265139,9.882068,2.5432408
17561,1436608947459,1.0139444,9.884461,2.5157075
17562,1436608947553,1.0301052,9.894637,2.5067291
17563,1436608947554,1.0666169,9.854534,2.4899697
17564,1436608947555,1.0767922,9.861717,2.5001452
17565,1436608947556,1.0881647,9.85633,2.4827871
17566,1436608947557,1.0737995,9.838972,2.4797945
17567,1436608947574,1.1240777,9.864111,2.4785974
17568,1436608947596,1.1611878,9.872491,2.496554
17569,1436608947611,1.1935096,9.88506,2.5019407
17570,1436608947631,1.1647792,9.910798,2.5342624
17571,1436608947653,1.1617863,9.917382,2.5013423
17572,1436608947672,1.1007342,9.919178,2.4881742
17573,1436608947693,1.0702082,9.931747,2.4666264
17574,1436608947712,1.0013748,9.931747,2.4768016
17575,1436608947732,0.96546185,9.894637,2.4881742
17576,1436608947755,0.91099375,9.940725,2.4660277
17577,1436608947775,0.8972271,9.8994255,2.4558525
17578,1436608947794,0.89902276,9.908403,2.4732103
17579,1436608947815,0.9211691,9.930551,2.4791958
17580,1436608947832,0.92296475,9.92636,2.496554
17581,1436608947854,0.8822633,9.944916,2.4929626
17582,1436608947875,0.8750807,9.929952,2.5007436
17583,1436608947895,0.8858546,9.936536,2.5025394
17584,1436608947915,0.86729956,9.91439,2.493561
17585,1436608947933,0.8451532,9.936536,2.5246856
17586,1436608947953,0.8475474,9.92636,2.5019407
17587,1436608947973,0.83138657,9.909601,2.520496
17588,1436608947992,0.82360536,9.911396,2.5270798
17589,1436608948012,0.7942764,9.91439,2.5252843
17590,1436608948034,0.8002619,9.894038,2.5169046
17591,1436608948059,0.7745243,9.891046,2.5306711
17592,1436608948078,0.7697359,9.874287,2.5276785
17593,1436608948092,0.79248077,9.906608,2.520496
17594,1436608948115,0.842759,9.934141,2.5390508
17595,1436608948132,0.89064306,9.922769,2.540248
17596,1436608948151,0.8870517,9.911995,2.5246856
17597,1436608948174,0.9307459,9.8677025,2.5504234
17598,1436608948195,0.95109665,9.865907,2.5905263
17599,1436608948214,0.92775315,9.889849,2.56419
17600,1436608948269,0.8858546,9.873089,2.516306
17601,1436608948282,0.85473,9.832987,2.4839842
17602,1436608948283,0.8535329,9.820416,2.4881742
17603,1436608948292,0.86969376,9.821015,2.4851813
17604,1436608948319,0.8912416,9.844957,2.5438392
17605,1436608948334,0.8738836,9.883863,2.5432408
17606,1436608948352,0.84216046,9.881469,2.569577
17607,1436608948375,0.78170687,9.885659,2.5851393
17608,1436608948392,0.7158663,9.910798,2.565387
17609,1436608948412,0.64463884,9.880272,2.5647886
17610,1436608948432,0.5859809,9.884461,2.5600002
17611,1436608948453,0.5231331,9.861717,2.554613
17612,1436608948472,0.47884035,9.856929,2.5713725
17613,1436608948496,0.48482585,9.85633,2.545635
17614,1436608948515,0.49919105,9.840169,2.5647886
17615,1436608948537,0.5291186,9.900622,2.593519
17616,1436608948555,0.4902128,9.903017,2.5773582
17617,1436608948575,0.48961425,9.892841,2.5821466
17618,1436608948596,0.51834464,9.903615,2.5731683
17619,1436608948615,0.53330845,9.892242,2.5851393
17620,1436608948636,0.57879823,9.883863,2.5833437
17621,1436608948657,0.59855044,9.888053,2.5917234
17622,1436608948675,0.6015432,9.878476,2.5833437
17623,1436608948696,0.58418524,9.901221,2.5941176
17624,1436608948712,0.5758055,9.895236,2.6060886
17625,1436608948732,0.557849,9.886856,2.5893292
17626,1436608948753,0.53450555,9.895236,2.5773582
17627,1436608948778,0.50517654,9.890448,2.553416
17628,1436608948798,0.5009867,9.882666,2.5390508
17629,1436608948818,0.4830302,9.921572,2.5498247
17630,1436608948834,0.4866215,9.855133,2.598906
17631,1436608948853,0.43993455,9.930551,2.56419
17632,1436608948873,0.39743748,9.941324,2.5420437
17633,1436608948893,0.4141969,9.911396,2.5701754
17634,1436608948916,0.39803603,9.960478,2.5360582
17635,1436608948938,0.36870706,9.9233675,2.552219
17636,1436608948984,0.3681085,9.915586,2.5210943
17637,1436608948985,0.3728969,9.906608,2.5037365
17638,1436608949003,0.3597288,9.897031,2.5378537
17639,1436608949013,0.39384618,9.904214,2.5210943
17640,1436608949045,0.40880993,9.931149,2.5079262
17641,1436608949054,0.42556936,9.959281,2.5121162
17642,1436608949073,0.439336,9.952098,2.5151088
17643,1436608949093,0.46926352,9.941324,2.5234885
17644,1436608949114,0.46267948,9.933543,2.509722
17645,1436608949133,0.4878186,9.93474,2.5121162
17646,1436608949155,0.46327803,9.930551,2.4774003
17647,1436608949173,0.4842273,9.901819,2.4875755
17648,1436608949193,0.46148238,9.90601,2.4648306
17649,1436608949213,0.4405331,9.941324,2.472612
17650,1436608949233,0.39444473,9.935937,2.4552538
17651,1436608949253,0.34955344,9.9233675,2.472612
17652,1436608949276,0.32800564,9.960478,2.5025394
17653,1436608949296,0.30945057,9.944317,2.472612
17654,1436608949316,0.2825158,9.953295,2.4911668
17655,1436608949336,0.2717419,9.969456,2.484583
17656,1436608949356,0.26635495,9.989806,2.4833858
17657,1436608949376,0.25318682,9.97604,2.492364
17658,1436608949397,0.22026655,9.96347,2.4959552
17659,1436608949413,0.19093758,9.961675,2.5061307
17660,1436608949436,0.15442601,9.966463,2.496554
17661,1436608949458,0.16460137,10.005369,2.4636335
17662,1436608949477,0.17118542,10.005369,2.4492683
17663,1436608949497,0.1945289,9.966463,2.4893713
17664,1436608949516,0.19931729,9.974244,2.521693
17665,1436608949534,0.22744916,9.968259,2.508525
17666,1436608949556,0.260968,9.955689,2.48578
17667,1436608949575,0.30047232,9.93893,2.4905684
17668,1436608949598,0.30945057,9.941922,2.4851813
17669,1436608949618,0.29807812,9.954493,2.4917655
17670,1436608949638,0.23283611,9.911396,2.5001452
17671,1436608949657,0.2160767,9.911995,2.4768016
17672,1436608949744,0.2100912,9.956287,2.472612
17673,1436608949745,0.22505496,9.968259,2.4708161
17674,1436608949746,0.2741361,9.964069,2.4762032
17675,1436608949747,0.28311434,9.9928,2.48578
17676,1436608949756,0.29568392,10.001179,2.4552538
17677,1436608949783,0.29508537,10.007165,2.4851813
17678,1436608949797,0.31483752,9.993398,2.4588451
17679,1436608949814,0.31543607,9.936536,2.4779987
17680,1436608949834,0.3405752,9.949105,2.4708161
17681,1436608949856,0.3405752,9.9712515,2.4253263
17682,1436608949885,0.39624038,9.97185,2.4313118
17683,1436608949895,0.4429273,9.952697,2.4067712
17684,1436608949914,0.4890157,9.940127,2.4247277
17685,1436608949934,0.5105635,9.947908,2.40318
17686,1436608949957,0.52253455,9.974843,2.4127567
17687,1436608949975,0.53809685,9.991004,2.405574
17688,1436608949996,0.533907,9.96347,2.4468741
17689,1436608950017,0.49919105,9.933543,2.4690206
17690,1436608950036,0.45789108,9.927557,2.4426842
17691,1436608950056,0.42317516,9.932944,2.4504654
17692,1436608950080,0.41060558,9.929353,2.44029
17693,1436608950096,0.37588966,9.944317,2.4127567
17694,1436608950117,0.3597288,9.939528,2.421735
17695,1436608950137,0.33877954,9.935339,2.4528596
17696,1436608950157,0.32142156,9.936536,2.472612
17697,1436608950174,0.29149407,9.949105,2.4600422
17698,1436608950195,0.2765303,9.957485,2.4642322
17699,1436608950214,0.26276365,9.980828,2.4612393
17700,1436608950239,0.25797522,9.977237,2.4540567
17701,1436608950259,0.24959552,9.99639,2.4552538
17702,1436608950279,0.25019407,10.010756,2.4600422
17703,1436608950297,0.24540567,9.978435,2.4941597
17704,1436608950314,0.29688102,10.028712,2.4558525
17705,1436608950335,0.31124622,9.940725,2.4552538
17706,1436608950357,0.35314476,9.950302,2.4001873
17707,1436608950377,0.38845924,9.986216,2.3648727
17708,1436608950397,0.40821138,9.957485,2.344522
17709,1436608950467,0.4866215,9.980828,2.3756466
17710,1436608950468,0.5686229,10.001778,2.4139538
17711,1436608950469,0.6314707,9.991004,2.4139538
17712,1436608950477,0.6955156,9.96347,2.396596
17713,1436608950496,0.7445967,9.943718,2.3948002
17714,1436608950515,0.79008657,9.928755,2.3654714
17715,1436608950534,0.8487445,9.900024,2.4049757
17716,1436608950554,0.89543146,9.905411,2.3983915
17717,1436608950576,0.9307459,9.915586,2.416348
17718,1436608950596,0.9379285,9.883265,2.4169466
17719,1436608950615,0.95947635,9.879075,2.391209
17720,1436608950634,0.9516952,9.865308,2.4504654
17721,1436608950658,0.9235633,9.889849,2.4474726
17722,1436608950679,0.90021986,9.852738,2.4349031
17723,1436608950697,0.85891986,9.855731,2.4426842
17724,1436608950717,0.8559271,9.82341,2.4450784
17725,1436608950737,0.8607155,9.825205,2.421735
17726,1436608950757,0.8439561,9.841366,2.4193408
17727,1436608950777,0.83378077,9.827001,2.4229321
17728,1436608950797,0.89603,9.818622,2.4277205
17729,1436608950817,0.92296475,9.84795,2.433706
17730,1436608950837,0.9576807,9.876082,2.4468741
17731,1436608950856,1.0061632,9.8683,2.4492683
17732,1436608950878,1.0582372,9.87668,2.4259248
17733,1436608950898,1.122282,9.8754835,2.4247277
17734,1436608950915,1.1953052,9.881469,2.4474726
17735,1436608950937,1.2294226,9.867104,2.4528596
17736,1436608950957,1.2719196,9.8754835,2.44448
17737,1436608950979,1.2904748,9.865308,2.4390929
17738,1436608951000,1.2814964,9.85633,2.4702177
17739,1436608951020,1.2587515,9.898229,2.4504654
17740,1436608951038,1.2156559,9.901819,2.4265234
17741,1436608951055,1.1563994,9.913791,2.4289176
17742,1436608951078,1.1593921,9.909601,2.4331074
17743,1436608951096,1.1486182,9.858126,2.44029
17744,1436608951116,1.1869255,9.884461,2.429516
17745,1436608951136,1.1994951,9.90601,2.44448
17746,1436608951192,1.1881226,9.92636,2.4498668
17747,1436608951204,1.2078748,9.937733,2.4486697
17748,1436608951205,1.1791444,9.956886,2.4714148
17749,1436608951215,1.115698,9.982624,2.463035
17750,1436608951240,1.0977415,9.941922,2.468422
17751,1436608951256,1.0534488,9.930551,2.4558525
17752,1436608951276,1.0324994,9.949105,2.4438813
17753,1436608951297,0.9720459,9.880871,2.44029
17754,1436608951316,0.98341835,9.897031,2.429516
17755,1436608951337,0.96067345,9.928755,2.4289176
17756,1436608951355,0.9403227,9.911396,2.4384944
17757,1436608951375,0.9379285,9.911995,2.4372973
17758,1436608951395,0.92535895,9.938332,2.4343045
17759,1436608951418,0.92535895,9.928755,2.4462755
17760,1436608951438,0.9355343,9.928156,2.469619
17761,1436608951458,0.9403227,9.973646,2.4672248
17762,1436608951478,0.8882488,9.952098,2.4821887
17763,1436608951498,0.8714894,9.947908,2.484583
17764,1436608951518,0.80924016,9.928755,2.4588451
17765,1436608951538,0.7930793,9.913192,2.4265234
17766,1436608951556,0.7661445,9.900024,2.4211364
17767,1436608951576,0.7661445,9.903017,2.416348
17768,1436608951596,0.7787141,9.91439,2.4139538
17769,1436608951618,0.81163436,9.954493,2.456451
17770,1436608951635,0.7990648,9.985018,2.4588451
17771,1436608951656,0.7906851,9.966463,2.5001452
17772,1436608951676,0.7685388,9.9473095,2.505532
17773,1436608951697,0.6793547,9.93474,2.497751
17774,1436608951721,0.6356605,9.935937,2.461838
17775,1436608951738,0.54887074,9.908403,2.4552538
17776,1436608951758,0.521936,9.882666,2.4582467
17777,1436608951776,0.5267244,9.874885,2.4995465
17778,1436608951799,0.5470751,9.872491,2.4947581
17779,1436608951816,0.54049104,9.883265,2.5187001
17780,1436608951838,0.5117606,9.892242,2.497751
17781,1436608951858,0.47644615,9.904813,2.4636335
17782,1436608951920,0.47764325,9.895834,2.4510639
17783,1436608951921,0.47764325,9.897031,2.4516625
17784,1436608951922,0.49200845,9.907207,2.4534583
17785,1436608951935,0.52971715,9.907805,2.460641
17786,1436608951957,0.5859809,9.940725,2.4642322
17787,1436608951990,0.65062433,9.944317,2.4678235
17788,1436608951996,0.7260417,9.936536,2.4905684
17789,1436608952016,0.81761986,9.974843,2.529474
17790,1436608952038,0.8984242,9.980229,2.544438
17791,1436608952056,0.94690675,9.941922,2.5462334
17792,1436608952077,0.93134445,9.953295,2.5432408
17793,1436608952095,0.8583213,9.930551,2.4851813
17794,1436608952116,0.7906851,9.910798,2.4720132
17795,1436608952139,0.7236475,9.941324,2.5103204
17796,1436608952159,0.6380547,9.915586,2.5115175
17797,1436608952179,0.5141548,9.821015,2.4678235
17798,1436608952199,0.42676646,9.752182,2.373851
17799,1436608952219,0.39145198,9.758766,2.31639
17800,1436608952239,0.3393781,9.814431,2.3050177
17801,1436608952259,0.35314476,9.88506,2.409764
17802,1436608952277,0.2908955,9.907207,2.4636335
17803,1436608952299,0.24480712,9.892841,2.4534583
17804,1436608952319,0.20410569,9.888053,2.4552538
17805,1436608952339,0.19752164,9.8916445,2.3930047
17806,1436608952359,0.22864626,10.0029745,2.4277205
17807,1436608952379,0.25139117,9.999982,2.5306711
17808,1436608952398,0.23642741,9.994595,2.5438392
17809,1436608952417,0.22984336,10.02153,2.533664
17810,1436608952437,0.19991584,9.988011,2.496554
17811,1436608952459,0.2184709,10.005369,2.4378958
17812,1436608952479,0.272939,10.019135,2.4091654
17813,1436608952499,0.33877954,9.979631,2.4690206
17814,1436608952517,0.4213795,10.013748,2.480393
17815,1436608952545,0.46088383,10.035296,2.4779987
17816,1436608952600,0.45669398,9.999383,2.4600422
17817,1436608952601,0.45190558,10.001778,2.4426842
17818,1436608952602,0.41000703,10.01315,2.4211364
17819,1436608952621,0.35793316,9.9951935,2.4049757
17820,1436608952637,0.31483752,9.974244,2.4349031
17821,1436608952660,0.24480712,9.994595,2.4390929
17822,1436608952677,0.20829555,9.936536,2.4492683
17823,1436608952696,0.16460137,9.902418,2.4438813
17824,1436608952717,0.1328782,9.898229,2.4450784
17825,1436608952736,0.090381116,9.982025,2.4181437
17826,1436608952757,0.077213004,10.05445,2.3798366
17827,1436608952783,0.090979666,10.010158,2.4025815
17828,1436608952797,0.1448492,9.990405,2.4390929
17829,1436608952817,0.20530279,9.982025,2.4253263
17830,1436608952839,0.29628247,9.943718,2.4522612
17831,1436608952860,0.34237084,9.968259,2.4594438
17832,1436608952880,0.45968673,9.961076,2.4995465
17833,1436608952900,0.545878,9.944916,2.5761611
17834,1436608952919,0.56682724,9.974843,2.6222494
17835,1436608952940,0.5566519,9.981427,2.6192567
17836,1436608952960,0.53330845,9.982624,2.5893292
17837,1436608952979,0.47764325,9.954493,2.5767596
17838,1436608953000,0.39504328,9.907805,2.546832
17839,1436608953017,0.32142156,9.869498,2.5192988
17840,1436608953038,0.25677812,9.873688,2.4893713
17841,1436608953057,0.22984336,9.905411,2.496554
17842,1436608953077,0.23762453,9.950302,2.520496
17843,1436608953100,0.28072014,9.944916,2.5582044
17844,1436608953117,0.26396075,9.965864,2.5264814
17845,1436608953142,0.24660277,9.973646,2.421735
17846,1436608953162,0.25079262,9.91798,2.3774424
17847,1436608953183,0.30765492,9.8754835,2.385822
17848,1436608953200,0.4165911,9.869498,2.368464
17849,1436608953217,0.54288524,9.858126,2.4133554
17850,1436608953237,0.7858967,9.88925,2.5246856
17851,1436608953257,0.95229375,10.024523,2.629432
17852,1436608953277,0.95947635,10.073604,2.6581624
17853,1436608953301,0.8583213,10.0664215,2.6431987
17854,1436608953359,0.7152678,10.007763,2.542642
17855,1436608953360,0.6380547,9.928156,2.4462755
17856,1436608953361,0.59735334,9.860519,2.3852234
17857,1436608953378,0.59735334,9.824008,2.3361423
17858,1436608953397,0.6452374,9.816227,2.3930047
17859,1436608953417,0.6847417,9.829993,2.4061728
17860,1436608953437,0.80804306,9.865308,2.4504654
17861,1436608953460,0.8822633,9.909002,2.4929626
17862,1436608953478,0.97862995,9.967062,2.5408466
17863,1436608953498,1.0265139,9.970055,2.546832
17864,1436608953518,1.0618285,9.94312,2.5713725
17865,1436608953540,1.0749966,9.947908,2.5743654
17866,1436608953560,1.0366893,9.921572,2.5701754
17867,1436608953578,0.99179804,9.882666,2.5288756
17868,1436608953600,0.96067345,9.846154,2.5378537
17869,1436608953620,0.9379285,9.818023,2.532467
17870,1436608953640,0.9032126,9.822811,2.5378537
17871,1436608953660,0.86490536,9.81922,2.520496
17872,1436608953679,0.842759,9.81084,2.5157075
17873,1436608953699,0.86490536,9.822212,2.520496
17874,1436608953720,0.8972271,9.827001,2.5480292
17875,1436608953737,0.9103952,9.849746,2.5983074
17876,1436608953760,0.90859956,9.873089,2.60968
17877,1436608953780,0.9008184,9.873089,2.5911248
17878,1436608953800,0.908001,9.86471,2.60549
17879,1436608953820,0.91578215,9.83957,2.6366146
17880,1436608953839,0.8948329,9.864111,2.6007016
17881,1436608953861,0.85772276,9.861118,2.5629928
17882,1436608953881,0.8451532,9.831789,2.5510218
17883,1436608953901,0.87089086,9.836577,2.5647886
17884,1436608953920,0.88405895,9.816826,2.5462334
17885,1436608953939,0.8948329,9.835381,2.5480292
17886,1436608953958,0.908001,9.85214,2.5492263
17887,1436608953980,0.8972271,9.877877,2.5623944
17888,1436608953998,0.89184016,9.873688,2.5486276
17889,1436608954022,0.8607155,9.90601,2.5689783
17890,1436608954111,0.8499416,9.895834,2.5803509
17891,1436608954112,0.8194155,9.892841,2.585738
17892,1436608954113,0.80205756,9.894038,2.585738
17893,1436608954114,0.777517,9.90601,2.5863364
17894,1436608954128,0.75716627,9.869498,2.5737667
17895,1436608954138,0.7302315,9.907805,2.5438392
17896,1436608954158,0.7170634,9.917382,2.5492263
17897,1436608954178,0.6865373,9.922171,2.5689783
17898,1436608954199,0.682946,9.921572,2.5737667
17899,1436608954218,0.66498953,9.92636,2.574964
17900,1436608954238,0.64942724,9.914988,2.5647886
17901,1436608954261,0.6733692,9.9233675,2.558803
17902,1436608954278,0.6476316,9.917382,2.5450363
17903,1436608954300,0.6374562,9.908403,2.5558102
17904,1436608954321,0.6075287,9.911396,2.558803
17905,1436608954340,0.6171055,9.91439,2.5617957
17906,1436608954361,0.6386533,9.902418,2.5983074
17907,1436608954381,0.6266823,9.90601,2.554613
17908,1436608954401,0.63087213,9.9233675,2.56419
17909,1436608954421,0.59735334,9.91798,2.5659857
17910,1436608954440,0.62608373,9.918579,2.5659857
17911,1436608954461,0.5859809,9.924564,2.5659857
17912,1436608954481,0.5770026,9.901819,2.574964
17913,1436608954499,0.56922144,9.901221,2.586935
17914,1436608954520,0.55964464,9.889849,2.5893292
17915,1436608954541,0.54049104,9.922171,2.5845408
17916,1436608954561,0.5201403,9.925761,2.5779567
17917,1436608954584,0.49440265,9.894637,2.5797524
17918,1436608954600,0.51954174,9.898229,2.566584
17919,1436608954621,0.5470751,9.901221,2.565387
17920,1436608954641,0.5734113,9.887454,2.5803509
17921,1436608954661,0.5931635,9.894038,2.5923219
17922,1436608954679,0.60693014,9.8994255,2.5887306
17923,1436608954700,0.58657944,9.903017,2.5725696
17924,1436608954730,0.5746084,9.925761,2.5725696
17925,1436608954738,0.5398925,9.913192,2.5558102
17926,1436608954758,0.54527944,9.907805,2.5617957
17927,1436608954778,0.5482722,9.877877,2.5617957
17928,1436608954805,0.5662287,9.903017,2.565387
17929,1436608954819,0.56203884,9.892242,2.5635915
17930,1436608954838,0.5626374,9.877877,2.545635
17931,1436608954859,0.5662287,9.904214,2.546832
17932,1436608954878,0.533907,9.916184,2.56419
17933,1436608954899,0.52073884,9.929353,2.5540147
17934,1436608954919,0.5105635,9.942521,2.5372553
17935,1436608954952,0.5069722,9.907207,2.5701754
17936,1436608954970,0.52612585,9.921572,2.56419
17937,1436608954979,0.5482722,9.911995,2.5498247
17938,1436608955005,0.5554548,9.892841,2.5378537
17939,1436608955020,0.56563014,9.896433,2.5288756
17940,1436608955039,0.5446809,9.894637,2.5510218
17941,1436608955061,0.5398925,9.911995,2.541445
17942,1436608955079,0.5626374,9.946711,2.5450363
17943,1436608955101,0.55605334,9.925761,2.545635
17944,1436608955120,0.54049104,9.918579,2.505532
17945,1436608955142,0.5494693,9.891046,2.5073278
17946,1436608955162,0.5590461,9.901221,2.5157075
17947,1436608955182,0.56982,9.919776,2.509722
17948,1436608955201,0.55365914,9.911396,2.5246856
17949,1436608955222,0.56563014,9.9473095,2.509722
17950,1436608955241,0.56084174,9.937733,2.5264814
17951,1436608955262,0.54049104,9.934141,2.5157075
17952,1436608955282,0.50637364,9.961675,2.5192988
17953,1436608955302,0.5057751,9.911995,2.498948
17954,1436608955322,0.52612585,9.916184,2.509722
17955,1436608955340,0.55126494,9.924564,2.5001452
17956,1436608955361,0.5686229,9.895834,2.5354595
17957,1436608955382,0.60214174,9.914988,2.5264814
17958,1436608955402,0.6368576,9.931149,2.5629928
17959,1436608955422,0.62129533,9.965864,2.56419
17960,1436608955440,0.60333884,9.958682,2.5432408
17961,1436608955460,0.5781997,9.941324,2.5151088
17962,1436608955481,0.50158525,9.89763,2.5390508
17963,1436608955508,0.46028528,9.911995,2.528277
17964,1436608955562,0.39145198,9.973047,2.5432408
17965,1436608955563,0.2753332,10.052654,2.5677812
17966,1436608955564,0.15203181,9.999383,2.5121162
17967,1436608955588,0.079008654,10.018537,2.4756045
17968,1436608955599,0.02873042,10.0987425,2.4307132
17969,1436608955622,0.0023942017,10.024523,2.4133554
17970,1436608955639,0.06943185,9.996989,2.4037786
17971,1436608955659,0.22026655,9.913192,2.428319
17972,1436608955680,0.39384618,9.869498,2.4492683
17973,1436608955700,0.51954174,9.91439,2.4660277
17974,1436608955720,0.65301853,9.91798,2.4732103
17975,1436608955740,0.8062474,9.93893,2.468422
17976,1436608955762,0.8714894,9.9473095,2.4762032
17977,1436608955780,0.9576807,9.931747,2.498948
17978,1436608955802,1.0414777,9.944317,2.5240872
17979,1436608955822,1.049259,9.968858,2.492364
17980,1436608955840,1.0163386,9.928156,2.496554
17981,1436608955862,1.0073603,9.871294,2.4756045
17982,1436608955882,1.0079589,9.803658,2.5151088
17983,1436608955903,1.0169371,9.800665,2.4450784
17984,1436608955922,1.0360907,9.83957,2.420538
17985,1436608955940,1.0324994,9.888053,2.428319
17986,1436608955961,1.0193313,9.849746,2.4809916
17987,1436608955980,1.0121487,9.886257,2.5115175
17988,1436608956000,0.93134445,9.88925,2.5031378
17989,1436608956023,0.9008184,9.871294,2.5312698
17990,1436608956044,0.91099375,9.882068,2.4905684
17991,1436608956062,0.93014735,9.844957,2.4911668
17992,1436608956079,1.0079589,9.803658,2.484583
17993,1436608956101,1.1414356,9.761759,2.457648
17994,1436608956120,1.2659341,9.710882,2.4516625
17995,1436608956143,1.4227544,9.737817,2.441487
17996,1436608956163,1.5298948,9.807847,2.4582467
17997,1436608956182,1.5400703,9.808446,2.5001452
17998,1436608956202,1.4802152,9.850345,2.5145104
17999,1436608956309,1.347337,9.8515415,2.5181017
18000,1436608956310,1.1492168,9.894038,2.5181017
18001,1436608956311,0.98222125,9.892841,2.4899697
18002,1436608956312,0.8451532,9.913192,2.5187001
18003,1436608956313,0.7565677,9.881469,2.5115175
18004,1436608956326,0.6607997,9.882666,2.5378537
18005,1436608956340,0.5590461,9.907207,2.5623944
18006,1436608956360,0.40342298,10.044274,2.5001452
18007,1436608956380,0.30166942,9.980828,2.5312698
18008,1436608956400,0.23822308,9.886856,2.5552118
18009,1436608956421,0.15861586,9.868899,2.5372553
18010,1436608956441,0.15562311,9.864111,2.5797524
18011,1436608956462,0.1436521,9.941324,2.5677812
18012,1436608956482,0.109534726,10.087969,2.540248
18013,1436608956500,0.04249708,10.027515,2.6431987
18014,1436608956520,0.05865794,10.030508,2.6557682
18015,1436608956540,0.011372458,10.143634,2.6168625
18016,1436608956560,-0.0005985504,10.156203,2.585738
18017,1436608956581,0.1376666,10.089765,2.586935
18018,1436608956600,0.3465607,9.90601,2.6222494
18019,1436608956621,0.5315128,9.743802,2.6420016
18020,1436608957915,0.61890113,9.71986,2.6312277
18021,1436608957916,0.6548142,9.755175,2.5881321
18022,1436608957917,0.717662,9.750386,2.6132712
18023,1436608957918,0.8230068,9.60015,2.6527755
18024,1436608957919,0.96187055,9.511565,2.6497827
18025,1436608957920,1.1192893,9.444528,2.5791538
18026,1436608957921,1.3102269,9.455899,2.4480712
18027,1436608957922,1.5251064,9.627085,2.32058
18028,1436608957923,1.7657237,9.7324295,2.2679076
18029,1436608957924,1.99437,9.807847,2.2936451
18030,1436608957925,2.1751323,9.874287,2.3798366
18031,1436608957926,2.1386206,9.894038,2.3948002
18032,1436608957927,1.9554642,9.932345,2.417545
18033,1436608957928,1.6460136,10.220847,2.392406
18034,1436608957929,1.1294646,10.305243,2.332551
18035,1436608957930,0.5847838,10.232818,2.2816741
18036,1436608957931,0.17298107,10.13286,2.2535424
18037,1436608957932,-0.11192893,10.032902,2.1709423
18038,1436608957933,-0.2184709,9.941922,2.1290438
18039,1436608957934,-0.1376666,9.961675,2.1655555
18040,1436608957935,0.0796072,10.083779,2.204461
18041,1436608957936,0.260968,10.141838,2.232593
18042,1436608957937,0.4165911,10.160394,2.27928
18043,1436608957938,0.62249243,10.231621,2.2691047
18044,1436608957939,0.83497787,10.307637,2.333748
18045,1436608957940,1.0127473,10.433332,2.4073699
18046,1436608957941,1.0420763,10.48002,2.4223335
18047,1436608957942,1.0229226,10.426748,2.4510639
18048,1436608957943,0.9379285,10.318411,2.469619
18049,1436608957944,0.8319851,10.224439,2.5246856
18050,1436608957945,0.7158663,10.105926,2.5396495
18051,1436608957946,0.5859809,9.998186,2.553416
18052,1436608957947,0.49200845,10.006566,2.553416
18053,1436608957948,0.3842694,10.032902,2.5330653
18054,1436608957949,0.3286042,10.043077,2.5785553
18055,1436608957950,0.3369839,10.000581,2.657564
18056,1436608957951,0.34356794,9.991004,2.6970682
18057,1436608957952,0.40043023,9.846753,2.825158
18058,1436608957953,0.5494693,9.795278,2.992752
18059,1436608957954,0.7152678,9.857527,2.9921536
18060,1436608957955,0.7757214,9.844358,2.9502552
18061,1436608957956,0.7757214,9.755774,2.9580362
18062,1436608957957,0.7110779,9.698313,2.96881
18063,1436608957958,0.59855044,9.619304,3.003526
18064,1436608957959,0.46267948,9.547478,3.0454245
18065,1436608957960,0.3238158,9.552266,3.0879216
18066,1436608957961,0.26036942,9.519346,3.1250317
18067,1436608957962,0.31483752,9.528923,3.1860838
18068,1436608957963,0.46148238,9.531916,3.1783028
18069,1436608957964,0.55844754,9.5732155,3.1854854
18070,1436608957965,0.4938041,9.660604,3.1723173
18071,1436608957966,0.47105917,9.658808,3.17531
18072,1436608957967,0.62249243,9.583391,3.2722752
18073,1436608957968,0.9355343,9.545682,3.3608606
18074,1436608957969,1.2659341,9.506777,3.3931823
18075,1436608957970,1.4975731,9.655217,3.4290953
18076,1436608957971,1.4957775,9.8198185,3.4440591
18077,1436608957972,1.2773066,9.879075,3.4045548
18078,1436608957973,0.9588778,9.821015,3.4542346
18079,1436608957974,0.7188591,9.701904,3.4859576
18080,1436608957975,0.5566519,9.601347,3.5302503
18081,1436608957976,0.4177882,9.496601,3.555988
18082,1436608957977,0.32561144,9.442133,3.525462
18083,1436608957978,0.29269117,9.3583355,3.4201171
18084,1436608957979,0.4985925,9.260772,3.4380736
18085,1436608957980,0.9684546,9.231443,3.5003228
18086,1436608957981,1.3844471,9.102755,3.5823243
18087,1436608957982,1.5688007,9.0554695,3.6936548
18088,1436608958000,1.8154035,9.074024,3.781043
18089,1436608958020,1.922544,9.094974,3.674501
18090,1436608958040,1.821389,9.122507,3.5404258
18091,1436608958060,1.6956934,9.07582,3.4865563
18092,1436608958080,1.489792,8.99741,3.3028011
18093,1436608958100,1.364695,8.917803,3.2650926
18094,1436608958120,1.2395979,8.978256,3.2968156
18095,1436608958140,1.1294646,9.141661,3.3225534
18096,1436608958160,1.1665748,9.411607,3.3770216
18097,1436608958182,1.328782,9.5798,3.466804
18098,1436608958204,1.4927847,9.780912,3.5212722
18099,1436608958226,1.5071499,9.759365,3.453636
18100,1436608958242,1.5167267,9.515156,3.342904
18101,1436608958262,1.4508862,9.198523,3.1669302
18102,1436608958282,1.4466964,9.122507,3.0651767
18103,1436608958305,1.4802152,9.2308445,2.906561
18104,1436608958322,1.4909891,9.404425,2.843713
18105,1436608958345,1.4341269,9.458893,2.8514943
18106,1436608958364,1.3497312,9.527127,2.866458
18107,1436608958383,0.99898064,9.741408,2.7712884
18108,1436608958402,0.5315128,9.764751,2.6342204
18109,1436608958422,0.4237737,9.630077,2.5659857
18110,1436608958444,0.6679823,9.698313,2.597709
18111,1436608958462,0.9367314,9.909002,2.689287
18112,1436608958528,1.1552023,10.210671,2.694674
18113,1436608958529,1.3497312,10.276512,2.7323828
18114,1436608958530,1.3347675,10.275913,2.6916811
18115,1436608958542,1.1677719,10.199898,2.5354595
18116,1436608958564,1.0881647,10.086772,2.3750482
18117,1436608958582,1.033098,10.1382475,2.2152352
18118,1436608958602,0.99898064,10.268731,2.148796
18119,1436608958626,0.93972415,10.503962,2.1350293
18120,1436608958642,0.79248077,10.58716,2.1859062
18121,1436608958663,0.61890113,10.664372,2.2589293
18122,1436608958683,0.55246204,10.694301,2.3169887
18123,1436608958707,0.54527944,10.754155,2.2709002
18124,1436608958723,0.59136784,10.653001,2.2385786
18125,1436608958744,0.6835446,10.575788,2.2385786
18126,1436608958765,0.74399817,10.568604,2.2649148
18127,1436608958786,0.7350199,10.478823,2.2409728
18128,1436608958805,0.7308301,10.359711,2.1709423
18129,1436608958826,0.748188,10.305841,2.1398177
18130,1436608958846,0.7290344,10.266336,2.1188686
18131,1436608958865,0.6607997,10.132261,2.1559787
18132,1436608958885,0.6356605,9.935937,2.2655134
18133,1436608958904,0.57520694,9.825804,2.3175871
18134,1436608958923,0.54767364,9.764751,2.297835
18135,1436608958945,0.51714754,9.749788,2.1649568
18136,1436608958966,0.5482722,9.690532,2.1068976
18137,1436608958983,0.5805939,9.595362,2.1152773
18138,1436608959004,0.65182143,9.587581,2.1218612
18139,1436608959032,0.7314286,9.649231,2.0811598
18140,1436608959046,0.83018947,9.785102,2.1068976
18141,1436608959063,0.9271546,9.845556,2.2170308
18142,1436608959083,0.96905315,10.001778,2.3415294
18143,1436608959107,0.9876082,10.155605,2.3959973
18144,1436608959125,1.0127473,10.211869,2.4624364
18145,1436608959145,1.0307038,10.14543,2.5073278
18146,1436608959165,1.0127473,9.977237,2.4600422
18147,1436608959184,0.9379285,9.757569,2.3409307
18148,1436608959251,0.8858546,9.5492735,2.2667105
18149,1436608959252,0.90979666,9.526528,2.2451627
18150,1436608959253,0.9223662,9.60853,2.2876596
18151,1436608959262,0.9235633,9.750386,2.332551
18152,1436608959286,0.94092125,10.02153,2.3517046
18153,1436608959302,0.9792285,10.225636,2.3660698
18154,1436608959323,1.0031705,10.2974615,2.3648727
18155,1436608959345,1.0133458,10.314819,2.4049757
18156,1436608959365,0.9648633,10.0341,2.3959973
18157,1436608959385,0.9355343,9.822811,2.373851
18158,1436608959403,0.8583213,9.694721,2.2709002
18159,1436608959425,0.79726917,9.676167,2.1559787
18160,1436608959443,0.79248077,9.726444,2.1021092
18161,1436608959465,0.8194155,9.763555,2.098518
18162,1436608959486,0.9020155,9.873089,2.183512
18163,1436608959503,0.9816227,10.014946,2.224812
18164,1436608959526,1.0480618,10.101137,2.2152352
18165,1436608959546,1.1145009,10.105327,2.2439656
18166,1436608959566,1.1168951,10.058042,2.232593
18167,1436608959586,1.13964,10.027515,2.1990743
18168,1436608959608,1.1198878,10.022128,2.1511903
18169,1436608959625,1.0887632,10.002377,2.1164744
18170,1436608959644,0.9876082,9.953295,2.066196
18171,1436608959666,1.0121487,9.880871,2.0530279
18172,1436608959685,1.0971429,9.8677025,2.0973208
18173,1436608959706,1.1851299,9.903017,2.0811598
18174,1436608959727,1.2449849,9.917382,2.0871453
18175,1436608959746,1.2785037,9.982025,2.1416135
18176,1436608959766,1.3371617,9.980229,2.167351
18177,1436608959786,1.4024036,9.975441,2.148796
18178,1436608959806,1.4568717,9.928755,2.1811178
18179,1436608959826,1.5263035,9.97185,2.167351
18180,1436608959846,1.5688007,9.956287,2.166154
18181,1436608959866,1.6238673,9.932345,2.184709
18182,1436608959886,1.6633717,9.885659,2.1511903
18183,1436608959906,1.6992847,9.873688,2.1350293
18184,1436608959996,1.6759412,9.835979,2.1033063
18185,1436608959997,1.632247,9.862315,2.023699
18186,1436608959998,1.6478093,9.903017,2.010531
18187,1436608959999,1.654992,9.912594,2.0458453
18188,1436608960015,1.6286557,9.916783,2.1051018
18189,1436608960023,1.5544355,9.891046,2.0883424
18190,1436608960054,1.5155296,9.914988,2.071583
18191,1436608960063,1.429937,9.929353,2.0290859
18192,1436608960121,1.3365631,9.959879,2.0452468
18193,1436608960122,1.3180081,10.010158,2.0691888
18194,1436608960140,1.283292,9.970055,2.1386206
18195,1436608960144,1.2509704,9.974244,2.142212
18196,1436608960167,1.2773066,9.993398,2.094328
18197,1436608960183,1.316811,9.944916,2.0733786
18198,1436608960203,1.3383588,9.980828,2.0721815
18199,1436608960225,1.3892355,10.051457,2.0847511
18200,1436608960246,1.4024036,10.06283,2.0811598
18201,1436608960266,1.4221559,10.005967,2.1260512
18202,1436608960286,1.4437037,10.01734,2.1404164
18203,1436608960323,1.4101849,10.014347,2.1290438
18204,1436608960324,1.3365631,9.999383,2.1535845
18205,1436608960347,1.228824,9.985018,2.1613655
18206,1436608960364,1.122282,9.931747,2.207454
18207,1436608960387,1.0229226,9.907207,2.1990743
18208,1436608960403,0.9068039,9.922171,2.2062569
18209,1436608960424,0.82779527,9.885659,2.183512
18210,1436608960444,0.8283938,9.817424,2.1960814
18211,1436608960464,0.8367735,9.782109,2.1877017
18212,1436608960484,0.83138657,9.7719345,2.1577742
18213,1436608960524,0.8487445,9.81084,2.1200657
18214,1436608960525,0.90141696,9.834782,2.1517887
18215,1436608960544,0.96546185,9.861118,2.2026656
18216,1436608960564,1.0229226,9.91798,2.2631192
18217,1436608960584,1.049259,9.965864,2.2984335
18218,1436608960604,1.0827777,9.994595,2.3157916
18219,1436608960629,1.0965444,10.007165,2.3451207
18220,1436608960644,1.0851719,10.000581,2.3702598
18221,1436608960666,1.0642227,10.029311,2.3612814
18222,1436608960685,1.0223241,10.023924,2.380435
18223,1436608960703,0.94092125,10.045472,2.381632
18224,1436608960723,0.801459,10.00896,2.3750482
18225,1436608960747,0.74878657,9.961675,2.4061728
18226,1436608960764,0.6817489,9.920973,2.391209
18227,1436608960784,0.5955577,9.939528,2.3953989
18228,1436608960805,0.52852005,9.934141,2.3540988
18229,1436608960825,0.44232875,9.945514,2.3612814
18230,1436608960848,0.4141969,9.954493,2.4007857
18231,1436608960868,0.36511576,9.918579,2.4127567
18232,1436608960888,0.31304187,9.913192,2.4061728
18233,1436608960904,0.33518824,9.958682,2.3624785
18234,1436608960927,0.3477578,10.030508,2.3331497
18235,1436608960948,0.3585317,10.035296,2.331354
18236,1436608960968,0.439336,10.041282,2.3798366
18237,1436608960985,0.53450555,10.0508585,2.4235306
18238,1436608961007,0.62129533,10.103531,2.4504654
18239,1436608961028,0.65900403,10.093954,2.4821887
18240,1436608961046,0.61411273,10.040684,2.4660277
18241,1436608961064,0.6135142,10.016143,2.4169466
18242,1436608961085,0.5614403,9.988011,2.3894134
18243,1436608961107,0.52612585,10.003573,2.3535004
18244,1436608961127,0.49440265,9.93474,2.3828292
18245,1436608961147,0.44532153,9.969456,2.4079683
18246,1436608961168,0.45130703,10.035296,2.3983915
18247,1436608961188,0.46447513,10.036493,2.4492683
18248,1436608961205,0.45489833,10.085575,2.5288756
18249,1436608961226,0.45190558,10.096947,2.5833437
18250,1436608961248,0.44352585,10.0825815,2.5701754
18251,1436608961268,0.41299978,10.019734,2.5240872
18252,1436608961289,0.35793316,9.931747,2.4720132
18253,1436608961307,0.3184288,9.855731,2.3918076
18254,1436608961329,0.30466217,9.801263,2.3840263
18255,1436608961398,0.29269117,9.76535,2.4271219
18256,1436608961399,0.29927522,9.753379,2.4654293
18257,1436608961400,0.32441434,9.809045,2.4839842
18258,1436608961408,0.3561375,9.812635,2.504335
18259,1436608961426,0.42796355,9.838972,2.5067291
18260,1436608961456,0.45489833,9.853337,2.4899697
18261,1436608961519,0.521936,9.895834,2.4863784
18262,1436608961520,0.5770026,9.91439,2.4833858
18263,1436608961521,0.57281274,9.871294,2.5252843
18264,1436608961525,0.57281274,9.840169,2.5246856
18265,1436608961546,0.59136784,9.859323,2.4899697
18266,1436608961568,0.5907693,9.8754835,2.4905684
18267,1436608961590,0.5967548,9.911396,2.4905684
18268,1436608961606,0.64942724,9.948506,2.492364
18269,1436608961626,0.6721721,9.930551,2.5139117
18270,1436608961648,0.6895301,9.917382,2.5360582
18271,1436608961668,0.676362,9.9473095,2.5210943
18272,1436608961688,0.66020113,9.932944,2.508525
18273,1436608961708,0.6619968,9.932944,2.4768016
18274,1436608961728,0.6811504,9.946113,2.4522612
18275,1436608961748,0.6805518,9.954493,2.4211364
18276,1436608961768,0.6697779,9.931149,2.432509
18277,1436608961788,0.6452374,10.016742,2.441487
18278,1436608961811,0.52253455,9.959281,2.3624785
18279,1436608961828,0.41180268,9.838373,2.4211364
18280,1436608961848,0.3681085,9.961675,2.5103204
18281,1436608961866,0.2705448,10.081385,2.5611973
18282,1436608961886,0.2124854,10.064027,2.5797524
18283,1436608961907,0.19752164,10.020931,2.5803509
18284,1436608961929,0.32202014,9.977237,2.52289
18285,1436608961949,0.56682724,9.918579,2.4588451
18286,1436608961970,0.84335756,9.888652,2.4600422
18287,1436608961986,0.98461545,9.892841,2.5187001
18288,1436608962007,1.0283096,9.88506,2.486977
18289,1436608962028,0.97144735,9.791686,2.4319103
18290,1436608962047,0.9355343,9.811439,2.3864205
18291,1436608962157,0.931943,9.783307,2.3511062
18292,1436608962158,0.9032126,9.800665,2.381632
18293,1436608962159,0.91817635,9.867104,2.4678235
18294,1436608962160,0.93852705,9.874287,2.5133133
18295,1436608962161,0.94570965,9.898827,2.5258827
18296,1436608962172,0.98222125,9.918579,2.492364
18297,1436608962189,1.050456,9.900622,2.4552538
18298,1436608962206,1.110311,9.890448,2.4522612
18299,1436608962226,1.1162965,9.882068,2.4474726
18300,1436608962250,1.110311,9.913791,2.3989902
18301,1436608962266,1.0953473,9.941922,2.369661
18302,1436608962286,1.0295067,9.924564,2.4091654
18303,1436608962306,0.9840169,9.872491,2.4301147
18304,1436608962327,0.89603,9.850943,2.445677
18305,1436608962345,0.89064306,9.834184,2.4420857
18306,1436608962369,0.9367314,9.838972,2.4253263
18307,1436608962389,0.99299514,9.846753,2.4241292
18308,1436608962409,1.0247183,9.853337,2.4510639
18309,1436608962429,1.0175357,9.84795,2.445677
18310,1436608962449,0.9588778,9.855731,2.367267
18311,1436608962469,0.90740246,9.871294,2.3505075
18312,1436608962489,0.8535329,9.858724,2.3253684
18313,1436608962506,0.79367787,9.8683,2.3020248
18314,1436608962528,0.75357497,9.880871,2.220622
18315,1436608962547,0.80086046,9.89344,2.2601264
18316,1436608962568,0.90859956,9.988609,2.3397336
18317,1436608962589,0.94451255,10.031705,2.4157495
18318,1436608962609,0.94570965,10.068216,2.345719
18319,1436608962627,0.9127894,10.070611,2.2152352
18320,1436608962648,0.8822633,10.0508585,2.0931308
18321,1436608962669,0.8403648,9.930551,2.0859482
18322,1436608962691,0.7835025,9.812635,2.130241
18323,1436608962709,0.79008657,9.841965,2.1398177
18324,1436608962729,0.81402856,9.906608,2.1655555
18325,1436608962748,0.8762778,9.976639,2.1452048
18326,1436608962768,1.0097545,10.072407,2.1284454
18327,1436608962788,1.0941502,10.109517,2.1176715
18328,1436608962806,1.1875241,10.105926,2.168548
18329,1436608962830,1.2898762,10.074203,2.1577742
18330,1436608962878,1.3874398,10.038888,2.168548
18331,1436608962890,1.4383167,10.035296,2.1703439
18332,1436608962891,1.5131354,9.980828,2.195483
18333,1436608962906,1.5149311,9.9473095,2.1535845
18334,1436608962929,1.5125369,9.936536,2.087744
18335,1436608962961,1.4598645,9.950302,2.087744
18336,1436608962967,1.3892355,9.969456,2.0847511
18337,1436608962986,1.2755109,10.007165,2.1080947
18338,1436608963009,1.1593921,10.063428,2.1338322
18339,1436608963031,1.0827777,10.111312,2.148796
18340,1436608963047,1.0869676,10.0825815,2.160767
18341,1436608963069,1.1552023,10.078991,2.172738
18342,1436608963087,1.1971009,10.065224,2.1697452
18343,1436608963109,1.2378023,10.035296,2.1086931
18344,1436608963130,1.240795,9.960478,2.0811598
18345,1436608963150,1.1707647,9.921572,2.078167
18346,1436608963170,1.0965444,9.898827,2.098518
18347,1436608963190,1.0133458,9.898229,2.0913353
18348,1436608963210,0.91099375,9.920973,2.0727801
18349,1436608963230,0.90979666,9.964069,2.1134815
18350,1436608963251,0.86251116,9.949704,2.1649568
18351,1436608963269,0.80564886,9.92636,2.1877017
18352,1436608963290,0.81642276,9.912594,2.1787236
18353,1436608963308,0.88525605,9.947908,2.1505916
18354,1436608963330,0.96306765,9.998785,2.1583729
18355,1436608963349,0.99419224,10.0029745,2.1859062
18356,1436608963370,0.9995792,10.056246,2.2451627
18357,1436608963390,0.9528923,10.0269165,2.2852654
18358,1436608963410,0.9068039,9.986216,2.2655134
18359,1436608963431,0.82121116,9.914988,2.2571337
18360,1436608963449,0.79726917,9.882666,2.207454
18361,1436608963470,0.7356185,9.871892,2.1529858
18362,1436608963490,0.7284359,9.909601,2.1188686
18363,1436608963510,0.7278373,9.91439,2.1529858
18364,1436608963535,0.7404069,9.946113,2.1853075
18365,1436608963589,0.7691373,9.960478,2.2589293
18366,1436608963590,0.7799112,9.975441,2.2523453
18367,1436608963591,0.7954735,10.013748,2.2511482
18368,1436608963618,0.83856916,10.0269165,2.212841
18369,1436608963630,0.8936358,10.011354,2.2481554
18370,1436608963647,0.91458505,10.002377,2.2828712
18371,1436608963667,0.8888474,9.986814,2.284667
18372,1436608963687,0.8230068,9.961076,2.2601264
18373,1436608963707,0.7715315,9.93893,2.1799207
18374,1436608963727,0.7799112,9.915586,2.160767
18375,1436608963748,0.80445176,9.91439,2.179322
18376,1436608963773,0.85173726,9.945514,2.2296004
18377,1436608963788,0.8559271,9.954493,2.2457612
18378,1436608963810,0.8619126,9.981427,2.2421699
18379,1436608963829,0.7978677,9.950302,2.2469583
18380,1436608963850,0.76434886,9.990405,2.2212207
18381,1436608963870,0.7104794,9.998186,2.1960814
18382,1436608963890,0.6841431,9.962872,2.19668
18383,1436608963910,0.6811504,9.956886,2.2062569
18384,1436608963930,0.66618663,9.954493,2.19668
18385,1436608963950,0.6835446,9.947908,2.2182279
18386,1436608963970,0.6787562,9.939528,2.1667526
18387,1436608963988,0.7170634,9.926959,2.1703439
18388,1436608964008,0.7266402,9.9473095,2.2511482
18389,1436608964032,0.729633,9.994595,2.3229742
18390,1436608964048,0.7146692,10.014946,2.3391352
18391,1436608964072,0.7422025,10.078991,2.336741
18392,1436608964087,0.7254431,10.14543,2.2571337
18393,1436608964109,0.6889315,10.064626,2.1481974
18394,1436608964130,0.6757634,9.879075,2.088941
18395,1436608964150,0.6374562,9.774328,2.0727801
18396,1436608964170,0.6183026,9.758766,2.0727801
18397,1436608964191,0.61770403,9.79827,2.1272483
18398,1436608964211,0.6440403,9.874287,2.2242134
18399,1436608964228,0.6440403,10.022727,2.256535
18400,1436608964249,0.65062433,10.13286,2.244564
18401,1436608964268,0.6171055,10.155605,2.2158337
18402,1436608964288,0.5482722,10.165182,2.2266076
18403,1436608964354,0.48362875,10.1161,2.2319946
18404,1436608964355,0.4441244,10.061633,2.219425
18405,1436608964356,0.47884035,10.041881,2.2272062
18406,1436608964368,0.48722005,10.019135,2.2092497
18407,1436608964390,0.4973954,9.965864,2.2254105
18408,1436608964422,0.5141548,9.948506,2.1871033
18409,1436608964429,0.5554548,9.956886,2.1523874
18410,1436608964448,0.6302736,9.9790325,2.1332338
18411,1436608964472,0.724246,10.001179,2.1230583
18412,1436608964490,0.8110358,9.970653,2.1535845
18413,1436608964509,0.84455466,9.958682,2.1894975
18414,1436608964531,0.85173726,9.966463,2.1972785
18415,1436608964549,0.87089086,9.98442,2.1769278
18416,1436608964571,0.86370826,9.961076,2.1697452
18417,1436608964591,0.8283938,9.961076,2.2134395
18418,1436608964611,0.8110358,9.9473095,2.2146366
18419,1436608964634,0.75716627,10.011953,2.1757307
18420,1436608964650,0.7272388,10.059837,2.179322
18421,1436608964671,0.6841431,10.019734,2.1888988
18422,1436608964693,0.65242,9.96347,2.2284033
18423,1436608964710,0.6434417,9.961076,2.2337902
18424,1436608964729,0.66379243,9.976639,2.1871033
18425,1436608964748,0.7032967,9.946711,2.2122424
18426,1436608964770,0.7026982,9.974843,2.243367
18427,1436608964788,0.6715736,9.98442,2.2577322
18428,1436608964808,0.60932434,10.011354,2.2260091
18429,1436608964828,0.581791,10.022128,2.207454
18430,1436608964853,0.62488663,9.980229,2.2373815
18431,1436608964873,0.6332663,9.946711,2.2780828
18432,1436608964894,0.62847793,9.950901,2.2667105
18433,1436608964911,0.5931635,9.961076,2.223615
18434,1436608964928,0.60812724,9.985018,2.1697452
18435,1436608964948,0.6380547,9.944317,2.211644
18436,1436608964968,0.65421563,9.948506,2.2661119
18437,1436608964990,0.6751649,9.961675,2.272696
18438,1436608965012,0.682946,10.019135,2.2296004
18439,1436608965112,0.6895301,10.00477,2.2343888
18440,1436608965113,0.7098808,9.973047,2.2948422
18441,1436608965114,0.6841431,9.989806,2.3319526
18442,1436608965115,0.5967548,10.03769,2.303222
18443,1436608965116,0.557849,10.043676,2.2720973
18444,1436608965129,0.56323594,10.067019,2.285864
18445,1436608965148,0.5386954,10.053851,2.3169887
18446,1436608965168,0.5201403,10.027515,2.3307555
18447,1436608965188,0.5231331,10.047267,2.31639
18448,1436608965210,0.55246204,10.080188,2.3002293
18449,1436608965229,0.5291186,10.09994,2.309806
18450,1436608965250,0.52253455,10.088568,2.3253684
18451,1436608965269,0.49559975,10.015544,2.3026235
18452,1436608965292,0.46567222,9.98442,2.307412
18453,1436608965312,0.46387658,9.949105,2.27928
18454,1436608965330,0.48243165,9.953295,2.259528
18455,1436608965350,0.5141548,9.957485,2.2942438
18456,1436608965372,0.587178,9.9473095,2.3241713
18457,1436608965392,0.63087213,9.9951935,2.3403323
18458,1436608965412,0.6159084,10.059238,2.2810757
18459,1436608965429,0.5895722,10.040085,2.2511482
18460,1436608965448,0.61112,9.962274,2.2798786
18461,1436608965468,0.5979519,9.926959,2.284667
18462,1436608965489,0.61291564,9.904813,2.297835
18463,1436608965509,0.63206923,9.92636,2.2930467
18464,1436608965530,0.6422446,9.965864,2.3139958
18465,1436608965550,0.63206923,10.01315,2.331354
18466,1436608965572,0.6266823,10.0269165,2.343325
18467,1436608965589,0.59495914,10.035296,2.3612814
18468,1436608965610,0.53929394,10.052654,2.3331497
18469,1436608965631,0.52971715,10.0269165,2.2972364
18470,1436608965651,0.53929394,9.991004,2.3253684
18471,1436608965670,0.5494693,9.962872,2.319383
18472,1436608965692,0.5153519,9.961675,2.2840683
18473,1436608965709,0.5674258,9.956886,2.2750902
18474,1436608965730,0.60094464,9.950901,2.3187842
18475,1436608965851,0.5931635,9.983223,2.3409307
18476,1436608965852,0.55844754,9.974843,2.3594859
18477,1436608965853,0.52852005,9.974843,2.3355439
18478,1436608965854,0.58119243,9.970055,2.3020248
18479,1436608965855,0.61411273,9.9473095,2.2744915
18480,1436608965856,0.6242881,9.916184,2.3277626
18481,1436608965918,0.6344634,9.901819,2.343325
18482,1436608965919,0.6063316,9.927557,2.3277626
18483,1436608965920,0.5793968,9.955689,2.2870612
18484,1436608965930,0.5823896,9.935339,2.2720973
18485,1436608965949,0.5746084,9.938332,2.328361
18486,1436608965969,0.58119243,9.920375,2.3600843
18487,1436608966000,0.5781997,9.943718,2.3391352
18488,1436608966009,0.5602432,9.958682,2.3463178
18489,1436608966031,0.521936,9.962872,2.3786395
18490,1436608966053,0.5327099,9.93474,2.3403323
18491,1436608966076,0.52971715,9.962872,2.328361
18492,1436608966092,0.5351041,9.928755,2.3241713
18493,1436608966110,0.58298814,9.950901,2.327164
18494,1436608966130,0.61650693,9.933543,2.3223755
18495,1436608966149,0.6428431,9.980229,2.333748
18496,1436608966169,0.6979098,10.049063,2.3235726
18497,1436608966190,0.76075757,10.118495,2.4109612
18498,1436608966210,0.8230068,10.167576,2.4480712
18499,1436608966230,0.8643068,10.104729,2.4468741
18500,1436608966250,0.93493575,9.993997,2.4013844
18501,1436608966270,0.90740246,9.855731,2.3199813
18502,1436608966295,0.8206126,9.688137,2.255338
18503,1436608966309,0.74399817,9.627085,2.2122424
18504,1436608966330,0.7182605,9.647436,2.220622
18505,1436608966357,0.7326257,9.725846,2.2284033
18506,1436608966370,0.7433996,9.814431,2.2547395
18507,1436608966393,0.7320272,9.843162,2.2786815
18508,1436608966410,0.7673417,9.855133,2.2864625
18509,1436608966429,0.78170687,9.85633,2.2810757
18510,1436608966450,0.86849666,9.924564,2.220622
18511,1436608966476,0.93732995,9.941324,2.2158337
18512,1436608966490,0.98700964,9.949105,2.2176294
18513,1436608966510,1.0169371,9.983821,2.2427685
18514,1436608966530,1.0187328,9.989806,2.2888567
18515,1436608966567,0.9804256,9.9790325,2.2990322
18516,1436608966579,0.8912416,9.989806,2.2756886
18517,1436608966660,0.81761986,9.994595,2.2667105
18518,1436608966661,0.736217,10.008362,2.2469583
18519,1436608966662,0.6745663,10.043077,2.2284033
18520,1436608966663,0.61291564,9.986814,2.2110453
18521,1436608966672,0.59974754,9.976639,2.1733365
18522,1436608966698,0.6332663,9.946711,2.1416135
18523,1436608966710,0.7026982,9.970055,2.15538
18524,1436608966730,0.777517,9.991004,2.195483
18525,1436608966751,0.86251116,10.010158,2.1679497
18526,1436608966772,0.94451255,10.025121,2.1691468
18527,1436608966791,0.98581254,10.011354,2.1619642
18528,1436608966810,1.01574,10.01315,2.1978772
18529,1436608966832,1.0271125,9.999982,2.1631613
18530,1436608966850,1.009156,10.012551,2.144606
18531,1436608966900,0.97503865,10.014946,2.124854
18532,1436608966901,0.92775315,9.989806,2.112883
18533,1436608966912,0.87208796,9.987412,2.1428106
18534,1436608966933,0.83856916,10.007165,2.166154
18535,1436608966953,0.8194155,10.031107,2.1529858
18536,1436608966973,0.80804306,10.03769,2.160767
18537,1436608966991,0.80325466,10.024523,2.1667526
18538,1436608967011,0.79607207,9.988609,2.1769278
18539,1436608967032,0.8098387,9.98442,2.1260512
18540,1436608967053,0.8050503,9.975441,2.1308396
18541,1436608967072,0.82719666,9.980229,2.1535845
18542,1436608967096,0.81163436,9.986216,2.1733365
18543,1436608967112,0.8379706,9.998186,2.166154
18544,1436608967133,0.84216046,10.007763,2.1888988
18545,1436608967154,0.8774749,9.993398,2.1948843
18546,1436608967172,0.8619126,9.997588,2.2080526
18547,1436608967193,0.83258367,9.967062,2.2170308
18548,1436608967213,0.81761986,9.942521,2.191293
18549,1436608967233,0.8242039,9.954493,2.183512
18550,1436608967254,0.82001406,9.979631,2.1709423
18551,1436608967274,0.80445176,9.969456,2.172738
18552,1436608967291,0.7930793,9.950901,2.1859062
18553,1436608967312,0.7565677,9.9790325,2.183512
18554,1436608967383,0.7188591,9.9790325,2.2122424
18555,1436608967384,0.6865373,10.011953,2.195483
18556,1436608967385,0.65541273,10.022727,2.2080526
18557,1436608967393,0.670975,9.999383,2.203264
18558,1436608967412,0.7009025,10.005369,2.219425
18559,1436608967434,0.6961141,9.990405,2.2499511
18560,1436608967450,0.7032967,9.97604,2.256535
18561,1436608967476,0.7284359,9.955689,2.2182279
18562,1436608967501,0.7386112,9.977836,2.2140381
18563,1436608967511,0.7314286,9.969456,2.2068555
18564,1436608967531,0.7433996,9.952697,2.2499511
18565,1436608967552,0.7350199,9.947908,2.255338
18566,1436608967570,0.7128736,9.944317,2.2242134
18567,1436608967594,0.6955156,9.973047,2.2230163
18568,1436608967611,0.6847417,9.989806,2.2026656
18569,1436608967632,0.7098808,9.990405,2.1996727
18570,1436608967652,0.724246,9.96347,2.2409728
18571,1436608967673,0.75237787,9.947908,2.2296004
18572,1436608967693,0.7918822,9.947908,2.1865046
18573,1436608967714,0.7942764,9.944317,2.1775265
18574,1436608967732,0.80804306,9.945514,2.1529858
18575,1436608967754,0.82719666,9.96766,2.2104468
18576,1436608967778,0.80325466,9.958083,2.2319946
18577,1436608967793,0.7745243,9.977836,2.2278047
18578,1436608967814,0.75596917,9.994595,2.2062569
18579,1436608967831,0.7266402,9.9928,2.1918917
18580,1436608967853,0.712275,9.986216,2.1930888
18581,1436608967875,0.6955156,9.973047,2.2164323
18582,1436608967891,0.6721721,9.935339,2.184709
18583,1436608967911,0.676362,9.97604,2.166154
18584,1436608967932,0.7248446,9.941324,2.1691468
18585,1436608967953,0.76195467,9.929952,2.1978772
18586,1436608967978,0.8062474,9.943718,2.2212207
18587,1436608967992,0.8074445,9.978435,2.1787236
18588,1436608968013,0.84575176,10.002377,2.136825
18589,1436608968133,0.90740246,9.990405,2.172738
18590,1436608968134,0.9271546,10.0029745,2.19668
18591,1436608968135,0.90141696,9.985018,2.178125
18592,1436608968136,0.8846575,9.975441,2.166154
18593,1436608968137,0.8571242,9.989208,2.1517887
18594,1436608968138,0.81283146,9.988609,2.1643584
18595,1436608968152,0.7703344,9.977836,2.1535845
18596,1436608968172,0.717662,10.017939,2.1362264
18597,1436608968191,0.65182143,10.031107,2.167351
18598,1436608968216,0.6015432,10.0269165,2.1631613
18599,1436608968231,0.6147113,10.064027,2.1571758
18600,1436608968253,0.6332663,10.049063,2.1625626
18601,1436608968272,0.6871359,10.044274,2.1679497
18602,1436608968292,0.7254431,10.01734,2.1625626
18603,1436608968312,0.74639237,10.044274,2.135628
18604,1436608968334,0.8026561,10.015544,2.136825
18605,1436608968355,0.82360536,9.988609,2.1613655
18606,1436608968374,0.7978677,9.988609,2.1523874
18607,1436608968395,0.760159,10.016143,2.1535845
18608,1436608968418,0.7278373,10.006566,2.1057005
18609,1436608968433,0.7320272,9.983821,2.1440077
18610,1436608968455,0.7110779,10.001179,2.1679497
18611,1436608968476,0.70509243,9.9790325,2.1883004
18612,1436608968495,0.7044938,10.014347,2.168548
18613,1436608968513,0.7445967,10.023325,2.1583729
18614,1436608968532,0.7751228,9.988011,2.1733365
18615,1436608968555,0.7505822,9.982624,2.1906946
18616,1436608968575,0.7200562,9.962872,2.1978772
18617,1436608968596,0.66139823,9.977836,2.1481974
18618,1436608968614,0.6859388,10.032304,2.0895395
18619,1436608968634,0.7350199,9.966463,2.135628
18620,1436608968660,0.7703344,9.96766,2.19249
18621,1436608968675,0.8086416,9.956287,2.1978772
18622,1436608968694,0.7978677,9.980828,2.1505916
18623,1436608968715,0.7769185,9.996989,2.1547816
18624,1436608968733,0.7541735,10.004171,2.160767
18625,1436608968756,0.7212533,10.007165,2.1601684
18626,1436608968775,0.7272388,9.972448,2.1667526
18627,1436608968796,0.74878657,9.96347,2.1859062
18628,1436608968861,0.7691373,9.965864,2.1745336
18629,1436608968862,0.75836337,9.953894,2.1547816
18630,1436608968863,0.7637503,9.981427,2.1284454
18631,1436608968872,0.75716627,9.998186,2.1481974
18632,1436608968897,0.7266402,9.988011,2.1823149
18633,1436608968915,0.6895301,10.014946,2.1787236
18634,1436608968932,0.6697779,9.980229,2.1739352
18635,1436608968955,0.670975,9.986216,2.1877017
18636,1436608968973,0.6775591,9.998785,2.1649568
18637,1436608968994,0.6865373,9.9928,2.1452048
18638,1436608969012,0.66858083,9.994595,2.1320367
18639,1436608969032,0.6973112,10.012551,2.1452048
18640,1436608969053,0.7230489,9.98442,2.1380222
18641,1436608969075,0.74399817,9.9928,2.154183
18642,1436608969096,0.75477207,9.976639,2.1709423
18643,1436608969114,0.7278373,9.985617,2.1517887
18644,1436608969135,0.7134721,9.989806,2.1308396
18645,1436608969156,0.7044938,10.005369,2.1452048
18646,1436608969175,0.7015011,10.00896,2.1978772
18647,1436608969195,0.6691794,10.022727,2.183512
18648,1436608969215,0.6667852,10.014946,2.1655555
18649,1436608969234,0.6596026,10.010756,2.156577
18650,1436608969256,0.6811504,10.001179,2.1631613
18651,1436608969275,0.6901286,10.000581,2.167351
18652,1436608969292,0.688333,9.975441,2.1739352
18653,1436608969312,0.694917,9.979631,2.1410148
18654,1436608969332,0.7188591,9.973047,2.1547816
18655,1436608969358,0.7314286,9.952697,2.1523874
18656,1436608969378,0.7823054,9.965864,2.1392193
18657,1436608969398,0.80684596,9.989806,2.1404164
18658,1436608969416,0.83018947,9.989806,2.1655555
18659,1436608969432,0.8463503,10.008362,2.1547816
18660,1436608969453,0.82360536,9.994595,2.1745336
18661,1436608969472,0.81881696,9.993997,2.1092918
18662,1436608969496,0.83378077,9.988011,2.1122844
18663,1436608969513,0.8283938,9.978435,2.1338322
18664,1436608969567,0.8206126,9.966463,2.1398177
18665,1436608969568,0.81163436,9.955689,2.119467
18666,1436608969581,0.8451532,9.991004,2.134431
18667,1436608969593,0.83856916,10.009559,2.136825
18668,1436608969617,0.8265981,10.0341,2.1511903
18669,1436608969632,0.8086416,10.024523,2.1511903
18670,1436608969653,0.81642276,10.00896,2.184709
18671,1436608969677,0.80564886,10.016742,2.1613655
18672,1436608969696,0.7858967,9.980828,2.1392193
18673,1436608969718,0.79726917,9.96766,2.1320367
18674,1436608969734,0.79008657,9.969456,2.1583729
18675,1436608969754,0.81283146,9.975441,2.1308396
18676,1436608969773,0.81043726,9.974843,2.146402
18677,1436608969793,0.85054016,9.9712515,2.1517887
18678,1436608969813,0.86251116,9.980828,2.1583729
18679,1436608969833,0.8631097,9.970055,2.1613655
18680,1436608969853,0.87687635,9.973646,2.1625626
18681,1436608969873,0.8798691,9.994595,2.168548
18682,1436608969893,0.87328506,9.988609,2.1763294
18683,1436608969916,0.85473,9.979631,2.1757307
18684,1436608969933,0.8738836,10.009559,2.1697452
18685,1436608969953,0.8463503,9.953295,2.1799207
18686,1436608969973,0.82480246,9.97604,2.1996727
18687,1436608969993,0.7942764,9.960478,2.1894975
18688,1436608970014,0.79008657,9.943718,2.1206641
18689,1436608970034,0.81761986,9.96766,2.143409
18690,1436608970055,0.84814596,9.978435,2.172738
18691,1436608970074,0.8702923,9.961675,2.1853075
18692,1436608970093,0.88166475,9.993398,2.1972785
18693,1436608970113,0.8984242,10.017939,2.178125
18694,1436608970133,0.89543146,10.00477,2.1883004
18695,1436608970153,0.87807345,9.982025,2.1978772
18696,1436608970173,0.8170213,9.950901,2.184709
18697,1436608970193,0.81522566,9.941922,2.1697452
18698,1436608970214,0.8230068,9.9790325,2.1655555
18699,1436608970233,0.82899237,9.997588,2.1823149
18700,1436608970263,0.8379706,9.940127,2.2182279
18701,1436608970273,0.86849666,9.990405,2.1948843
18702,1436608970293,0.8595184,9.980828,2.1769278
18703,1436608970314,0.86251116,9.970653,2.1817162
18704,1436608970334,0.8487445,9.964667,2.1877017
18705,1436608970353,0.83737206,9.956886,2.1859062
18706,1436608970374,0.8391677,9.968858,2.1930888
18707,1436608970393,0.84694886,9.980229,2.1745336
18708,1436608970417,0.825401,9.977836,2.1745336
18709,1436608970433,0.8038532,9.985617,2.1888988
18710,1436608970457,0.80445176,9.97604,2.1829133
18711,1436608970474,0.8026561,9.978435,2.1859062
18712,1436608970494,0.81163436,10.00896,2.1643584
18713,1436608970514,0.81522566,9.978435,2.1619642
18714,1436608970534,0.7954735,9.988011,2.1811178
18715,1436608970554,0.82899237,9.975441,2.2026656
18716,1436608970574,0.8242039,9.986814,2.1577742
18717,1436608970594,0.830788,9.982624,2.180519
18718,1436608970614,0.8439561,10.005369,2.1877017
18719,1436608970635,0.8511387,10.019135,2.2080526
18720,1436608970654,0.86251116,9.9790325,2.1883004
18721,1436608970673,0.8762778,9.965266,2.1841104
18722,1436608970694,0.8726865,9.964069,2.1877017
18723,1436608970716,0.84335756,9.938332,2.1589713
18724,1436608970733,0.8571242,9.967062,2.1362264
18725,1436608970754,0.86490536,9.976639,2.1260512
18726,1436608970774,0.92416185,9.9790325,2.15957
18727,1436608970794,0.95229375,9.946711,2.19668
18728,1436608970814,0.97623575,9.950302,2.171541
18729,1436608970835,0.97862995,9.96766,2.1559787
18730,1436608970854,0.95827925,10.00477,2.1398177
18731,1436608970876,0.92895025,9.981427,2.1410148
18732,1436608970894,0.8798691,9.964667,2.179322
18733,1436608970916,0.8882488,9.948506,2.142212
18734,1436608970936,0.85293436,9.966463,2.1404164
18735,1436608970981,0.842759,10.001179,2.1428106
18736,1436608970982,0.83976626,9.996989,2.1398177
18737,1436608970999,0.86131406,9.991004,2.1517887
18738,1436608971015,0.8595184,9.985018,2.1547816
18739,1436608971035,0.8499416,10.028712,2.1655555
18740,1436608971055,0.86251116,10.02153,2.1416135
18741,1436608971077,0.8798691,9.989208,2.166154
18742,1436608971095,0.87208796,9.9928,2.1398177
18743,1436608971144,0.8714894,9.986814,2.1458032
18744,1436608971145,0.8798691,9.958083,2.1511903
18745,1436608971162,0.866701,9.981427,2.1523874
18746,1436608971174,0.83976626,9.977836,2.1625626
18747,1436608971203,0.85173726,10.010158,2.1481974
18748,1436608971214,0.8607155,10.005369,2.172738
18749,1436608971235,0.8583213,9.96347,2.1619642
18750,1436608971255,0.90021986,9.956886,2.1374235
18751,1436608971276,0.95588505,9.956886,2.095525
18752,1436608971294,0.99538934,9.966463,2.1308396
18753,1436608971314,1.0366893,9.955689,2.1721394
18754,1436608971334,1.0420763,9.967062,2.1769278
18755,1436608971354,1.039682,9.959879,2.1206641
18756,1436608971375,1.0259154,9.9790325,2.135628
18757,1436608971394,0.9959879,9.966463,2.135628
18758,1436608971414,0.92057055,10.002377,2.1517887
18759,1436608971434,0.82899237,9.994595,2.1589713
18760,1436608971454,0.8002619,9.995792,2.1458032
18761,1436608971473,0.80086046,10.026319,2.1841104
18762,1436608971494,0.82240826,10.041282,2.1894975
18763,1436608971515,0.842759,10.016143,2.236783
18764,1436608971534,0.8559271,10.059238,2.2068555
18765,1436608971554,0.8182184,10.096947,2.15538
18766,1436608971574,0.7116765,10.075399,2.1428106
18767,1436608971594,0.57999533,10.102933,2.0129251
18768,1436608971614,0.54288524,9.959879,2.0518308
18769,1436608971634,0.59017074,9.930551,2.1188686
18770,1436608971654,0.6123171,9.912594,2.1799207
18771,1436608971674,0.6572084,9.943718,2.183512
18772,1436608971699,0.74758947,9.941922,2.2038627
18773,1436608971715,0.80804306,9.980828,2.1691468
18774,1436608971735,0.90261406,9.974843,2.2481554
18775,1436608971754,0.9187749,9.979631,2.273893
18776,1436608971774,0.9307459,9.959879,2.27928
18777,1436608971794,0.97264445,9.915586,2.235586
18778,1436608971816,1.0307038,9.8916445,2.219425
18779,1436608971835,1.0187328,9.903017,2.1942859
18780,1436608971855,0.985214,9.901221,2.1338322
18781,1436608971879,1.0049661,9.906608,2.1416135
18782,1436608971899,1.0390835,9.925761,2.1775265
18783,1436608971918,1.0827777,9.987412,2.2026656
18784,1436608971935,1.0995371,10.014946,2.2589293
18785,1436608971958,1.1420342,10.046669,2.2224178
18786,1436608971978,1.1558008,10.031107,2.2026656
18787,1436608971997,1.1803415,10.023924,2.208651
18788,1436608972019,1.1785458,10.03769,2.179322
18789,1436608972036,1.1641805,10.012551,2.1996727
18790,1436608972055,1.1180922,9.980828,2.2080526
18791,1436608972076,1.0564415,9.970653,2.1625626
18792,1436608972097,1.0636241,9.938332,2.1440077
18793,1436608972116,1.0181342,9.93893,2.1535845
18794,1436608972136,0.95827925,9.944317,2.168548
18795,1436608972159,0.931943,9.913192,2.1583729
18796,1436608972179,0.9187749,9.940725,2.1859062
18797,1436608972199,0.93373865,9.981427,2.1936872
18798,1436608972219,0.94690675,9.974244,2.2272062
18799,1436608972238,0.93134445,9.983223,2.2601264
18800,1436608972258,0.9516952,10.012551,2.2774844
18801,1436608972280,0.90261406,10.028113,2.244564
18802,1436608972299,0.85054016,9.9550905,2.2547395
18803,1436608972320,0.79367787,9.946113,2.232593
18804,1436608972387,0.7410054,9.934141,2.2134395
18805,1436608972388,0.7254431,9.900024,2.202067
18806,1436608972389,0.7015011,9.898827,2.2290018
18807,1436608972396,0.7074866,9.93474,2.2505496
18808,1436608972424,0.6997054,9.951499,2.2290018
18809,1436608972437,0.729633,9.970653,2.2457612
18810,1436608972457,0.7751228,9.947908,2.272696
18811,1436608972476,0.7733272,9.948506,2.27928
18812,1436608972496,0.79248077,9.977237,2.2774844
18813,1436608972516,0.7846996,9.945514,2.2709002
18814,1436608972539,0.7757214,9.948506,2.2774844
18815,1436608972556,0.78888947,9.959879,2.2948422
18816,1436608972579,0.7422025,9.940725,2.291251
18817,1436608972599,0.7248446,9.972448,2.280477
18818,1436608972619,0.7098808,9.967062,2.2720973
18819,1436608972639,0.6961141,9.958083,2.2906525
18820,1436608972659,0.694917,9.968858,2.2744915
18821,1436608972678,0.70509243,9.964667,2.259528
18822,1436608972701,0.7254431,9.968858,2.271499
18823,1436608972718,0.7811083,9.978435,2.28347
18824,1436608972739,0.7667431,10.005369,2.3145945
18825,1436608972760,0.78290397,9.981427,2.2816741
18826,1436608972776,0.7882909,9.968259,2.297835
18827,1436608972799,0.7787141,9.989806,2.3175871
18828,1436608972819,0.7745243,10.018537,2.2816741
18829,1436608972839,0.78529817,10.031107,2.2894554
18830,1436608972862,0.83617496,9.962872,2.3127987
18831,1436608972879,0.9151836,9.9473095,2.3319526
18832,1436608972899,0.95229375,9.964069,2.3415294
18833,1436608972919,0.98461545,9.982624,2.332551
18834,1436608972939,1.0522517,9.9951935,2.3343468
18835,1436608972959,1.0881647,9.970653,2.3654714
18836,1436608972980,1.1115081,10.055049,2.3810337
18837,1436608972999,1.1504139,9.959281,2.463035
18838,1436608973019,1.163582,9.951499,2.5031378
18839,1436608973119,1.1246762,9.945514,2.517503
18840,1436608973120,1.0630256,9.895236,2.4821887
18841,1436608973121,1.0217255,9.898827,2.4474726
18842,1436608973122,1.0079589,9.85214,2.4199393
18843,1436608973123,1.0696096,9.829993,2.4720132
18844,1436608973148,1.1186907,9.793482,2.5198972
18845,1436608973158,1.2126632,9.812635,2.6234465
18846,1436608973177,1.2569559,9.845556,2.6198552
18847,1436608973196,1.2910733,9.828796,2.6312277
18848,1436608973218,1.2868834,9.762358,2.6856956
18849,1436608973236,1.3072342,9.745,2.682703
18850,1436608973258,1.2521675,9.803059,2.6551697
18851,1436608973279,1.2659341,9.778519,2.6725276
18852,1436608973297,1.3102269,9.7162695,2.7018566
18853,1436608973317,1.3311762,9.704897,2.7539306
18854,1436608973339,1.3736732,9.707291,2.782661
18855,1436608973359,1.3748703,9.721656,2.7862523
18856,1436608973380,1.401805,9.721656,2.7605145
18857,1436608973399,1.3802572,9.7402115,2.779668
18858,1436608973419,1.3239936,9.687539,2.7952304
18859,1436608973438,1.2791022,9.674371,2.7736826
18860,1436608973460,1.2234371,9.719262,2.7365725
18861,1436608973480,1.2312182,9.774927,2.7090392
18862,1436608973499,1.2204443,9.683948,2.794632
18863,1436608973518,1.2336124,9.715671,2.8401217
18864,1436608973540,1.2389994,9.69951,2.867655
18865,1436608973560,1.2479776,9.757569,2.806603
18866,1436608973580,1.3042414,9.815628,2.806603
18867,1436608973600,1.38325,9.800665,2.8772318
18868,1436608973619,1.3976152,9.743204,2.9167361
18869,1436608973639,1.3724761,9.730635,2.8760347
18870,1436608973659,1.3335704,9.743204,2.8233624
18871,1436608973684,1.3251907,9.750985,2.7682958
18872,1436608973701,1.292869,9.779117,2.7287915
18873,1436608973720,1.2814964,9.7240505,2.7581203
18874,1436608973739,1.2114661,9.742605,2.7952304
18875,1436608973758,1.1480197,9.811439,2.7844565
18876,1436608973777,1.1198878,9.834184,2.8072014
18877,1436608973841,1.1025299,9.832987,2.8101943
18878,1436608973842,1.1552023,9.8754835,2.7880478
18879,1436608973843,1.252766,9.861717,2.779668
18880,1436608973868,1.276708,9.868899,2.8209682
18881,1436608973877,1.2755109,9.844957,2.8054059
18882,1436608973897,1.2958617,9.841366,2.8018146
18883,1436608973917,1.2737153,9.821614,2.7862523
18884,1436608973937,1.2707225,9.8042555,2.7647045
18885,1436608973959,1.264737,9.817424,2.7581203
18886,1436608973977,1.2384008,9.768942,2.7641058
18887,1436608973998,1.2294226,9.734225,2.7431567
18888,1436608974018,1.2018893,9.750985,2.7090392
18889,1436608974039,1.1623849,9.76535,2.6671407
18890,1436608974059,1.1504139,9.766547,2.6342204
18891,1436608974079,1.1198878,9.755175,2.6384103
18892,1436608974099,1.1240777,9.78989,2.654571
18893,1436608974120,1.1091139,9.829395,2.666542
18894,1436608974140,1.1013328,9.883863,2.6743233
18895,1436608974160,1.1366472,9.895834,2.694674
18896,1436608974180,1.1707647,9.918579,2.7449522
18897,1436608974200,1.1875241,9.922769,2.7647045
18898,1436608974220,1.2096704,9.949704,2.802413
18899,1436608974241,1.216853,9.947908,2.782661
18900,1436608974259,1.2174516,9.915586,2.7748797
18901,1436608974280,1.2150574,9.853935,2.734777
18902,1436608974297,1.2437878,9.774927,2.6898856
18903,1436608974318,1.2749124,9.721058,2.6222494
18904,1436608974338,1.3060371,9.747394,2.5803509
18905,1436608974362,1.3036429,9.745598,2.5779567
18906,1436608974382,1.3132197,9.722853,2.570774
18907,1436608974403,1.2964603,9.726444,2.6090813
18908,1436608974420,1.2671312,9.743204,2.6402059
18909,1436608974437,1.2354081,9.750386,2.6342204
18910,1436608974457,1.198298,9.782109,2.6497827
18911,1436608974477,1.2090719,9.8042555,2.669535
18912,1436608974498,1.2192472,9.824008,2.6731262
18913,1436608974520,1.2491747,9.824607,2.677316
18914,1436608974584,1.2725182,9.825804,2.693477
18915,1436608974585,1.2880806,9.846154,2.7060466
18916,1436608974586,1.3000516,9.853337,2.698864
18917,1436608974598,1.2862848,9.8677025,2.7030537
18918,1436608974619,1.3054385,9.847352,2.7138276
18919,1436608974637,1.3102269,9.838972,2.6982653
18920,1436608974658,1.3102269,9.821614,2.6671407
18921,1436608974680,1.3335704,9.820416,2.6431987
18922,1436608974698,1.3162124,9.803658,2.682703
18923,1436608974719,1.3293805,9.7719345,2.6408045
18924,1436608974738,1.3042414,9.761759,2.6114755
18925,1436608974761,1.2946646,9.816826,2.6078842
18926,1436608974781,1.3006501,9.814431,2.633622
18927,1436608974801,1.2898762,9.803658,2.6617537
18928,1436608974821,1.3024458,9.811439,2.6743233
18929,1436608974840,1.2964603,9.85214,2.677316
18930,1436608974861,1.2892777,9.842564,2.666542
18931,1436608974879,1.3054385,9.843162,2.6635494
18932,1436608974900,1.3305776,9.831789,2.7006595
18933,1436608974921,1.2964603,9.80665,2.6952724
18934,1436608974940,1.2455834,9.817424,2.6689363
18935,1436608974961,1.2419921,9.828796,2.6252422
18936,1436608974978,1.2671312,9.781511,2.6431987
18937,1436608975000,1.2904748,9.770737,2.7036524
18938,1436608975020,1.3066356,9.818622,2.6940753
18939,1436608975044,1.2886791,9.812037,2.6964695
18940,1436608975062,1.2838906,9.785102,2.6384103
18941,1436608975079,1.2737153,9.824607,2.6372132
18942,1436608975100,1.2437878,9.85633,2.6599581
18943,1436608975120,1.2348095,9.840169,2.6725276
18944,1436608975141,1.2234371,9.827001,2.7126305
18945,1436608975161,1.2599486,9.807847,2.747945
18946,1436608975182,1.2318168,9.816826,2.719813
18947,1436608975201,1.2378023,9.831191,2.689287
18948,1436608975221,1.2330139,9.801862,2.6940753
18949,1436608975248,1.2467805,9.82341,2.7132292
18950,1436608975311,1.2348095,9.82341,2.7299886
18951,1436608975312,1.2360066,9.816227,2.7036524
18952,1436608975313,1.2198458,9.816826,2.705448
18953,1436608975319,1.2270284,9.828198,2.6982653
18954,1436608975347,1.2192472,9.803059,2.693477
18955,1436608975359,1.2150574,9.778519,2.6761189
18956,1436608975380,1.1935096,9.77792,2.6844985
18957,1436608975400,1.1749545,9.79827,2.6635494
18958,1436608975420,1.1665748,9.809643,2.6797101
18959,1436608975440,1.1629834,9.809643,2.6886885
18960,1436608975460,1.1857284,9.807249,2.7072437
18961,1436608975480,1.2144588,9.806051,2.7168205
18962,1436608975500,1.2198458,9.813833,2.694674
18963,1436608975520,1.2425907,9.813833,2.6797101
18964,1436608975542,1.2707225,9.827001,2.717419
18965,1436608975562,1.2378023,9.854534,2.7246015
18966,1436608975581,1.2108675,9.838972,2.7180176
18967,1436608975600,1.22224,9.840169,2.7006595
18968,1436608975621,1.2336124,9.82341,2.7144263
18969,1436608975642,1.1845313,9.82341,2.7102363
18970,1436608975662,1.1498153,9.835381,2.7156234
18971,1436608975681,1.1779473,9.81084,2.694674
18972,1436608975699,1.1959038,9.813833,2.6880898
18973,1436608975722,1.2372037,9.799467,2.7138276
18974,1436608975740,1.2755109,9.765948,2.6797101
18975,1436608975761,1.292869,9.8198185,2.6916811
18976,1436608975780,1.2976574,9.813234,2.7114334
18977,1436608975800,1.2743138,9.821015,2.7246015
18978,1436608975822,1.2557588,9.824607,2.7138276
18979,1436608975840,1.2180501,9.808446,2.694674
18980,1436608975862,1.204882,9.794081,2.690484
18981,1436608975880,1.1959038,9.7958765,2.654571
18982,1436608975901,1.1976994,9.812635,2.6940753
18983,1436608975921,1.2192472,9.821015,2.6982653
18984,1436608975939,1.2491747,9.822212,2.7138276
18985,1436608975965,1.2617443,9.821614,2.7246015
18986,1436608976181,1.2443863,9.802461,2.759916
18987,1436608976182,1.2443863,9.815628,2.7162218
18988,1436608976183,1.2401965,9.810242,2.6862943
18989,1436608976184,1.2234371,9.792285,2.6910827
18990,1436608976185,1.2401965,9.782109,2.7096379
18991,1436608976186,1.2126632,9.791686,2.6809072
18992,1436608976187,1.2324153,9.7863,2.6880898
18993,1436608976188,1.2138603,9.811439,2.6940753
18994,1436608976189,1.2180501,9.813833,2.7114334
18995,1436608976190,1.2348095,9.827001,2.7281928
18996,1436608976191,1.2210429,9.761759,2.7168205
18997,1436608976295,1.2324153,9.797672,2.681506
18998,1436608976296,1.2497733,9.797073,2.6767175
18999,1436608976297,1.2575544,9.762956,2.6862943
19000,1436608976298,1.2378023,9.790489,2.7275944
19001,1436608976302,1.2192472,9.801263,2.731784
19002,1436608976303,1.2114661,9.831789,2.6844985
19003,1436608976321,1.2419921,9.831191,2.7042508
19004,1436608976341,1.2312182,9.790489,2.7210102
19005,1436608976358,1.1917139,9.815628,2.731784
19006,1436608976378,1.1587936,9.812635,2.7036524
19007,1436608976404,1.1713632,9.78989,2.6677392
19008,1436608976418,1.2204443,9.809045,2.6922798
19009,1436608976438,1.2425907,9.814431,2.706645
19010,1436608976460,1.2761095,9.816826,2.7246015
19011,1436608976480,1.2844892,9.81084,2.6970682
19012,1436608976500,1.2850877,9.81922,2.7210102
19013,1436608976520,1.283292,9.827001,2.6761189
19014,1436608976540,1.240795,9.812037,2.6880898
19015,1436608976559,1.2180501,9.796474,2.6850972
19016,1436608976580,1.22224,9.773131,2.6749218
19017,1436608976600,1.2030864,9.782708,2.6880898
19018,1436608976620,1.2144588,9.835381,2.6868927
19019,1436608976640,1.2330139,9.834184,2.6874914
19020,1436608976660,1.2360066,9.802461,2.7060466
19021,1436608976679,1.2054806,9.825804,2.707842
19022,1436608976699,1.2228385,9.827001,2.6928782
19023,1436608976719,1.2108675,9.812635,2.6797101
19024,1436608976740,1.210269,9.818622,2.669535
19025,1436608976762,1.2072762,9.797073,2.6491842
19026,1436608976779,1.2078748,9.807249,2.665345
19027,1436608976800,1.2012907,9.8042555,2.6449943
19028,1436608976819,1.210269,9.77373,2.6396074
19029,1436608976891,1.1917139,9.829993,2.6030958
19030,1436608976892,1.1971009,9.821015,2.5791538
19031,1436608976902,1.1821371,9.828796,2.5875335
19032,1436608976903,1.1737574,9.857527,2.6084828
19033,1436608976920,1.1593921,9.869498,2.585738
19034,1436608976943,1.158195,9.849746,2.622848
19035,1436608976960,1.1839328,9.842564,2.6437972
19036,1436608976986,1.146224,9.85214,2.6246436
19037,1436608977000,1.1390414,9.907805,2.6060886
19038,1436608977021,1.1647792,9.890448,2.6198552
19039,1436608977040,1.1719618,9.865907,2.6090813
19040,1436608977062,1.1432313,9.801862,2.6503813
19041,1436608977083,1.1013328,9.818622,2.558803
19042,1436608977102,1.0815806,9.821015,2.5354595
19043,1436608977120,1.0019734,9.829993,2.5366566
19044,1436608977140,0.9911995,9.888652,2.4319103
19045,1436608977160,1.0043676,9.897031,2.4660277
19046,1436608977181,0.99658644,9.877877,2.5121162
19047,1436608977201,0.98581254,9.904214,2.5881321
19048,1436608977221,1.0061632,9.909002,2.5899277
19049,1436608977241,1.0366893,9.915586,2.5558102
19050,1436608977261,1.0516531,9.932944,2.546832
19051,1436608977282,1.0839748,9.927557,2.554613
19052,1436608977301,1.0929531,9.876082,2.5600002
19053,1436608977322,1.0749966,9.89344,2.5300727
19054,1436608977343,1.0546459,9.908403,2.4791958
19055,1436608977362,1.0217255,9.91439,2.4522612
19056,1436608977381,0.99778354,9.9233675,2.4408886
19057,1436608977403,0.9744401,9.975441,2.4768016
19058,1436608977423,0.9576807,9.950302,2.4690206
19059,1436608977442,0.98341835,9.891046,2.4833858
19060,1436608977463,1.0109516,9.903615,2.4672248
19061,1436608977480,1.0360907,9.926959,2.4211364
19062,1436608977502,1.0935516,9.88506,2.4133554
19063,1436608977522,1.1264719,9.872491,2.3744495
19064,1436608977541,1.2162545,9.911396,2.3307555
19065,1436608977569,1.3401544,10.050261,2.2589293
19066,1436608977640,1.4736311,10.111911,2.2649148
19067,1436608977641,1.6124948,10.1065235,2.4432828
19068,1436608977642,1.6460136,10.11251,2.6102784
19069,1436608977643,1.5741876,10.1382475,2.6605566
19070,1436608977663,1.5185224,10.123882,2.6324248
19071,1436608977682,1.4395138,10.049662,2.634819
19072,1436608977703,1.3359646,9.9928,2.5839422
19073,1436608977721,1.1947067,9.946113,2.56419
19074,1436608977740,1.0648212,9.937733,2.540248
19075,1436608977762,0.9648633,9.909002,2.544438
19076,1436608977786,0.88944596,9.89344,2.5623944
19077,1436608977801,0.8511387,9.832987,2.6282349
19078,1436608977821,0.79367787,9.861717,2.6276364
19079,1436608977844,0.6961141,9.824607,2.6437972
19080,1436608977863,0.599149,9.832987,2.6629508
19081,1436608977883,0.5189432,9.854534,2.669535
19082,1436608977902,0.44592008,9.829993,2.7210102
19083,1436608977923,0.41060558,9.809045,2.7539306
19084,1436608977944,0.40282443,9.859921,2.7778726
19085,1436608977963,0.4333505,9.886257,2.7910407
19086,1436608977984,0.4830302,9.903017,2.8694508
19087,1436608978004,0.47046062,9.886856,2.9747956
19088,1436608978030,0.4878186,9.929952,3.0442274
19089,1436608978044,0.49320555,9.921572,3.1010897
19090,1436608978070,0.48602295,9.829993,3.1334114
19091,1436608978092,0.44831428,9.807847,3.1280246
19092,1436608978103,0.45789108,9.797672,3.104681
19093,1436608978123,0.50038815,9.671976,3.1824925
19094,1436608978141,0.58657944,9.640852,3.2243912
19095,1436608978162,0.66618663,9.543288,3.2291796
19096,1436608978182,0.75477207,9.478644,3.2333694
19097,1436608978203,0.79367787,9.487024,3.1908724
19098,1436608978223,0.86490536,9.495404,3.2172086
19099,1436608978243,0.8607155,9.473856,3.2597055
19100,1436608978262,0.84455466,9.465476,3.3201592
19101,1436608978291,0.83018947,9.490616,3.3566709
19102,1436608978357,0.84934306,9.458893,3.3740287
19103,1436608978358,0.8583213,9.454104,3.3758245
19104,1436608978363,0.88405895,9.441534,3.3734303
19105,1436608978364,0.87807345,9.476251,3.4063504
19106,1436608978391,0.87208796,9.5013895,3.4051533
19107,1436608978402,0.8451532,9.601946,3.4284968
19108,1436608978421,0.8230068,9.657013,3.4620156
19109,1436608978444,0.81402856,9.706693,3.4739866
19110,1436608978462,0.88765025,9.691729,3.5128925
19111,1436608978482,0.90261406,9.679159,3.5392287
19112,1436608978505,0.84335756,9.660006,3.5194764
19113,1436608978524,0.7517793,9.646837,3.494936
19114,1436608978541,0.717662,9.60853,3.4530375
19115,1436608978564,0.6889315,9.532514,3.4249055
19116,1436608978585,0.6919243,9.506777,3.3955765
19117,1436608978604,0.670975,9.515755,3.3746274
19118,1436608978624,0.53809685,9.487623,3.3093853
19119,1436608978645,0.47465047,9.364322,3.2549171
19120,1436608978664,0.47644615,9.376891,3.2028434
19121,1436608978684,0.4950012,9.396643,3.17531
19122,1436608978720,0.50517654,9.494206,3.2124202
19123,1436608978721,0.6619968,9.400234,3.1465795
19124,1436608978745,0.9487024,9.317036,3.1004913
19125,1436608978765,1.2856863,9.4457245,3.095703
19126,1436608978785,1.614889,9.676167,3.1627405
19127,1436608978804,1.7495629,9.889849,3.304597
19128,1436608978824,1.6723499,9.91439,3.3291376
19129,1436608978845,1.5688007,9.905411,3.2489316
19130,1436608978866,1.5442601,9.89344,3.1639376
19131,1436608978887,1.5233108,9.882068,3.1651347
19132,1436608978905,1.5598224,9.863512,3.1717186
19133,1436608978924,1.5502456,9.794679,3.1824925
19134,1436608978946,1.4939818,9.774328,3.1190462
19135,1436608978964,1.4401124,9.784504,3.044826
19136,1436608978985,1.4496891,9.808446,2.9945478
19137,1436608979086,1.4562732,9.83957,3.0801406
19138,1436608979087,1.5239093,9.76535,3.1621418
19139,1436608979088,1.5233108,9.75697,3.1358056
19140,1436608979089,1.560421,9.724648,3.0963013
19141,1436608979090,1.6502035,9.717466,3.127426
19142,1436608979106,1.7699136,9.779716,3.2255883
19143,1436608979128,1.9351135,9.803658,3.4374752
19144,1436608979142,2.1601684,9.931747,3.7253778
19145,1436608979168,2.2703018,10.110115,3.750517
19146,1436608979182,2.0925324,10.031705,3.58412
19147,1436608979205,1.7531542,9.858126,3.3836055
19148,1436608979222,1.4460979,9.704298,3.2704794
19149,1436608979245,1.2114661,9.560047,3.2842462
19150,1436608979262,1.0690111,9.396045,3.3488896
19151,1436608979284,0.95109665,9.322423,3.4332852
19152,1436608979305,0.95109665,9.272144,3.4530375
19153,1436608979324,1.0947487,9.173384,3.5727475
19154,1436608979345,1.3461399,9.090784,3.6942532
19155,1436608979365,1.4574703,9.091981,3.7606924
19156,1436608979385,1.5394717,9.159617,3.7870286
19157,1436608979405,1.6274586,9.256582,3.7828386
19158,1436608979424,1.6579847,9.215881,3.8043866
19159,1436608979444,1.584363,9.147646,3.739743
19160,1436608979465,1.389834,9.314642,3.7020345
19161,1436608979485,1.1851299,9.297284,3.6457705
19162,1436608979506,1.0552444,9.154829,3.7140055
19163,1436608979525,0.95109665,9.192537,3.6900635
19164,1436608979545,0.9816227,9.399636,3.774459
19165,1436608979566,1.1258733,9.450513,3.9773676
19166,1436608979585,1.2659341,9.284116,4.060566
19167,1436608979606,1.4065934,9.273342,3.9905357
19168,1436608981312,1.5071499,9.360131,3.8780081
19169,1436608981313,1.4742297,9.430161,3.8654387
19170,1436608981314,1.3221979,9.461885,3.9217024
19171,1436608981315,1.1773487,9.611523,3.9707835
19172,1436608981316,1.043872,9.569026,4.0025067
19173,1436608981317,0.943914,9.475053,4.010886
19174,1436608981318,0.86251116,9.495404,3.9073372
19175,1436608981319,0.8403648,9.4217825,3.7804444
19176,1436608981320,0.8619126,9.400234,3.7870286
19177,1436608981321,0.8690952,9.327211,3.8379054
19178,1436608981322,0.84216046,9.337387,3.8456864
19179,1436608981323,0.74519527,9.34038,3.8337154
19180,1436608981324,0.6805518,9.436746,3.7726634
19181,1436608981325,0.6362591,9.469068,3.681085
19182,1436608981326,0.6889315,9.270947,3.7110126
19183,1436608981327,0.84335756,9.229648,3.8061821
19184,1436608981328,0.973243,9.366715,3.834314
19185,1436608981329,1.0193313,9.438541,3.9683893
19186,1436608981330,0.9528923,9.521142,4.060566
19187,1436608981331,0.7870938,9.487623,4.0426097
19188,1436608981332,0.61171854,9.574412,3.9426517
19189,1436608981333,0.46088383,9.737817,3.816956
19190,1436608981334,0.3842694,9.688736,3.7966053
19191,1436608981335,0.30705637,9.528324,3.8235402
19192,1436608981336,0.29328972,9.592369,3.8935704
19193,1436608981337,0.30346507,9.677961,3.887585
19194,1436608981338,0.2801216,9.599552,3.9193082
19195,1436608981339,0.23882163,9.479841,3.8247373
19196,1436608981340,0.25797522,9.324219,3.7104142
19197,1436608981341,0.30286652,9.297882,3.6373909
19198,1436608981342,0.3609259,9.408015,3.6367924
19199,1436608981343,0.39145198,9.4696665,3.6882677
19200,1436608981344,0.26994625,9.485229,3.7762547
19201,1436608981345,0.107140526,9.589975,3.7846344
19202,1436608981346,-0.02633622,9.6767645,3.7062242
19203,1436608981347,-0.095169514,9.583391,3.7301662
19204,1436608981348,-0.062249243,9.537901,3.7600937
19205,1436608981349,0.008978256,9.669582,3.719991
19206,1436608981350,0.092176765,9.572617,3.7852328
19207,1436608981351,0.22864626,9.52174,3.8361096
19208,1436608981352,0.36631286,9.5570545,3.8750155
19209,1436608981353,0.42796355,9.634268,3.8845923
19210,1436608981354,0.439336,9.646837,3.8672342
19211,1436608981355,0.29927522,9.625289,3.8792052
19212,1436608981356,0.05865794,9.545682,3.8546648
19213,1436608981357,-0.12988544,9.640253,3.7523127
19214,1436608981358,-0.11133038,9.583989,3.74513
19215,1436608981359,0.04309563,9.541492,3.8552632
19216,1436608981360,0.1400608,9.560646,3.8774097
19217,1436608981361,0.25019407,9.625289,3.9217024
19218,1436608981362,0.31603462,9.629479,3.945046
19219,1436608981363,0.33877954,9.622895,4.015076
19220,1436608981364,0.22685061,9.610326,3.9492357
19221,1436608981365,0.033518825,9.531916,3.82773
19222,1436608981366,-0.11252748,9.485827,3.6804867
19223,1436608981367,-0.08559271,9.457695,3.6098576
19224,1436608981368,0.007182605,9.403227,3.8163576
19225,1436608981369,0.15203181,9.433753,4.024653
19226,1436608981370,0.23822308,9.431359,4.119224
19227,1436608981371,0.5141548,9.4774475,4.2119994
19228,1436608981372,0.8265981,9.509171,4.359243
19229,1436608981373,1.0815806,9.533711,4.4580035
19230,1436608981374,1.1785458,9.586384,4.420295
19231,1436608981375,1.1115081,9.610924,4.396353
19232,1436608981376,0.919972,9.420585,4.3275194
19233,1436608981377,0.825401,9.160215,4.2784386
19234,1436608981378,0.8984242,9.2308445,4.2981906
19235,1436608981379,0.9576807,9.183559,4.302979
19236,1436608981380,1.0522517,9.111733,4.301782
19237,1436608981381,1.2797008,8.99741,4.408922
19238,1436608981382,1.5053543,8.768764,4.477157
19239,1436608981383,1.5897499,8.750209,4.350863
19240,1436608981384,1.4850036,8.874707,4.2718544
19241,1436608981385,1.2072762,8.844181,4.209007
19242,1436608981386,0.96187055,8.514978,4.173692
19243,1436608981387,0.90021986,8.404246,4.1024647
19244,1436608981388,0.84335756,8.523956,3.892972
19245,1436608981389,0.8499416,8.690353,3.7511156
19246,1436608981390,0.95947635,8.804677,3.733159
19247,1436608981391,1.1324574,8.803479,3.843891
19248,1436608981392,1.2354081,8.980651,3.9576154
19249,1436608981393,1.2791022,9.23683,3.9636009
19250,1436608981394,1.3814543,9.176376,4.0222588
19251,1436608981395,1.5897499,9.042301,4.021062
19252,1436608981396,1.8166006,9.039907,3.8612487
19253,1436608981397,1.9165585,9.01417,3.6780925
19254,1436608981398,1.9213469,9.094974,3.578733
19255,1436608981399,1.6837224,9.361927,3.4823663
19256,1436608981400,1.5807717,9.800665,3.3201592
19257,1436608981403,1.6340426,10.098145,3.3147724
19258,1436608981423,1.7298107,10.125079,3.4314895
19259,1436608981443,1.6639702,10.041282,3.6086605
19260,1436608981463,1.632247,10.09156,3.6098576
19261,1436608981483,1.6184803,10.086173,3.551798
19262,1436608981503,1.4784195,9.978435,3.4021606
19263,1436608981523,1.264737,10.061034,3.1064768
19264,1436608981543,1.0791864,10.037092,2.8281507
19265,1436608981563,1.0289081,10.052056,2.5983074
19266,1436608981583,1.210269,9.931747,2.6617537
19267,1436608981608,1.4508862,10.001179,2.7503393
19268,1436608981625,1.6238673,10.2495775,2.7754784
19269,1436608981644,1.702876,10.258555,2.939481
19270,1436608981665,1.5358804,10.128072,3.0430303
19271,1436608981686,1.2270284,10.227431,2.9364884
19272,1436608981705,1.0923545,10.284892,2.7647045
19273,1436608981727,1.3617022,10.2178545,2.779668
19274,1436608981746,1.5855601,10.156802,3.008913
19275,1436608981765,1.7052702,10.462662,3.1944637
19276,1436608981784,1.8650831,10.895413,3.2016463
19277,1436608981804,2.2697031,10.572196,3.405752
19278,1436608981827,2.0530279,10.013748,3.7654808
19279,1436608981845,1.6609775,9.700109,3.8522706
19280,1436608981869,1.448492,9.442732,3.6499605
19281,1436608981884,1.3545196,9.348759,3.316568
19282,1436608981904,1.3772645,9.220071,3.2202013
19283,1436608981924,1.4514848,9.247604,3.3704374
19284,1436608981944,1.3964181,9.102157,3.590704
19285,1436608981968,0.8810662,9.083003,3.469797
19286,1436608981985,0.49679685,9.020754,3.364452
19287,1436608982005,0.32621,8.67539,3.3321302
19288,1436608982028,0.2633622,8.596381,3.3626564
19289,1436608982047,0.54049104,8.828619,3.3824084
19290,1436608982065,1.0301052,8.797494,3.5236664
19291,1436608982085,1.4413095,8.684967,3.8247373
19292,1436608982104,1.7615339,8.842984,4.0318356
19293,1436608982126,1.9901801,9.024344,4.168904
19294,1436608982147,1.9758149,9.226056,4.231153
19295,1436608982169,1.6849195,9.478644,4.3155484
19296,1436608982188,1.5065514,9.584588,4.344279
19297,1436608982208,1.0959458,9.537901,4.347272
19298,1436608982226,0.8750807,9.427768,4.1838675
19299,1436608982248,1.0313023,9.145252,3.994127
19300,1436608982269,1.359308,9.321226,3.8893807
19301,1436608982285,1.5640123,9.394848,3.9552212
19302,1436608982305,1.5574282,9.04709,4.124611
19303,1436608982325,1.4945804,9.1033535,4.015076
19304,1436608982350,1.4101849,9.066842,3.82773
19305,1436608982368,1.4047978,9.082404,3.7175968
19306,1436608982387,1.3982137,9.293094,3.6260185
19307,1436608982408,1.3341689,9.263765,3.651756
19308,1436608982426,1.2234371,9.239823,3.6643257
19309,1436608982446,0.99179804,9.128492,3.5769374
19310,1436608982466,0.9247604,9.097966,3.3662477
19311,1436608982488,0.8110358,9.164406,3.1914709
19312,1436608982511,0.62129533,9.487623,3.0663738
19313,1436608982606,0.52492875,9.904214,3.0041246
19314,1436608982607,0.87807345,10.012551,2.9173348
19315,1436608982608,1.264737,9.734824,2.96881
19316,1436608982609,1.6274586,9.639654,2.9334955
19317,1436608982610,1.9524715,9.821614,2.9963434
19318,1436608982628,2.3187842,10.181343,3.0663738
19319,1436608982647,2.475006,10.264542,3.2375593
19320,1436608982666,2.3546975,10.270527,3.4141316
19321,1436608982688,2.0536265,10.301651,3.4344823
19322,1436608982715,1.567005,10.311228,3.2585084
19323,1436608982726,1.0923545,10.26095,2.9257145
19324,1436608982753,0.9391256,10.142437,2.6132712
19325,1436608982767,0.94690675,10.008362,2.4624364
19326,1436608982788,0.9900024,9.947908,2.4241292
19327,1436608982809,0.9367314,9.8683,2.4349031
19328,1436608982829,0.88166475,9.6923275,2.3594859
19329,1436608982849,0.95109665,9.51336,2.3343468
19330,1436608982869,1.1150994,9.485229,2.3852234
19331,1436608982889,1.1599907,9.523536,2.4259248
19332,1436608982909,1.2557588,9.601946,2.5061307
19333,1436608982929,1.2976574,9.687539,2.5492263
19334,1436608982949,1.3084313,9.831789,2.5354595
19335,1436608982969,1.3814543,9.8916445,2.5192988
19336,1436608982987,1.4598645,9.924564,2.540248
19337,1436608983009,1.5448587,10.000581,2.5234885
19338,1436608983030,1.6095021,10.001778,2.4851813
19339,1436608983047,1.6334441,9.989208,2.5264814
19340,1436608983071,1.5819688,10.022128,2.540248
19341,1436608983087,1.4520833,10.09156,2.5061307
19342,1436608983109,1.271321,10.118495,2.4546554
19343,1436608983131,1.0995371,10.03769,2.4133554
19344,1436608983151,0.9816227,9.937733,2.3714569
19345,1436608983169,0.9427169,9.841366,2.356493
19346,1436608983186,0.9151836,9.695918,2.3026235
19347,1436608983206,0.9139865,9.677961,2.2349873
19348,1436608983228,0.96187055,9.712678,2.19249
19349,1436608983247,1.0336965,9.793482,2.2098482
19350,1436608983270,1.0839748,9.835979,2.3289597
19351,1436608983332,1.0893618,9.952697,2.3481133
19352,1436608983333,1.0881647,10.085575,2.3259668
19353,1436608983334,1.103727,10.088568,2.3660698
19354,1436608983347,1.09834,10.123882,2.4420857
19355,1436608983368,1.1001357,10.111312,2.529474
19356,1436608983386,1.0833763,10.102334,2.4887726
19357,1436608983407,1.0941502,9.980828,2.4863784
19358,1436608983430,1.050456,9.873688,2.4492683
19359,1436608983447,1.0079589,9.818023,2.3744495
19360,1436608983467,0.9307459,9.757569,2.259528
19361,1436608983487,0.95109665,9.747394,2.2272062
19362,1436608983508,0.9498995,9.725846,2.2864625
19363,1436608983527,0.96665895,9.778519,2.3247697
19364,1436608983549,0.9576807,9.855133,2.3229742
19365,1436608983569,0.96665895,9.904813,2.3104045
19366,1436608983589,0.9780314,9.959281,2.3056161
19367,1436608983609,0.9947908,9.989208,2.31639
19368,1436608983630,1.01574,10.004171,2.3648727
19369,1436608983650,1.0199299,9.985018,2.3732524
19370,1436608983669,1.0193313,10.028113,2.3463178
19371,1436608983690,0.99658644,10.017939,2.3349452
19372,1436608983711,0.9600749,9.974244,2.3295584
19373,1436608983728,0.88405895,9.958083,2.3110032
19374,1436608983750,0.866701,9.9473095,2.2774844
19375,1436608983769,0.84694886,9.9712515,2.2230163
19376,1436608983789,0.9020155,9.961675,2.2421699
19377,1436608983808,0.93613285,9.944317,2.2762873
19378,1436608983831,0.9828198,9.953295,2.285864
19379,1436608983850,1.033098,9.946711,2.2750902
19380,1436608983870,1.0313023,9.966463,2.2583308
19381,1436608983890,1.0324994,9.97604,2.2679076
19382,1436608983907,1.0151415,9.958682,2.3080103
19383,1436608983930,0.97743285,9.93893,2.3391352
19384,1436608983949,0.91219085,9.93893,2.3301568
19385,1436608983969,0.8583213,9.908403,2.3133974
19386,1436608983994,0.79726917,9.922171,2.327164
19387,1436608984099,0.729633,9.918579,2.3122003
19388,1436608984100,0.7230489,9.920375,2.3259668
19389,1436608984101,0.6805518,10.050261,2.1936872
19390,1436608984102,0.78050977,10.080787,2.131438
19391,1436608984103,0.86011696,9.977237,2.207454
19392,1436608984109,0.9528923,9.973646,2.2810757
19393,1436608984131,1.0235212,10.022128,2.2942438
19394,1436608984148,1.0594343,10.047267,2.2930467
19395,1436608984169,1.0570401,9.912594,2.3756466
19396,1436608984189,1.0935516,9.916184,2.3798366
19397,1436608984208,1.1025299,9.85633,2.35769
19398,1436608984228,1.0827777,9.858126,2.3415294
19399,1436608984248,1.1210849,9.929952,2.3145945
19400,1436608984270,1.0959458,9.922769,2.3505075
19401,1436608984289,1.0444705,9.937134,2.3385365
19402,1436608984310,1.0085574,9.952098,2.333748
19403,1436608984330,0.8798691,9.968259,2.3116016
19404,1436608984350,0.8002619,9.957485,2.295441
19405,1436608984370,0.694917,9.919178,2.2720973
19406,1436608984390,0.6476316,9.941922,2.256535
19407,1436608984410,0.57281274,9.88506,2.3301568
19408,1436608984430,0.581791,9.878476,2.303222
19409,1436608984450,0.6362591,9.873688,2.303222
19410,1436608984471,0.7445967,9.874885,2.2876596
19411,1436608984488,0.8523358,9.886856,2.309806
19412,1436608984510,0.91099375,9.935937,2.35769
19413,1436608984527,0.90381116,9.961675,2.380435
19414,1436608984547,0.89603,9.980229,2.36188
19415,1436608984567,0.878672,9.99639,2.327164
19416,1436608984593,0.85891986,9.974843,2.3385365
19417,1436608984613,0.842759,9.97185,2.3798366
19418,1436608984633,0.80804306,10.015544,2.3708582
19419,1436608984650,0.7529764,10.059238,2.3475149
19420,1436608984667,0.7170634,10.110115,2.3307555
19421,1436608984687,0.6979098,10.108918,2.32058
19422,1436608984708,0.6619968,10.120889,2.367267
19423,1436608984728,0.6386533,10.204686,2.4319103
19424,1436608984785,0.56922144,10.348338,2.5115175
19425,1436608984786,0.53570265,10.301053,2.5366566
19426,1436608984798,0.47046062,10.070611,2.4139538
19427,1436608984807,0.44711718,9.996989,2.2349873
19428,1436608984834,0.49919105,9.932944,2.1158757
19429,1436608984849,0.62488663,9.710283,2.1619642
19430,1436608984867,0.7715315,9.659407,2.2409728
19431,1436608984889,0.78888947,9.671378,2.3116016
19432,1436608984911,0.7080852,9.783905,2.3026235
19433,1436608984929,0.5626374,9.87668,2.2397757
19434,1436608984949,0.45429978,9.982624,2.2254105
19435,1436608984971,0.36272156,10.043676,2.3068132
19436,1436608984990,0.29448682,10.214862,2.3870192
19437,1436608985010,0.2645593,10.301651,2.4157495
19438,1436608985032,0.25797522,10.418368,2.428319
19439,1436608985048,0.30406362,10.31063,2.3888147
19440,1436608985069,0.3764882,10.096947,2.3720553
19441,1436608985088,0.43155485,9.995792,2.3780408
19442,1436608985109,0.4830302,9.962274,2.3343468
19443,1436608985130,0.51954174,9.962872,2.303222
19444,1436608985150,0.4890157,9.889849,2.3026235
19445,1436608985171,0.46746787,9.828198,2.35769
19446,1436608985191,0.45010993,9.719262,2.397793
19447,1436608985211,0.53091425,9.796474,2.44029
19448,1436608985229,0.5117606,9.812635,2.5240872
19449,1436608985249,0.59136784,9.859323,2.52289
19450,1436608985269,0.7846996,9.82341,2.5474305
19451,1436608985292,1.0265139,9.76116,2.5797524
19452,1436608985312,1.2360066,9.794081,2.5516205
19453,1436608985333,1.3563153,9.793482,2.5264814
19454,1436608985349,1.4490906,9.829395,2.4666264
19455,1436608985369,1.4059949,9.8515415,2.4600422
19456,1436608985388,1.1641805,9.881469,2.469619
19457,1436608985408,0.83617496,9.921572,2.432509
19458,1436608985431,0.48841715,9.920973,2.3900118
19459,1436608985449,0.2896984,9.911995,2.397793
19460,1436608985501,0.2753332,9.8677025,2.4361002
19461,1436608985502,0.3669114,9.845556,2.4762032
19462,1436608985516,0.55844754,9.80665,2.4642322
19463,1436608985530,0.8583213,9.691729,2.4372973
19464,1436608985552,1.0935516,9.701305,2.391209
19465,1436608985568,1.2755109,9.795278,2.3427265
19466,1436608985588,1.3389573,9.835381,2.35769
19467,1436608985610,1.2797008,9.935339,2.3493104
19468,1436608985630,1.1563994,9.961675,2.4025815
19469,1436608985650,1.0606314,9.915586,2.4558525
19470,1436608985670,1.0073603,9.913192,2.4211364
19471,1436608985689,0.9840169,9.911995,2.3493104
19472,1436608985712,0.9672575,9.888053,2.3265655
19473,1436608985730,1.0295067,9.853337,2.2697031
19474,1436608985750,1.0749966,9.857527,2.2697031
19475,1436608985769,1.1204864,9.845556,2.2709002
19476,1436608985790,1.1767502,9.863512,2.2469583
19477,1436608985812,1.2378023,9.894038,2.2152352
19478,1436608985831,1.2593501,9.950901,2.2008698
19479,1436608985850,1.2467805,9.960478,2.2296004
19480,1436608985872,1.158195,10.047267,2.1918917
19481,1436608985891,1.0672154,10.093356,2.1452048
19482,1436608985909,1.0199299,10.09575,2.1517887
19483,1436608985931,0.99658644,10.10413,2.168548
19484,1436608985949,1.0175357,10.050261,2.2212207
19485,1436608985971,1.0857705,9.968259,2.2403743
19486,1436608985989,1.158195,9.967062,2.1936872
19487,1436608986012,1.2389994,9.956886,2.1272483
19488,1436608986032,1.2545617,9.964069,2.1242554
19489,1436608986054,1.240795,10.035895,2.148796
19490,1436608986072,1.2186487,10.020332,2.1811178
19491,1436608986091,1.1935096,10.028712,2.168548
19492,1436608986110,1.2090719,9.998785,2.1589713
19493,1436608986130,1.1803415,10.017939,2.1164744
19494,1436608986150,1.1450269,10.096349,2.098518
19495,1436608986212,1.0869676,10.088568,2.1308396
19496,1436608986213,1.0301052,10.0508585,2.1733365
19497,1436608986214,0.97982705,9.992201,2.1601684
19498,1436608986236,0.98700964,9.931149,2.1308396
19499,1436608986250,0.98461545,9.949105,2.1051018
19500,1436608986269,0.961272,9.997588,2.1027076
19501,1436608986289,0.96426475,10.023325,2.148796
19502,1436608986309,0.93254155,10.007763,2.1751323
19503,1436608986331,0.9780314,9.981427,2.19668
19504,1436608986349,1.0013748,9.970653,2.1170728
19505,1436608986369,1.0097545,10.010158,2.0572178
19506,1436608986390,0.9864111,9.981427,2.0847511
19507,1436608986410,0.97264445,9.982624,2.0931308
19508,1436608986430,0.97743285,9.958083,2.1470003
19509,1436608986452,0.98222125,9.958083,2.1637597
19510,1436608986472,0.95229375,9.966463,2.2373815
19511,1436608986492,0.91219085,10.014946,2.2200236
19512,1436608986512,0.90141696,10.00477,2.184709
19513,1436608986530,0.9127894,9.962274,2.154183
19514,1436608986550,0.9307459,9.979631,2.154183
19515,1436608986572,0.9271546,9.953894,2.1338322
19516,1436608986589,0.92057055,9.962274,2.1242554
19517,1436608986609,0.92775315,9.901819,2.15957
19518,1436608986629,0.92296475,9.901819,2.1691468
19519,1436608986651,0.95109665,9.892841,2.1511903
19520,1436608986672,0.9660604,9.896433,2.1529858
19521,1436608986692,0.99419224,9.953295,2.1769278
19522,1436608986712,0.997185,9.962274,2.2038627
19523,1436608986730,0.97862995,10.038289,2.2140381
19524,1436608986750,0.9588778,10.010158,2.2613235
19525,1436608986769,0.91578215,9.993398,2.296638
19526,1436608986791,0.88286185,9.999383,2.2810757
19527,1436608986813,0.85772276,9.990405,2.2409728
19528,1436608986833,0.88645315,9.962872,2.219425
19529,1436608986853,0.94690675,9.920973,2.19668
19530,1436608986872,1.0319009,9.881469,2.1978772
19531,1436608986957,1.0881647,9.87668,2.1883004
19532,1436608986958,1.1258733,9.907207,2.15538
19533,1436608986959,1.186327,9.937733,2.1679497
19534,1436608986960,1.2000936,9.960478,2.1619642
19535,1436608986978,1.2144588,9.933543,2.190096
19536,1436608986989,1.2898762,9.904214,2.208651
19537,1436608987010,1.3221979,9.956287,2.184709
19538,1436608987030,1.3599066,9.996989,2.1942859
19539,1436608987052,1.3718776,9.96347,2.255338
19540,1436608987071,1.3563153,9.898229,2.3361423
19541,1436608987100,1.3395559,9.931149,2.328361
19542,1436608987122,1.258153,9.894038,2.2822728
19543,1436608987130,1.2060791,9.794081,2.2397757
19544,1436608987150,1.1354501,9.721058,2.1481974
19545,1436608987170,1.0947487,9.745,2.1021092
19546,1436608987191,1.0720038,9.809045,2.107496
19547,1436608987213,1.0498575,9.941922,2.1152773
19548,1436608987230,1.0097545,9.980828,2.1709423
19549,1436608987251,0.9816227,10.040085,2.2385786
19550,1436608987273,0.97862995,10.117298,2.2266076
19551,1436608987293,0.9451111,10.177752,2.1918917
19552,1436608987313,0.93613285,10.1161,2.135628
19553,1436608987330,0.98222125,10.016742,2.136825
19554,1436608987351,1.0067618,9.892242,2.2140381
19555,1436608987371,1.0737995,9.878476,2.212841
19556,1436608987390,1.1270704,9.866506,2.2134395
19557,1436608987411,1.1031284,9.907805,2.1883004
19558,1436608987431,1.0145429,9.907805,2.2164323
19559,1436608987452,0.91697925,9.931149,2.2062569
19560,1436608987470,0.82360536,9.947908,2.2182279
19561,1436608987491,0.7763199,9.980229,2.172738
19562,1436608987513,0.7930793,10.041282,2.1883004
19563,1436608987530,0.8098387,10.024523,2.2744915
19564,1436608987551,0.84335756,10.02153,2.3199813
19565,1436608987572,0.8283938,9.978435,2.3397336
19566,1436608987593,0.81761986,9.981427,2.2936451
19567,1436608987611,0.7745243,9.955689,2.244564
19568,1436608987632,0.7110779,9.961076,2.2535424
19569,1436608987667,0.6781576,9.941922,2.2619221
19570,1436608987725,0.6386533,9.9790325,2.2529438
19571,1436608987726,0.581791,9.978435,2.2331917
19572,1436608987727,0.55126494,9.961076,2.1888988
19573,1436608987739,0.5722142,9.962872,2.1619642
19574,1436608987750,0.60932434,9.96766,2.1769278
19575,1436608987774,0.66020113,9.960478,2.2062569
19576,1436608987791,0.7320272,9.993398,2.2816741
19577,1436608987810,0.770933,10.036493,2.2918496
19578,1436608987833,0.8062474,10.030508,2.2870612
19579,1436608987851,0.83018947,9.986814,2.2810757
19580,1436608987872,0.8086416,9.946711,2.2625206
19581,1436608987891,0.80325466,9.949704,2.259528
19582,1436608987911,0.76075757,9.929952,2.2122424
19583,1436608987931,0.7062895,9.942521,2.1829133
19584,1436608987953,0.7098808,9.938332,2.1930888
19585,1436608987974,0.688333,9.919178,2.2547395
19586,1436608987992,0.65301853,9.952697,2.28347
19587,1436608988014,0.599149,9.950302,2.223615
19588,1436608988030,0.6278794,9.986814,2.1978772
19589,1436608988053,0.6745663,9.991602,2.212841
19590,1436608988072,0.6781576,9.96766,2.2343888
19591,1436608988093,0.62368953,9.921572,2.255338
19592,1436608988111,0.56563014,9.909002,2.2619221
19593,1436608988135,0.57400984,9.922769,2.2014685
19594,1436608988153,0.61650693,9.935339,2.178125
19595,1436608988175,0.6871359,9.989208,2.1811178
19596,1436608988194,0.7505822,9.991602,2.211644
19597,1436608988215,0.801459,9.954493,2.2529438
19598,1436608988232,0.8355764,9.948506,2.2517467
19599,1436608988252,0.82240826,9.974244,2.2176294
19600,1436608988273,0.8110358,9.93474,2.2050598
19601,1436608988292,0.78529817,9.932944,2.1996727
19602,1436608988316,0.7493851,9.986216,2.1972785
19603,1436608988335,0.7398083,10.032902,2.2230163
19604,1436608988356,0.736217,10.108918,2.2661119
19605,1436608988374,0.7727286,10.081385,2.2541409
19606,1436608988396,0.7697359,10.105926,2.2457612
19607,1436608988462,0.6859388,10.1382475,2.1643584
19608,1436608988463,0.6356605,10.1226845,2.1404164
19609,1436608988464,0.59495914,10.201095,2.098518
19610,1436608988471,0.54527944,10.1304655,2.1577742
19611,1436608988491,0.5386954,9.942521,2.2810757
19612,1436608988513,0.6003461,9.848549,2.35769
19613,1436608988531,0.65301853,9.886856,2.3247697
19614,1436608988553,0.74519527,9.989806,2.2709002
19615,1436608988571,0.7062895,10.053253,2.1787236
19616,1436608988595,0.6039374,10.041282,2.1751323
19617,1436608988612,0.51954174,10.016742,2.2331917
19618,1436608988631,0.46926352,10.047267,2.2385786
19619,1436608988651,0.50996494,9.981427,2.2098482
19620,1436608988675,0.6691794,10.012551,2.203264
19621,1436608988694,0.7721301,9.991602,2.2571337
19622,1436608988714,0.75956047,9.973646,2.3092074
19623,1436608988732,0.7020996,9.981427,2.2535424
19624,1436608988754,0.6781576,10.006566,2.2409728
19625,1436608988778,0.7015011,10.005967,2.2732944
19626,1436608988794,0.75836337,9.956886,2.3020248
19627,1436608988815,0.7763199,9.992201,2.2900538
19628,1436608988832,0.75237787,9.951499,2.220622
19629,1436608988853,0.75477207,9.939528,2.1871033
19630,1436608988872,0.7745243,9.990405,2.1493945
19631,1436608988895,0.80445176,9.919178,2.2260091
19632,1436608988911,0.7811083,9.901221,2.292448
19633,1436608988934,0.7044938,9.871294,2.3235726
19634,1436608988951,0.6488287,9.926959,2.2397757
19635,1436608988974,0.6326678,9.98442,2.203264
19636,1436608988998,0.61411273,10.068216,2.2278047
19637,1436608989017,0.56982,10.150817,2.2577322
19638,1436608989032,0.5201403,10.051457,2.3223755
19639,1436608989053,0.4985925,9.992201,2.3469162
19640,1436608989072,0.4842273,9.958682,2.3259668
19641,1436608989092,0.45070848,9.946113,2.268506
19642,1436608989111,0.4249708,9.956886,2.223615
19643,1436608989174,0.45130703,9.961076,2.2469583
19644,1436608989175,0.46088383,10.0269165,2.3038206
19645,1436608989176,0.46507367,10.113707,2.319383
19646,1436608989196,0.480636,10.205285,2.3277626
19647,1436608989214,0.4758476,10.199898,2.3253684
19648,1436608989232,0.46507367,10.160394,2.3427265
19649,1436608989252,0.45070848,10.047866,2.3582888
19650,1436608989272,0.41060558,9.917382,2.3349452
19651,1436608989293,0.3776853,9.912594,2.2816741
19652,1436608989314,0.39504328,10.02153,2.191293
19653,1436608989333,0.4758476,9.935937,2.2894554
19654,1436608989352,0.54408234,10.035895,2.3439236
19655,1436608989378,0.53330845,10.09575,2.3953989
19656,1436608989395,0.5650316,10.026319,2.4636335
19657,1436608989415,0.5907693,10.017939,2.5192988
19658,1436608989434,0.53211135,9.932944,2.5552118
19659,1436608989455,0.39923313,9.874885,2.4797945
19660,1436608989476,0.23343466,9.81084,2.4343045
19661,1436608989495,0.12988544,9.807847,2.3169887
19662,1436608989515,0.1388637,9.8437605,2.232593
19663,1436608989534,0.23523031,9.876082,2.180519
19664,1436608989555,0.40581718,9.892242,2.1733365
19665,1436608989577,0.51355624,10.023325,2.1811178
19666,1436608989592,0.49320555,10.16578,2.171541
19667,1436608989615,0.40940848,10.170568,2.1817162
19668,1436608989636,0.3369839,10.155605,2.0907366
19669,1436608989656,0.38845924,10.105926,2.0201077
19670,1436608989677,0.5189432,10.052056,1.9925743
19671,1436608989695,0.6392518,9.970055,1.9758149
19672,1436608989715,0.7116765,9.947908,2.0374656
19673,1436608989733,0.7733272,9.808446,2.1978772
19674,1436608989754,0.801459,9.680356,2.2864625
19675,1436608989777,0.8499416,9.715072,2.3199813
19676,1436608989798,0.8882488,9.668983,2.337938
19677,1436608989817,0.94570965,9.632472,2.3523033
19678,1436608989835,0.9816227,9.758766,2.3888147
19679,1436608989856,0.9792285,9.91798,2.4067712
19680,1436608989920,0.96067345,9.906608,2.4672248
19681,1436608989921,0.9636662,9.881469,2.4785974
19682,1436608989922,0.97862995,9.892841,2.4061728
19683,1436608989932,0.9708488,9.89763,2.27928
19684,1436608989960,0.95708215,9.894038,2.2212207
19685,1436608989976,0.9020155,9.937134,2.1739352
19686,1436608989992,0.7751228,9.987412,2.2499511
19687,1436608990016,0.56443304,9.900622,2.297835
19688,1436608990032,0.40222588,9.879673,2.2948422
19689,1436608990055,0.37948096,9.964667,2.3008277
19690,1436608990080,0.34476504,9.955689,2.307412
19691,1436608990094,0.2896984,9.986216,2.2373815
19692,1436608990112,0.1921347,9.918579,2.255338
19693,1436608990136,0.0796072,9.828796,2.224812
19694,1436608990156,0.021547815,9.915586,2.1859062
19695,1436608990175,0.0011971008,10.014946,2.1092918
19696,1436608990195,0.033518825,10.11251,2.1505916
19697,1436608990216,0.005985504,10.216059,2.1978772
19698,1436608990235,-0.01616086,10.258555,2.202067
19699,1436608990256,-0.040102877,10.19451,2.2361844
19700,1436608990276,-0.08259996,10.09575,2.1990743
19701,1436608990297,-0.050876785,10.100538,2.1691468
19702,1436608990313,0.036511578,10.044873,2.15957
19703,1436608990336,0.11911154,10.01734,2.1523874
19704,1436608990356,0.1388637,10.022727,2.1817162
19705,1436608990376,0.0676362,10.064626,2.2307975
19706,1436608990396,-0.05207389,10.108319,2.1984756
19707,1436608990426,-0.15143326,10.147824,2.1918917
19708,1436608990435,-0.2208651,10.116699,2.2397757
19709,1436608990456,-0.2148796,10.072407,2.2307975
19710,1436608990476,-0.1448492,10.007165,2.207454
19711,1436608990496,-0.047884032,9.989208,2.220622
19712,1436608990517,0.037708677,9.994595,2.2164323
19713,1436608990537,0.093373865,9.955689,2.224812
19714,1436608990555,0.12988544,9.928755,2.2230163
19715,1436608990577,0.10414778,9.93893,2.204461
19716,1436608990639,0.10534488,10.001778,2.1733365
19717,1436608990640,0.11252748,10.031107,2.154183
19718,1436608990641,0.12569559,10.040684,2.1865046
19719,1436608990653,0.16998832,10.02572,2.224812
19720,1436608990673,0.17058687,10.024523,2.2307975
19721,1436608990714,0.17836803,10.041881,2.203264
19722,1436608990715,0.17537527,10.055647,2.167351
19723,1436608990738,0.17836803,10.0029745,2.223615
19724,1436608990754,0.18854338,10.040684,2.191293
19725,1436608990780,0.17896658,10.010158,2.2230163
19726,1436608990794,0.15801731,9.993398,2.1859062
19727,1436608990817,0.13946225,10.044274,2.1823149
19728,1436608990834,0.18076223,10.011953,2.2182279
19729,1436608990856,0.20051439,10.0508585,2.2176294
19730,1436608990876,0.2621651,10.028113,2.2158337
19731,1436608990896,0.30107087,9.994595,2.2469583
19732,1436608990916,0.35314476,9.986216,2.2637177
19733,1436608990936,0.3561375,10.008362,2.2278047
19734,1436608990956,0.35553896,10.01315,2.2098482
19735,1436608990977,0.3274071,10.056845,2.1990743
19736,1436608990997,0.23702596,10.065224,2.231396
19737,1436608991015,0.21068975,10.055647,2.2493525
19738,1436608991037,0.207697,9.9790325,2.2643163
19739,1436608991054,0.23343466,9.955689,2.2266076
19740,1436608991079,0.32561144,9.943718,2.219425
19741,1436608991095,0.42078096,9.968858,2.2062569
19742,1436608991118,0.4782418,9.978435,2.2481554
19743,1436608991139,0.44771573,10.014946,2.2744915
19744,1436608991160,0.41120413,10.041881,2.2732944
19745,1436608991176,0.4297592,9.986814,2.2840683
19746,1436608991194,0.4321534,9.997588,2.28347
19747,1436608991214,0.46387658,9.949105,2.2762873
19748,1436608991233,0.46088383,9.919776,2.2744915
19749,1436608991255,0.4973954,9.848549,2.2900538
19750,1436608991278,0.5835867,9.822811,2.309806
19751,1436608991323,0.58538234,9.84795,2.3127987
19752,1436608991324,0.59017074,9.9790325,2.2571337
19753,1436608991345,0.5542577,10.059837,2.2056582
19754,1436608991354,0.504578,10.061633,2.2337902
19755,1436608991377,0.44771573,10.027515,2.3104045
19756,1436608991396,0.4297592,10.052654,2.3175871
19757,1436608991416,0.3669114,10.131064,2.2319946
19758,1436608991436,0.29448682,10.125677,2.1499932
19759,1436608991455,0.21906945,10.049063,2.1440077
19760,1436608991475,0.16220717,10.002377,2.195483
19761,1436608991494,0.15682021,9.948506,2.2499511
19762,1436608991517,0.24001873,10.011354,2.2391772
19763,1436608991534,0.31663316,10.128671,2.2122424
19764,1436608991557,0.3298013,10.142437,2.1930888
19765,1436608991577,0.2873042,9.960478,2.3116016
19766,1436608991594,0.31543607,9.858126,2.3864205
19767,1436608991614,0.3854665,9.910199,2.3397336
19768,1436608991634,0.5255273,9.957485,2.2403743
19769,1436608991657,0.60573304,9.93893,2.2403743
19770,1436608991677,0.599149,9.902418,2.3349452
19771,1436608991697,0.5518635,9.88925,2.3648727
19772,1436608991718,0.57879823,9.941922,2.3211784
19773,1436608991734,0.65780693,9.987412,2.2643163
19774,1436608991757,0.7026982,10.005369,2.3187842
19775,1436608991778,0.705691,9.949704,2.3750482
19776,1436608991799,0.64942724,9.876082,2.3888147
19777,1436608991817,0.62249243,9.902418,2.304419
19778,1436608991835,0.63206923,9.88925,2.285864
19779,1436608991857,0.65780693,9.928156,2.2786815
19780,1436608991878,0.61770403,9.913192,2.2810757
19781,1436608991897,0.57879823,9.933543,2.295441
19782,1436608991918,0.57999533,9.96766,2.267309
19783,1436608991938,0.6715736,9.937733,2.2750902
19784,1436608991958,0.70509243,9.956886,2.296638
19785,1436608991976,0.7146692,9.950901,2.328361
19786,1436608991995,0.7062895,9.935937,2.304419
19787,1436608992102,0.688333,9.942521,2.3020248
19788,1436608992103,0.7164649,9.972448,2.3139958
19789,1436608992104,0.7529764,9.968259,2.3020248
19790,1436608992105,0.7374141,9.926959,2.309806
19791,1436608992106,0.7422025,9.946711,2.3062148
19792,1436608992119,0.6937199,9.960478,2.3050177
19793,1436608992140,0.6793547,9.928755,2.2661119
19794,1436608992155,0.700304,9.9233675,2.2882583
19795,1436608992185,0.7164649,9.920973,2.2972364
19796,1436608992195,0.7038953,9.901221,2.2996306
19797,1436608992216,0.694917,9.901221,2.296638
19798,1436608992240,0.6805518,9.931747,2.2577322
19799,1436608992256,0.6464345,9.97185,2.2882583
19800,1436608992278,0.62368953,9.950302,2.3050177
19801,1436608992295,0.60573304,9.933543,2.336741
19802,1436608993757,0.59615624,9.976639,2.332551
19803,1436608993758,0.5626374,9.958083,2.3157916
19804,1436608993759,0.54767364,9.941324,2.3469162
19805,1436608993760,0.55964464,9.923966,2.3469162
19806,1436608993761,0.5470751,9.9233675,2.36188
19807,1436608993762,0.5602432,9.957485,2.3475149
19808,1436608993763,0.55006784,9.925761,2.3391352
19809,1436608993764,0.51116204,9.980828,2.2942438
19810,1436608993765,0.45609543,9.968259,2.2780828
19811,1436608993766,0.4321534,10.015544,2.3038206
19812,1436608993767,0.4297592,10.0029745,2.328361
19813,1436608993768,0.41599256,9.962274,2.3708582
19814,1436608993769,0.4189853,9.961675,2.3427265
19815,1436608993770,0.4213795,9.993398,2.3259668
19816,1436608993771,0.4177882,10.019734,2.3247697
19817,1436608993772,0.4141969,10.007165,2.3570917
19818,1436608993773,0.36990416,9.998785,2.3906105
19819,1436608993774,0.34955344,9.986216,2.4037786
19820,1436608993775,0.30406362,9.950901,2.3774424
19821,1436608993776,0.2801216,9.908403,2.3642743
19822,1436608993777,0.27114335,9.913192,2.3546975
19823,1436608993778,0.3196259,9.912594,2.367267
19824,1436608993779,0.38845924,9.968858,2.3732524
19825,1436608993780,0.46327803,10.019135,2.381632
19826,1436608993781,0.4997896,10.032902,2.4103625
19827,1436608993782,0.50517654,10.0341,2.416348
19828,1436608993783,0.4890157,10.0664215,2.408567
19829,1436608993784,0.4938041,10.006566,2.4007857
19830,1436608993785,0.4854244,9.999982,2.3612814
19831,1436608993786,0.43155485,9.976639,2.3517046
19832,1436608993787,0.42317516,9.9790325,2.35769
19833,1436608993788,0.41120413,9.991602,2.3624785
19834,1436608993789,0.40342298,9.983223,2.3822308
19835,1436608993790,0.4177882,9.996989,2.3558946
19836,1436608993791,0.44831428,9.991004,2.3409307
19837,1436608993792,0.4866215,9.970653,2.3475149
19838,1436608993793,0.50038815,9.931149,2.379238
19839,1436608993794,0.5033809,9.958682,2.3660698
19840,1436608993795,0.50637364,9.979631,2.3116016
19841,1436608993796,0.5494693,9.956886,2.3361423
19842,1436608993797,0.60693014,9.943718,2.348712
19843,1436608993798,0.62488663,9.96766,2.3642743
19844,1436608993799,0.641646,9.952697,2.349909
19845,1436608993800,0.66738373,9.974843,2.3277626
19846,1436608993801,0.6793547,9.965266,2.3373394
19847,1436608993802,0.6452374,9.980229,2.3373394
19848,1436608993803,0.6027403,9.953894,2.333748
19849,1436608993804,0.55844754,9.97185,2.3223755
19850,1436608993805,0.53929394,9.981427,2.3092074
19851,1436608993806,0.52492875,10.007165,2.271499
19852,1436608993807,0.5189432,10.006566,2.3145945
19853,1436608993808,0.5009867,9.988011,2.315193
19854,1436608993809,0.504578,10.019135,2.3181858
19855,1436608993810,0.5267244,9.999982,2.308609
19856,1436608993811,0.56203884,10.014946,2.319383
19857,1436608993812,0.53091425,9.982025,2.3116016
19858,1436608993813,0.51954174,9.983223,2.3020248
19859,1436608993814,0.5021838,9.962872,2.3199813
19860,1436608993815,0.50517654,10.007763,2.285864
19861,1436608993816,0.5105635,10.022727,2.3116016
19862,1436608993817,0.5231331,10.012551,2.3481133
19863,1436608993818,0.5363012,10.005369,2.3594859
19864,1436608993819,0.52492875,10.006566,2.321777
19865,1436608993820,0.4830302,10.002377,2.3133974
19866,1436608993821,0.47465047,9.993398,2.3110032
19867,1436608993822,0.48362875,9.956287,2.3331497
19868,1436608993823,0.46387658,9.954493,2.3654714
19869,1436608993824,0.45549688,9.976639,2.3481133
19870,1436608993825,0.4441244,9.986814,2.3277626
19871,1436608993826,0.44532153,10.017939,2.332551
19872,1436608993827,0.43275195,10.023924,2.3403323
19873,1436608993828,0.4249708,10.000581,2.3110032
19874,1436608993829,0.4818331,9.988609,2.343325
19875,1436608993830,0.55126494,9.936536,2.369661
19876,1436608993831,0.5955577,9.879673,2.372654
19877,1436608993832,0.6314707,9.925761,2.3678656
19878,1436608993836,0.6278794,9.91798,2.3690627
19879,1436608993857,0.6159084,9.941922,2.3451207
19880,1436608993880,0.62129533,9.962274,2.373851
19881,1436608993900,0.6135142,9.900622,2.4013844
19882,1436608993920,0.58538234,9.886856,2.3852234
19883,1436608993938,0.55605334,9.919178,2.3241713
19884,1436608993957,0.54408234,9.951499,2.3104045
19885,1436608993980,0.5189432,10.019734,2.3397336
19886,1436608994000,0.46567222,9.996989,2.385822
19887,1436608994020,0.45729253,9.981427,2.3876176
19888,1436608994037,0.45429978,9.921572,2.3822308
19889,1436608994057,0.48243165,9.910798,2.328361
19890,1436608994077,0.5303157,9.827001,2.35769
19891,1436608994100,0.57999533,9.837775,2.385822
19892,1436608994117,0.61770403,9.852738,2.392406
19893,1436608994138,0.62967503,9.922171,2.3840263
19894,1436608994157,0.65182143,9.953295,2.393603
19895,1436608994178,0.641646,9.993997,2.391209
19896,1436608994199,0.6512229,9.974244,2.4145525
19897,1436608994220,0.61411273,9.8994255,2.4073699
19898,1436608994240,0.53570265,9.915586,2.3948002
19899,1436608994257,0.5398925,9.907207,2.408567
19900,1436608994277,0.48003745,9.865907,2.3953989
19901,1436608994298,0.4249708,9.964667,2.3989902
19902,1436608994317,0.39205053,9.945514,2.4037786
19903,1436608994336,0.40940848,9.908403,2.4253263
19904,1436608994368,0.43394905,9.903615,2.4133554
19905,1436608994382,0.43514615,9.937733,2.3995886
19906,1436608994398,0.44951138,9.960478,2.3864205
19907,1436608994417,0.4297592,10.0029745,2.3959973
19908,1436608994438,0.40521863,10.03769,2.3983915
19909,1436608994456,0.41359833,9.990405,2.4127567
19910,1436608994480,0.40162733,9.945514,2.3930047
19911,1436608994497,0.40282443,10.000581,2.3822308
19912,1436608994517,0.40402153,9.986216,2.3768437
19913,1436608994541,0.4369418,10.031107,2.40318
19914,1436608994560,0.48243165,10.034698,2.4450784
19915,1436608994577,0.45669398,9.982624,2.4432828
19916,1436608994597,0.3866636,9.965864,2.4349031
19917,1436608994620,0.3357868,9.965864,2.409764
19918,1436608994641,0.28550854,9.958083,2.4139538
19919,1436608994659,0.25797522,9.944916,2.4313118
19920,1436608994681,0.19752164,9.9550905,2.4558525
19921,1436608994701,0.16579847,9.962274,2.4744074
19922,1436608994721,0.19512744,9.980828,2.493561
19923,1436608994738,0.19812019,9.986216,2.4821887
19924,1436608994758,0.24121583,9.94312,2.4893713
19925,1436608994780,0.24899697,9.91798,2.4510639
19926,1436608994798,0.28790274,9.882068,2.4762032
19927,1436608994817,0.3286042,9.929353,2.456451
19928,1436608994838,0.3309984,9.982624,2.4253263
19929,1436608994860,0.3842694,9.950901,2.4486697
19930,1436608994880,0.40282443,9.91439,2.4588451
19931,1436608994900,0.39743748,9.887454,2.4582467
19932,1436608994917,0.40701428,9.885659,2.4187422
19933,1436608994938,0.41958386,9.87668,2.441487
19934,1436608994962,0.41718966,9.907805,2.4516625
19935,1436608994979,0.43035775,9.912594,2.4714148
19936,1436608994999,0.46327803,9.939528,2.4486697
19937,1436608995115,0.5255273,9.962274,2.4450784
19938,1436608995118,0.5674258,9.953894,2.457648
19939,1436608995119,0.6015432,9.903615,2.4570496
19940,1436608995120,0.5859809,9.894038,2.4331074
19941,1436608995121,0.5805939,9.865907,2.3894134
19942,1436608995122,0.6075287,9.886257,2.393603
19943,1436608995138,0.5895722,9.867104,2.4223335
19944,1436608995158,0.58298814,9.910798,2.4307132
19945,1436608995177,0.5793968,9.926959,2.4654293
19946,1436608995202,0.6500258,9.84795,2.429516
19947,1436608995219,0.7038953,9.880272,2.3630772
19948,1436608995239,0.7613561,9.921572,2.3289597
19949,1436608995259,0.81343,9.952697,2.349909
19950,1436608995279,0.76434886,9.946711,2.4199393
19951,1436608995299,0.65900403,9.965864,2.472612
19952,1436608995321,0.55006784,9.958083,2.3942018
19953,1436608995340,0.49799395,9.926959,2.3253684
19954,1436608995361,0.49919105,9.972448,2.2864625
19955,1436608995381,0.4830302,9.970055,2.3475149
19956,1436608995401,0.47465047,9.990405,2.3744495
19957,1436608995421,0.48722005,10.061633,2.4121583
19958,1436608995440,0.4938041,10.073604,2.3666685
19959,1436608995460,0.4902128,10.115502,2.3570917
19960,1436608995481,0.50397944,10.063428,2.3660698
19961,1436608995500,0.44951138,10.038888,2.3612814
19962,1436608995521,0.36272156,10.005967,2.3259668
19963,1436608995541,0.2825158,9.945514,2.327164
19964,1436608995560,0.2621651,9.964069,2.3289597
19965,1436608995581,0.2741361,9.97604,2.3469162
19966,1436608995601,0.24660277,9.948506,2.333748
19967,1436608995619,0.27353755,9.950302,2.3463178
19968,1436608995640,0.3369839,9.991602,2.3409307
19969,1436608995660,0.37229836,9.946113,2.295441
19970,1436608995679,0.3705027,9.871892,2.297835
19971,1436608995698,0.3573346,9.841366,2.3026235
19972,1436608995718,0.33997664,9.846753,2.3038206
19973,1436608995738,0.29987377,9.816826,2.2942438
19974,1436608995761,0.28191724,9.873688,2.3080103
19975,1436608995832,0.32321724,9.844358,2.285864
19976,1436608995833,0.40222588,9.872491,2.244564
19977,1436608995834,0.48482585,9.874287,2.2619221
19978,1436608995842,0.5327099,9.89763,2.292448
19979,1436608995868,0.53929394,10.000581,2.333748
19980,1436608995880,0.52732295,10.107721,2.3744495
19981,1436608995901,0.42317516,10.165182,2.4061728
19982,1436608995920,0.25318682,10.147225,2.392406
19983,1436608995939,0.10354923,10.080188,2.3624785
19984,1436608995961,0.032920275,10.027515,2.3546975
19985,1436608995979,-0.020949265,9.97604,2.327164
19986,1436608996000,-0.044891283,9.962274,2.2996306
19987,1436608996020,-0.061052144,9.948506,2.2870612
19988,1436608996039,-0.08798691,9.941922,2.3235726
19989,1436608996060,-0.073621705,9.986216,2.3768437
19990,1436608996079,-0.08319851,10.0664215,2.3714569
19991,1436608996100,-0.055066638,10.019135,2.3995886
19992,1436608996120,0.04249708,9.939528,2.441487
19993,1436608996142,0.12629414,9.927557,2.393603
19994,1436608996162,0.18315643,9.922769,2.380435
19995,1436608996179,0.20171149,9.962872,2.4181437
19996,1436608996201,0.17178397,10.041282,2.4133554
19997,1436608996218,0.11671733,10.023325,2.4109612
19998,1436608996240,0.10354923,10.007165,2.4235306
19999,1436608996261,0.108936176,9.924564,2.420538
20000,1436608996281,0.107140526,9.917382,2.372654
20001,1436608996300,0.18435353,9.883863,2.3636756
20002,1436608996320,0.29927522,9.880272,2.3756466
20003,1436608996342,0.33518824,9.879075,2.3762453
20004,1436608996362,0.35075054,9.91798,2.3331497
20005,1436608996589,0.3441665,10.067019,2.3116016
20006,1436608996590,0.3238158,10.14543,2.3385365
20007,1436608996591,0.2645593,10.172364,2.3463178
20008,1436608996592,0.21906945,10.189124,2.3876176
20009,1436608996593,0.14604631,10.1460285,2.3654714
20010,1436608996594,0.029927522,10.139444,2.2936451
20011,1436608996595,-0.05805939,10.14543,2.2655134
20012,1436608996596,-0.051475335,10.079589,2.3080103
20013,1436608996597,-0.05746084,10.107122,2.3612814
20014,1436608996598,0.015562311,10.053851,2.4396915
20015,1436608996599,0.046088383,10.042479,2.4510639
20016,1436608996725,0.1340753,10.01315,2.4378958
20017,1436608996726,0.16280572,9.9790325,2.4642322
20018,1436608996727,0.21068975,9.916184,2.468422
20019,1436608996728,0.2765303,9.803658,2.4947581
20020,1436608996729,0.3196259,9.701305,2.4654293
20021,1436608996730,0.39324763,9.718064,2.432509
20022,1436608996731,0.46327803,9.671976,2.4331074
20023,1436608996742,0.51954174,9.736021,2.4947581
20024,1436608996763,0.545878,9.841366,2.533664
20025,1436608996780,0.4842273,10.050261,2.52289
20026,1436608996799,0.33399114,10.016742,2.5192988
20027,1436608996819,0.21547815,9.974244,2.4959552
20028,1436608996838,0.17477672,9.922769,2.5061307
20029,1436608996858,0.23104046,9.940725,2.493561
20030,1436608996886,0.32561144,9.947908,2.48578
20031,1436608996915,0.46327803,9.916783,2.4785974
20032,1436608996918,0.516549,9.880272,2.52289
20033,1436608996939,0.4914099,9.865907,2.541445
20034,1436608996958,0.45789108,9.916184,2.505532
20035,1436608996979,0.4141969,9.975441,2.457648
20036,1436608996998,0.37229836,9.910199,2.4768016
20037,1436608997018,0.39145198,9.849147,2.4863784
20038,1436608997038,0.4261679,9.821015,2.5157075
20039,1436608997058,0.50278234,9.841366,2.469619
20040,1436608997078,0.58418524,9.929353,2.4612393
20041,1436608997098,0.62608373,9.991602,2.469619
20042,1436608997118,0.6512229,9.978435,2.5360582
20043,1436608997138,0.66379243,9.961076,2.553416
20044,1436608997158,0.66020113,9.97185,2.5540147
20045,1436608997178,0.58777654,9.931747,2.553416
20046,1436608997198,0.50637364,9.928156,2.4875755
20047,1436608997218,0.46567222,9.942521,2.463035
20048,1436608997248,0.47465047,9.900024,2.516306
20049,1436608997271,0.4985925,9.910798,2.534861
20050,1436608997287,0.48482585,9.9473095,2.5139117
20051,1436608997307,0.41958386,9.990405,2.484583
20052,1436608997319,0.3890578,9.980229,2.4774003
20053,1436608997341,0.40701428,9.953295,2.4893713
20054,1436608997362,0.42317516,9.983821,2.5396495
20055,1436608997379,0.47225627,9.940725,2.565387
20056,1436608997400,0.47345337,9.864111,2.5635915
20057,1436608997423,0.4818331,9.856929,2.5611973
20058,1436608997439,0.44951138,9.770737,2.5486276
20059,1436608997460,0.43394905,9.718663,2.5743654
20060,1436608997479,0.45429978,9.659407,2.6030958
20061,1436608997501,0.44232875,9.595362,2.634819
20062,1436608997520,0.45609543,9.507974,2.6809072
20063,1436608997539,0.45968673,9.4696665,2.6970682
20064,1436608997560,0.46267948,9.546879,2.735974
20065,1436608997580,0.43155485,9.665392,2.7377696
20066,1436608997601,0.3441665,9.788693,2.7461493
20067,1436608997621,0.26994625,9.8437605,2.7575219
20068,1436608997640,0.2621651,9.877279,2.7886465
20069,1436608997660,0.25737667,9.900622,2.8060043
20070,1436608997682,0.24181437,9.925761,2.7802668
20071,1436608997702,0.19572599,9.988011,2.7156234
20072,1436608997722,0.094570965,10.048465,2.6767175
20073,1436608997741,-0.025737667,9.993997,2.6527755
20074,1436608997762,-0.076614454,10.012551,2.570774
20075,1436608997782,-0.11133038,9.9473095,2.5971103
20076,1436608997803,-0.1921347,9.912594,2.5300727
20077,1436608997823,-0.26635495,9.960478,2.4756045
20078,1436608997842,-0.31783026,9.94312,2.44029
20079,1436608997861,-0.30047232,9.904214,2.396596
20080,1436608997889,-0.24779987,9.974244,2.3588872
20081,1436608997945,-0.20470424,10.022128,2.367267
20082,1436608997946,-0.08020575,10.191518,2.3630772
20083,1436608997947,-0.009576807,10.179547,2.392406
20084,1436608997964,-0.015562311,10.163984,2.4025815
20085,1436608997981,0.019752163,10.109517,2.3930047
20086,1436608998002,0.08379706,10.014946,2.3852234
20087,1436608998023,0.08439561,10.060435,2.3295584
20088,1436608998040,0.045489833,10.302849,2.2337902
20089,1436608998061,0.0077811554,10.325593,2.2451627
20090,1436608998085,0.040102877,10.214862,2.4253263
20091,1436608998100,0.013766659,10.110115,2.4851813
20092,1436608998121,0.0005985504,10.169372,2.4193408
20093,1436608998140,0.061052144,10.201694,2.2750902
20094,1436608998163,0.12808979,10.253767,2.248754
20095,1436608998183,0.17896658,10.427945,2.2056582
20096,1436608998202,0.19572599,10.508151,2.1918917
20097,1436608998223,0.25378537,10.563218,2.1649568
20098,1436608998243,0.36152446,10.627263,2.2098482
20099,1436608998263,0.3854665,10.607511,2.2409728
20100,1436608998283,0.30047232,10.509348,2.348712
20101,1436608998303,0.15322891,10.5285015,2.3864205
20102,1436608998323,-0.018555064,10.541072,2.417545
20103,1436608998344,-0.17357962,10.511743,2.4073699
20104,1436608998363,-0.2813187,10.538677,2.496554
20105,1436608998384,-0.28491,10.633847,2.40318
20106,1436608998404,-0.02813187,10.438121,2.4540567
20107,1436608998424,0.56982,10.191518,2.705448
20108,1436608998444,1.0456676,10.129269,2.947861
20109,1436608998463,1.3162124,10.09156,3.1669302
20110,1436608998483,1.3126211,9.853337,3.2333694
20111,1436608998504,1.163582,9.557653,3.2363622
20112,1436608998524,0.9995792,9.301474,3.2076318
20113,1436608998544,0.84096336,9.115324,3.1794999
20114,1436608998564,0.7733272,8.930372,3.1896753
20115,1436608998584,0.8295909,8.690353,3.2495303
20116,1436608998602,0.9684546,8.497022,3.2920272
20117,1436608998630,1.1498153,8.420407,3.3512838
20118,1436608998684,1.258153,8.416816,3.4165258
20119,1436608998685,1.4053963,8.486847,3.570952
20120,1436608998686,1.5251064,8.549694,3.7433343
20121,1436608998705,1.6106992,8.618527,3.8971617
20122,1436608998723,1.7585411,8.693346,3.9977183
20123,1436608998748,1.8285716,8.8088665,4.0563765
20124,1436608998761,1.8148049,8.890868,4.0779243
20125,1436608998782,1.7681179,8.895058,4.0186677
20126,1436608998801,1.714847,8.963891,3.9163153
20127,1436608998821,1.685518,8.947132,3.8498764
20128,1436608998841,1.7262194,8.939949,3.7553053
20129,1436608998863,1.8237832,8.908226,3.6421793
20130,1436608998881,1.9015948,8.895657,3.5775359
20131,1436608998901,1.9548657,9.018359,3.5296519
20132,1436608998922,2.0398598,9.057265,3.5769374
20133,1436608998944,2.0536265,9.009979,3.5553896
20134,1436608998964,1.977012,9.071032,3.4955344
20135,1436608998981,1.8836381,9.165603,3.4290953
20136,1436608999003,1.7411832,9.303269,3.4075475
20137,1436608999023,1.5831659,9.412206,3.3357215
20138,1436608999044,1.3970166,9.46009,3.2076318
20139,1436608999063,1.2246342,9.534309,3.0813377
20140,1436608999084,1.0941502,9.578004,3.0430303
20141,1436608999103,0.91697925,9.6923275,3.0214825
20142,1436608999124,1.0522517,9.63726,3.0472202
20143,1436608999143,1.0977415,9.644443,3.0370448
20144,1436608999163,1.1988965,9.615114,3.1124623
20145,1436608999183,1.246182,9.723452,2.995745
20146,1436608999204,1.1641805,9.932944,2.8862102
20147,1436608999224,1.0408791,10.192716,2.7659016
20148,1436608999242,0.9175778,10.427945,2.6354175
20149,1436608999265,0.9068039,10.3214035,2.6970682
20150,1436608999285,0.8798691,10.104729,2.7635074
20151,1436608999306,0.878672,9.977237,2.782661
20152,1436608999326,0.92535895,9.96347,2.7042508
20153,1436608999345,0.8750807,9.960478,2.6599581
20154,1436608999365,0.88166475,9.94312,2.6318262
20155,1436608999416,0.94810385,9.918579,2.6300306
20156,1436608999417,1.0767922,9.886257,2.5264814
20157,1436608999423,1.1767502,9.912594,2.409764
20158,1436608999451,1.2599486,10.0029745,2.3894134
20159,1436608999462,1.3090298,10.111312,2.4013844
20160,1436608999492,1.2779051,10.233417,2.4349031
20161,1436608999502,1.1306617,10.286089,2.457648
20162,1436608999523,1.0498575,10.326192,2.4355016
20163,1436608999546,1.0342951,10.220248,2.4672248
20164,1436608999562,1.027711,10.2417965,2.4121583
20165,1436608999583,1.0169371,10.277709,2.3666685
20166,1436608999602,1.0642227,10.444106,2.2056582
20167,1436608999625,1.2024878,10.4883995,2.1164744
20168,1436608999642,1.2677298,10.379463,2.191293
20169,1436608999665,1.163582,10.371083,2.28347
20170,1436608999685,0.9498995,10.229227,2.296638
20171,1436608999705,0.7978677,10.037092,2.204461
20172,1436608999725,0.6997054,10.010756,2.0931308
20173,1436608999745,0.6362591,10.012551,2.0721815
20174,1436608999765,0.56802434,10.052056,2.146402
20175,1436608999784,0.44113165,10.168175,2.207454
20176,1436608999804,0.35913026,10.332776,2.2427685
20177,1436608999824,0.34955344,10.332776,2.2511482
20178,1436608999843,0.46986207,10.268132,2.2002714
20179,1436608999865,0.6847417,10.140641,2.1511903
20180,1436608999885,0.93014735,10.038888,2.110489
20181,1436608999905,1.2024878,9.942521,2.112883
20182,1436608999925,1.4808137,9.889849,2.0871453
20183,1436608999944,1.7238252,9.820416,2.1404164
20184,1436608999965,1.8674773,9.785102,2.1679497
20185,1436608999986,1.9668367,9.7240505,2.178125
20186,1436609000005,2.0350714,9.689933,2.1152773
20187,1436609000035,2.0829554,9.676167,2.071583
20188,1436609000044,2.111686,9.658808,2.0757728
20189,1436609000063,2.1170728,9.707291,2.0769699
20190,1436609000143,2.134431,9.674371,2.1051018
20191,1436609000144,2.1877017,9.65821,2.15957
20192,1436609000145,2.2038627,9.698313,2.204461
20193,1436609000146,2.2038627,9.698313,2.2709002
20194,1436609000163,2.1493945,9.691729,2.2577322
20195,1436609000182,2.0751743,9.649231,2.2457612
20196,1436609000203,2.006341,9.693524,2.2559366
20197,1436609000223,1.8962077,9.702502,2.273893
20198,1436609000242,1.7729063,9.655815,2.3068132
20199,1436609000266,1.6621746,9.652225,2.31639
20200,1436609000282,1.5819688,9.700109,2.308609
20201,1436609000303,1.5011644,9.705495,2.309806
20202,1436609000324,1.489792,9.700109,2.315193
20203,1436609000344,1.4933833,9.679159,2.3265655
20204,1436609000363,1.5179238,9.715072,2.3223755
20205,1436609000386,1.513734,9.7479925,2.2457612
20206,1436609000406,1.489792,9.778519,2.2415714
20207,1436609000424,1.4431051,9.80665,2.273893
20208,1436609000445,1.3557167,9.783307,2.291251
20209,1436609000465,1.2246342,9.784504,2.2864625
20210,1436609000485,1.0642227,9.824008,2.3068132
20211,1436609000505,0.9684546,9.810242,2.307412
20212,1436609000526,0.88645315,9.895236,2.2906525
20213,1436609000546,0.80205756,9.982025,2.2882583
20214,1436609000563,0.6769605,10.027515,2.3139958
20215,1436609000586,0.54049104,10.023924,2.32058
20216,1436609000604,0.40641573,10.069414,2.2840683
20217,1436609000625,0.40162733,10.068815,2.2481554
20218,1436609000644,0.42317516,10.067618,2.2960393
20219,1436609000665,0.45310268,10.090961,2.3277626
20220,1436609000686,0.5177461,10.071808,2.3582888
20221,1436609000705,0.53929394,10.090961,2.3397336
20222,1436609000726,0.54168814,10.084377,2.3403323
20223,1436609000748,0.54049104,10.065823,2.3247697
20224,1436609000784,0.52612585,10.084377,2.2864625
20225,1436609000785,0.53450555,10.094553,2.2996306
20226,1436609000887,0.55605334,10.084377,2.3127987
20227,1436609000888,0.5291186,10.046669,2.343325
20228,1436609000889,0.4973954,10.0341,2.3888147
20229,1436609000890,0.43155485,10.032304,2.3720553
20230,1436609000891,0.41359833,9.908403,2.3894134
20231,1436609000911,0.44651863,9.854534,2.348712
20232,1436609000923,0.46387658,9.821614,2.3535004
20233,1436609000943,0.5255273,9.821015,2.3930047
20234,1436609000963,0.5177461,9.892841,2.3493104
20235,1436609000983,0.52133745,9.96347,2.3624785
20236,1436609001003,0.48602295,9.991602,2.3942018
20237,1436609001031,0.46866497,10.013748,2.4181437
20238,1436609001043,0.40761283,10.019734,2.3918076
20239,1436609001063,0.31364042,10.040085,2.368464
20240,1436609001084,0.30825347,10.05445,2.32058
20241,1436609001103,0.3274071,10.090961,2.3570917
20242,1436609001123,0.39324763,10.111312,2.2930467
20243,1436609001143,0.4285621,10.070611,2.28347
20244,1436609001163,0.5129577,9.993997,2.336741
20245,1436609001191,0.57041854,9.986216,2.3211784
20246,1436609001203,0.6344634,9.9790325,2.2744915
20247,1436609001223,0.6727707,9.94312,2.243367
20248,1436609001243,0.670975,9.953894,2.2284033
20249,1436609001263,0.7026982,9.9712515,2.219425
20250,1436609001287,0.7433996,9.990405,2.2625206
20251,1436609001303,0.75596917,10.007763,2.2762873
20252,1436609001326,0.78290397,9.996989,2.2918496
20253,1436609001343,0.7697359,10.010756,2.3008277
20254,1436609001367,0.7350199,10.027515,2.2768857
20255,1436609001387,0.7015011,9.982025,2.2439656
20256,1436609001408,0.6769605,9.933543,2.2284033
20257,1436609001426,0.7104794,9.889849,2.220622
20258,1436609001446,0.7422025,9.909601,2.1918917
20259,1436609001463,0.7930793,9.944916,2.2463598
20260,1436609001484,0.84694886,9.928755,2.309806
20261,1436609001506,0.8463503,10.096349,2.2990322
20262,1436609001523,0.7685388,10.1065235,2.3714569
20263,1436609001543,0.6919243,10.078991,2.3343468
20264,1436609001564,0.6853402,10.068216,2.344522
20265,1436609001583,0.65900403,10.02572,2.3588872
20266,1436609001603,0.670975,9.981427,2.2942438
20267,1436609001623,0.7386112,9.981427,2.2182279
20268,1436609001645,0.78410107,9.980828,2.178125
20269,1436609001663,0.7882909,9.96766,2.2385786
20270,1436609001688,0.75357497,9.945514,2.2942438
20271,1436609001708,0.6997054,9.911396,2.3475149
20272,1436609001727,0.6123171,9.924564,2.3828292
20273,1436609001747,0.5614403,9.956287,2.3253684
20274,1436609001768,0.4830302,10.049662,2.3014264
20275,1436609001788,0.43993455,10.080787,2.3331497
20276,1436609001808,0.41000703,10.049063,2.3714569
20277,1436609001829,0.39803603,10.068216,2.348712
20278,1436609001846,0.3842694,9.956287,2.3451207
20279,1436609001868,0.37948096,9.883863,2.2906525
20280,1436609001885,0.34715924,9.868899,2.2319946
20281,1436609001907,0.32621,9.861717,2.1823149
20282,1436609001927,0.35194764,9.900622,2.195483
20283,1436609001947,0.44532153,9.91798,2.2613235
20284,1436609001966,0.45549688,9.944317,2.3702598
20285,1436609001987,0.40521863,10.057443,2.3971944
20286,1436609002008,0.2789245,10.053253,2.3732524
20287,1436609002032,0.2136825,10.043676,2.3624785
20288,1436609002046,0.1945289,9.980229,2.3995886
20289,1436609002066,0.2088941,9.932944,2.381632
20290,1436609002095,0.23044191,9.978435,2.3900118
20291,1436609002108,0.20829555,9.949704,2.2697031
20292,1436609002125,0.16160862,9.830592,2.2930467
20293,1436609002146,0.17238252,9.768343,2.3247697
20294,1436609002213,0.16220717,9.787497,2.3517046
20295,1436609002214,0.13347675,9.857527,2.3822308
20296,1436609002215,0.107739076,9.8515415,2.3852234
20297,1436609002225,0.18076223,9.891046,2.355296
20298,1436609002250,0.32441434,9.935339,2.360683
20299,1436609002266,0.41479546,9.935339,2.4169466
20300,1436609002286,0.5758055,9.921572,2.4378958
20301,1436609002307,0.61530983,9.936536,2.4259248
20302,1436609002326,0.53689975,9.941922,2.408567
20303,1436609002347,0.39863458,10.044873,2.380435
20304,1436609002366,0.2873042,10.073604,2.409764
20305,1436609002386,0.21906945,10.044873,2.4462755
20306,1436609002405,0.14305355,10.030508,2.4313118
20307,1436609002428,0.05865794,10.006566,2.4319103
20308,1436609002448,0.02813187,9.965864,2.4025815
20309,1436609002468,0.04369418,9.980828,2.3427265
20310,1436609002488,0.08559271,9.9790325,2.3331497
20311,1436609002508,0.14305355,9.920973,2.3648727
20312,1436609002528,0.18076223,9.910199,2.3630772
20313,1436609002548,0.24540567,9.917382,2.3594859
20314,1436609002568,0.3309984,9.975441,2.3355439
20315,1436609002589,0.39863458,10.047866,2.3056161
20316,1436609002606,0.44232875,10.035895,2.3517046
20317,1436609002629,0.47225627,9.96766,2.4259248
20318,1436609002657,0.43275195,9.922171,2.4259248
20319,1436609002665,0.35913026,9.940127,2.3104045
20320,1436609002687,0.30705637,9.93474,2.1984756
20321,1436609002708,0.29747957,10.063428,2.1260512
20322,1436609002729,0.26994625,10.298658,2.1098902
20323,1436609002751,0.15023616,10.131663,2.2266076
20324,1436609002768,0.12569559,9.988609,2.3708582
20325,1436609002788,0.22505496,9.964069,2.405574
20326,1436609002806,0.25258827,9.959281,2.333748
20327,1436609002827,0.2825158,9.9550905,2.2822728
20328,1436609002846,0.29867667,9.973047,2.2158337
20329,1436609002865,0.30585927,9.978435,2.2613235
20330,1436609002922,0.34476504,9.968259,2.309806
20331,1436609002935,0.41599256,9.979631,2.3056161
20332,1436609002936,0.55126494,9.981427,2.3181858
20333,1436609002945,0.6895301,10.00477,2.3331497
20334,1436609002966,0.741604,9.9712515,2.3343468
20335,1436609002986,0.76554596,9.967062,2.3235726
20336,1436609003006,0.79367787,9.952098,2.291251
20337,1436609003036,0.78410107,9.919776,2.2876596
20338,1436609003048,0.7781156,9.900024,2.2906525
20339,1436609003071,0.7661445,9.925761,2.271499
20340,1436609003087,0.7182605,9.988609,2.2667105
20341,1436609003112,0.6805518,9.991004,2.273893
20342,1436609003126,0.7206547,9.962872,2.2373815
20343,1436609003149,0.7703344,9.956886,2.2427685
20344,1436609003168,0.8714894,9.909002,2.2409728
20345,1436609003187,1.0247183,9.871294,2.2583308
20346,1436609003209,1.1234791,9.85633,2.2427685
20347,1436609003230,1.2204443,9.900622,2.190096
20348,1436609003249,1.2695254,9.863512,2.202067
20349,1436609003269,1.328782,9.873688,2.2403743
20350,1436609003289,1.3551182,9.874885,2.2517467
20351,1436609003309,1.323395,9.883265,2.248754
20352,1436609003329,1.283292,9.866506,2.2140381
20353,1436609003346,1.2749124,9.850345,2.2337902
20354,1436609003369,1.2587515,9.8683,2.255338
20355,1436609003389,1.22224,9.919178,2.2613235
20356,1436609003409,1.1905168,9.932345,2.2319946
20357,1436609003428,1.1761516,9.986814,2.2098482
20358,1436609003449,1.1767502,9.950302,2.2415714
20359,1436609003468,1.1378443,9.96347,2.2637177
20360,1436609003489,1.1372458,9.933543,2.260725
20361,1436609003509,1.1121067,9.910798,2.2667105
20362,1436609003529,1.0911574,9.900024,2.2541409
20363,1436609003547,1.0965444,9.890448,2.2140381
20364,1436609003568,1.115698,9.8916445,2.2379801
20365,1436609003588,1.1312603,9.914988,2.2391772
20366,1436609003606,1.1258733,9.910199,2.2541409
20367,1436609003670,1.1121067,9.894038,2.2732944
20368,1436609003671,1.0785879,9.939528,2.2541409
20369,1436609003672,1.0480618,9.943718,2.2511482
20370,1436609003692,1.0486604,9.920973,2.2655134
20371,1436609003706,1.0378864,9.922171,2.2559366
20372,1436609003728,0.99060094,9.932944,2.2750902
20373,1436609003746,0.91219085,9.933543,2.2541409
20374,1436609003766,0.89603,9.940725,2.235586
20375,1436609003789,0.86969376,9.959281,2.2092497
20376,1436609003807,0.8379706,9.977836,2.2451627
20377,1436609003827,0.81402856,9.970653,2.260725
20378,1436609003846,0.7823054,9.975441,2.2481554
20379,1436609003869,0.7882909,9.953894,2.232593
20380,1436609003886,0.81043726,9.999383,2.2397757
20381,1436609003908,0.8158242,10.011953,2.2182279
20382,1436609003929,0.82480246,10.019135,2.2272062
20383,1436609003949,0.83258367,9.994595,2.2361844
20384,1436609003969,0.82240826,10.006566,2.223615
20385,1436609003989,0.8098387,9.990405,2.203264
20386,1436609004008,0.770933,9.985617,2.2002714
20387,1436609004028,0.7308301,9.989208,2.2026656
20388,1436609004046,0.70509243,10.01734,2.212841
20389,1436609004071,0.6512229,10.022128,2.236783
20390,1436609004087,0.6171055,10.083779,2.202067
20391,1436609004109,0.5770026,10.073005,2.2200236
20392,1436609004126,0.5781997,10.059837,2.2451627
20393,1436609004146,0.5363012,10.060435,2.2571337
20394,1436609004166,0.49081135,10.043077,2.2068555
20395,1436609004188,0.50996494,10.049063,2.167351
20396,1436609004212,0.56203884,9.998785,2.1918917
20397,1436609004233,0.6362591,9.993997,2.2062569
20398,1436609004250,0.6967127,10.005967,2.1877017
20399,1436609004266,0.75357497,10.032304,2.183512
20400,1436609004287,0.7721301,10.01734,2.166154
20401,1436609004307,0.7882909,10.056246,2.1709423
20402,1436609004326,0.78888947,10.029311,2.1936872
20403,1436609004347,0.7661445,10.015544,2.2421699
20404,1436609004438,0.7380127,10.01315,2.2230163
20405,1436609004439,0.7146692,9.996989,2.172738
20406,1436609004440,0.6799533,9.991004,2.1511903
20407,1436609004441,0.664391,9.986216,2.172738
20408,1436609004469,0.6512229,9.985018,2.1787236
20409,1436609004470,0.6440403,9.965864,2.1948843
20410,1436609004489,0.6422446,9.980828,2.184709
20411,1436609004507,0.6536171,9.967062,2.2026656
20412,1436609004527,0.6823475,9.964069,2.184709
20413,1436609004554,0.7026982,9.968858,2.1655555
20414,1436609004578,0.7200562,10.007165,2.1631613
20415,1436609004587,0.724246,10.012551,2.1745336
20416,1436609004608,0.7026982,9.991602,2.1709423
20417,1436609004627,0.6733692,9.955689,2.19249
20418,1436609004647,0.64823014,9.926959,2.2110453
20419,1436609004667,0.61650693,9.911995,2.1865046
20420,1436609004687,0.6147113,9.950901,2.1691468
20421,1436609004707,0.6380547,9.953295,2.2050598
20422,1436609004727,0.6332663,9.992201,2.2415714
20423,1436609004747,0.60932434,10.017939,2.2439656
20424,1436609004767,0.61530983,9.990405,2.2397757
20425,1436609004787,0.6440403,9.983223,2.271499
20426,1436609004811,0.62488663,10.01734,2.2625206
20427,1436609004829,0.57041854,10.004171,2.2260091
20428,1436609004846,0.55725044,9.987412,2.2146366
20429,1436609004866,0.60932434,9.991602,2.2098482
20430,1436609004886,0.6775591,9.974843,2.235586
20431,1436609004907,0.7188591,9.954493,2.2427685
20432,1436609004929,0.7374141,9.961076,2.247557
20433,1436609004950,0.7493851,9.988011,2.2385786
20434,1436609004970,0.75477207,9.983821,2.2290018
20435,1436609004990,0.7374141,9.969456,2.2523453
20436,1436609005007,0.6871359,9.941922,2.2493525
20437,1436609005027,0.6859388,9.915586,2.2284033
20438,1436609005047,0.6937199,9.9473095,2.212841
20439,1436609005067,0.7278373,10.007165,2.247557
20440,1436609005088,0.75716627,9.989806,2.2828712
20441,1436609005117,0.7457938,10.008362,2.2667105
20442,1436609005132,0.770933,10.000581,2.2667105
20443,1436609005146,0.74878657,10.004171,2.243367
20444,1436609005169,0.7428011,9.977237,2.2307975
20445,1436609005189,0.74998367,9.962872,2.2529438
20446,1436609005207,0.74878657,9.938332,2.2601264
20447,1436609005227,0.76195467,9.940725,2.2547395
20448,1436609005250,0.7823054,9.948506,2.2613235
20449,1436609005271,0.80205756,9.959281,2.2703018
20450,1436609005291,0.7978677,9.96766,2.284667
20451,1436609005308,0.7918822,9.956886,2.267309
20452,1436609005327,0.80325466,9.93474,2.2756886
20453,1436609005351,0.84455466,9.93474,2.2655134
20454,1436609005371,0.87208796,9.933543,2.2732944
20455,1436609005391,0.87807345,9.921572,2.2942438
20456,1436609005411,0.86610246,9.93474,2.3116016
20457,1436609005430,0.89303726,9.945514,2.2870612
20458,1436609005447,0.9175778,9.958083,2.2996306
20459,1436609005469,0.92535895,9.913192,2.3307555
20460,1436609005491,0.89662856,9.910798,2.3175871
20461,1436609005511,0.87208796,9.928755,2.2990322
20462,1436609005529,0.84814596,9.882666,2.2667105
20463,1436609005550,0.878672,9.909002,2.2798786
20464,1436609005571,0.89782566,9.909601,2.3014264
20465,1436609005591,0.9331401,9.935937,2.291251
20466,1436609005610,0.94211835,9.935937,2.31639
20467,1436609005629,0.9463082,9.954493,2.3247697
20468,1436609005650,0.92655605,9.954493,2.3259668
20469,1436609005670,0.8846575,9.94312,2.3133974
20470,1436609005688,0.85413146,9.964667,2.2906525
20471,1436609005708,0.83378077,9.93893,2.3139958
20472,1436609005728,0.85772276,9.932944,2.3038206
20473,1436609005761,0.8499416,9.973646,2.296638
20474,1436609005767,0.84814596,9.958083,2.296638
20475,1436609005789,0.8750807,9.950302,2.3092074
20476,1436609005808,0.86849666,9.94312,2.3080103
20477,1436609005834,0.8846575,9.9550905,2.2960393
20478,1436609005849,0.85652566,9.946711,2.3122003
20479,1436609005871,0.8403648,9.959879,2.2984335
20480,1436609005889,0.86849666,9.959879,2.2864625
20481,1436609005912,0.90261406,9.956287,2.2990322
20482,1436609005929,0.8726865,9.9550905,2.3104045
20483,1436609005951,0.85413146,9.953295,2.309806
20484,1436609005970,0.8499416,9.946711,2.307412
20485,1436609005990,0.8283938,9.94312,2.3301568
20486,1436609006010,0.84096336,9.970653,2.2828712
20487,1436609006030,0.8535329,9.956287,2.2882583
20488,1436609006048,0.8415619,9.9550905,2.308609
20489,1436609006075,0.83617496,9.932345,2.3181858
20490,1436609006091,0.83856916,9.957485,2.2876596
20491,1436609006110,0.81642276,9.972448,2.2990322
20492,1436609006130,0.83497787,9.973047,2.3014264
20493,1436609006151,0.83856916,9.954493,2.2996306
20494,1436609006171,0.82480246,9.962274,2.309806
20495,1436609006188,0.8002619,9.9951935,2.2948422
20496,1436609006209,0.7745243,9.947908,2.292448
20497,1436609006230,0.7846996,9.937134,2.3014264
20498,1436609006249,0.81881696,9.919776,2.3002293
20499,1436609006272,0.8631097,9.932345,2.2828712
20500,1436609006292,0.8738836,9.938332,2.2894554
20501,1436609006312,0.86849666,9.974843,2.273893
20502,1436609006330,0.83737206,9.974843,2.2972364
20503,1436609006349,0.81761986,9.98442,2.31639
20504,1436609006369,0.789488,9.991004,2.3014264
20505,1436609006390,0.78769237,9.956287,2.3002293
20506,1436609006409,0.82480246,9.946711,2.2984335
20507,1436609006473,0.8146271,9.926959,2.2822728
20508,1436609006474,0.8050503,9.924564,2.309806
20509,1436609006475,0.79726917,9.931747,2.2852654
20510,1436609006495,0.80684596,9.985617,2.2583308
20511,1436609006509,0.82599956,9.970653,2.2780828
20512,1436609006531,0.83018947,9.986216,2.2852654
20513,1436609006548,0.8499416,9.972448,2.307412
20514,1436609006569,0.84335756,9.931149,2.295441
20515,1436609006590,0.830788,9.931149,2.259528
20516,1436609006611,0.82599956,9.952098,2.235586
20517,1436609006629,0.8283938,9.962872,2.236783
20518,1436609006651,0.8170213,9.973047,2.2774844
20519,1436609006672,0.80325466,9.985018,2.2810757
20520,1436609006743,0.79846627,9.941922,2.27928
20521,1436609006744,0.82121116,9.959879,2.2577322
20522,1436609006745,0.82001406,9.958083,2.235586
20523,1436609006748,0.82240826,9.931149,2.2499511
20524,1436609006769,0.8230068,9.947908,2.235586
20525,1436609006790,0.8295909,9.985018,2.2589293
20526,1436609006812,0.86969376,9.99639,2.280477
20527,1436609006830,0.8559271,9.982025,2.2870612
20528,1436609006850,0.85473,9.958083,2.2732944
20529,1436609006872,0.82719666,9.994595,2.2619221
20530,1436609006891,0.8170213,9.961675,2.231396
20531,1436609006940,0.80086046,9.965864,2.236783
20532,1436609006941,0.7906851,9.974244,2.2284033
20533,1436609006950,0.7942764,9.956287,2.2439656
20534,1436609006972,0.8170213,9.958682,2.2649148
20535,1436609006990,0.8583213,9.929353,2.2691047
20536,1436609007015,0.89064306,9.961675,2.2655134
20537,1436609007033,0.87328506,10.010158,2.2397757
20538,1436609007053,0.87927055,10.02572,2.235586
20539,1436609007070,0.8738836,9.997588,2.2720973
20540,1436609007091,0.86251116,9.961675,2.2732944
20541,1436609007110,0.8678981,9.940725,2.2732944
20542,1436609007130,0.842759,9.949704,2.2601264
20543,1436609007149,0.82121116,9.979631,2.2541409
20544,1436609007220,0.79128367,9.9712515,2.2397757
20545,1436609007221,0.7990648,9.988011,2.243367
20546,1436609007235,0.8050503,9.988011,2.2691047
20547,1436609007236,0.83737206,9.98442,2.3080103
20548,1436609007249,0.8355764,9.985018,2.3062148
20549,1436609007271,0.8355764,9.970055,2.272696
20550,1436609007289,0.8463503,9.931747,2.255338
20551,1436609007309,0.84096336,9.950901,2.232593
20552,1436609007330,0.84335756,9.964069,2.2523453
20553,1436609007350,0.8343793,9.946711,2.243367
20554,1436609007371,0.7882909,9.901221,2.2780828
20555,1436609007390,0.7835025,9.894637,2.259528
20556,1436609007410,0.81343,9.938332,2.2774844
20557,1436609007430,0.79846627,9.959879,2.2852654
20558,1436609007452,0.7757214,9.977836,2.3110032
20559,1436609007473,0.7697359,9.995792,2.2900538
20560,1436609007493,0.7697359,9.997588,2.2942438
20561,1436609007513,0.7272388,9.972448,2.2936451
20562,1436609007530,0.7170634,9.940127,2.2972364
20563,1436609007550,0.7080852,9.917382,2.2679076
20564,1436609007573,0.7188591,9.925761,2.260725
20565,1436609007593,0.7386112,9.937733,2.2720973
20566,1436609007611,0.7338228,9.958682,2.304419
20567,1436609007631,0.7433996,10.016742,2.2948422
20568,1436609007653,0.7392098,10.031705,2.3110032
20569,1436609007673,0.7781156,9.967062,2.3295584
20570,1436609007692,0.7942764,9.985018,2.327164
20571,1436609007710,0.82360536,10.001179,2.3008277
20572,1436609007732,0.90500826,9.960478,2.2529438
20573,1436609007753,0.9516952,9.942521,2.3056161
20574,1436609007773,0.9463082,9.958682,2.3181858
20575,1436609007790,0.87328506,9.952697,2.3104045
20576,1436609007813,0.78888947,9.937733,2.3319526
20577,1436609007831,0.712275,9.940725,2.3092074
20578,1436609007852,0.7098808,9.937134,2.2655134
20579,1436609007870,0.6997054,9.983223,2.2577322
20580,1436609007892,0.7326257,9.918579,2.3122003
20581,1436609007959,0.7930793,9.906608,2.319383
20582,1436609007960,0.8026561,9.884461,2.3122003
20583,1436609007961,0.81402856,9.910798,2.3110032
20584,1436609007970,0.85173726,9.979631,2.3199813
20585,1436609007993,0.8972271,9.997588,2.315193
20586,1436609008012,0.93613285,9.964667,2.319383
20587,1436609008030,0.94451255,9.967062,2.295441
20588,1436609008052,0.9247604,9.962274,2.3092074
20589,1436609008070,0.9103952,9.974843,2.2936451
20590,1436609008091,0.84934306,10.005369,2.2828712
20591,1436609008110,0.8038532,10.010756,2.2535424
20592,1436609008134,0.81522566,9.964069,2.2373815
20593,1436609008150,0.83018947,9.897031,2.2409728
20594,1436609008173,0.83497787,9.894038,2.235586
20595,1436609008192,0.8499416,9.907207,2.2361844
20596,1436609008213,0.84694886,9.922171,2.2774844
20597,1436609008230,0.84814596,9.957485,2.2942438
20598,1436609008251,0.8511387,9.978435,2.2948422
20599,1436609008273,0.84575176,9.967062,2.3289597
20600,1436609008291,0.84096336,9.94312,2.3259668
20601,1436609008313,0.81163436,9.924564,2.328361
20602,1436609008330,0.801459,9.926959,2.3301568
20603,1436609008351,0.80924016,9.920375,2.3361423
20604,1436609008371,0.8283938,9.9550905,2.3253684
20605,1436609008391,0.84335756,9.96766,2.2990322
20606,1436609008414,0.866701,9.94312,2.2930467
20607,1436609008431,0.8702923,9.950302,2.3229742
20608,1436609008453,0.84814596,9.981427,2.3421278
20609,1436609008474,0.7625532,10.056845,2.3092074
20610,1436609008492,0.62249243,10.0748005,2.3199813
20611,1436609008513,0.4973954,10.089765,2.296638
20612,1436609008533,0.3645172,10.10413,2.2337902
20613,1436609008553,0.31603462,10.105926,2.2319946
20614,1436609008574,0.2705448,10.181941,2.2493525
20615,1436609008593,0.24779987,10.1621895,2.3241713
20616,1436609008612,0.24720132,10.113108,2.3546975
20617,1436609008640,0.32202014,10.001179,2.3612814
20618,1436609008718,0.4866215,9.93893,2.3026235
20619,1436609008719,0.6937199,9.908403,2.2996306
20620,1436609008720,0.85293436,9.844358,2.3415294
20621,1436609008721,1.0067618,9.813833,2.367267
20622,1436609008736,1.0636241,9.832987,2.343325
20623,1436609008753,1.0815806,9.915586,2.2936451
20624,1436609008771,1.1336545,10.080787,2.2511482
20625,1436609008791,1.1336545,10.064626,2.2990322
20626,1436609008814,1.1354501,9.993398,2.3295584
20627,1436609008831,1.0965444,9.909002,2.4127567
20628,1436609008853,1.0881647,9.813234,2.4432828
20629,1436609008871,1.0881647,9.662998,2.4462755
20630,1436609008893,1.1061212,9.614515,2.4361002
20631,1436609008914,1.1450269,9.660006,2.36188
20632,1436609008931,1.1893197,9.7240505,2.3104045
20633,1436609008952,1.2204443,9.779117,2.3403323
20634,1436609008973,1.1994951,9.877877,2.4480712
20635,1436609008995,1.1115081,9.8754835,2.496554
20636,1436609009013,1.0265139,9.933543,2.4331074
20637,1436609009031,1.0199299,9.913791,2.3983915
20638,1436609009053,1.0827777,9.834184,2.4319103
20639,1436609009072,1.1911154,9.828198,2.4139538
20640,1436609009091,1.2300211,9.76954,2.3463178
20641,1436609009111,1.2282255,9.76116,2.379238
20642,1436609009133,1.1629834,9.852738,2.4660277
20643,1436609009155,1.0534488,9.937733,2.4654293
20644,1436609009175,0.9247604,9.991602,2.4007857
20645,1436609009195,0.7673417,9.9550905,2.3762453
20646,1436609009213,0.7218518,9.935937,2.3780408
20647,1436609009233,0.6919243,9.862315,2.4121583
20648,1436609009254,0.6841431,9.806051,2.3744495
20649,1436609009274,0.7320272,9.844358,2.3546975
20650,1436609009295,0.7505822,9.867104,2.345719
20651,1436609009316,0.825401,9.998785,2.3110032
20652,1436609009336,0.8559271,10.07121,2.3331497
20653,1436609009355,0.7541735,10.178948,2.3385365
20654,1436609009376,0.59974754,10.201694,2.3014264
20655,1436609009442,0.47524905,10.158598,2.2703018
20656,1436609009443,0.39923313,10.152014,2.3026235
20657,1436609009444,0.3657143,10.156802,2.3295584
20658,1436609009452,0.3172317,10.128671,2.3307555
20659,1436609009480,0.28670564,10.1065235,2.3253684
20660,1436609009493,0.31364042,10.096947,2.295441
20661,1436609009514,0.39264908,10.035296,2.3092074
20662,1436609009534,0.45789108,10.06283,2.3403323
20663,1436609009551,0.4854244,10.097546,2.3971944
20664,1436609009575,0.47345337,10.126875,2.4612393
20665,1436609009592,0.48602295,10.044274,2.5031378
20666,1436609009615,0.5662287,9.992201,2.5677812
20667,1436609009631,0.5967548,9.964069,2.5396495
20668,1436609009655,0.6434417,9.943718,2.496554
20669,1436609009675,0.62847793,9.964069,2.4947581
20670,1436609009695,0.5590461,9.961675,2.5438392
20671,1436609009715,0.4878186,9.967062,2.594716
20672,1436609009734,0.4213795,9.980229,2.6503813
20673,1436609009755,0.41000703,9.9790325,2.697667
20674,1436609009775,0.45010993,9.977836,2.777274
20675,1436609009795,0.5141548,10.01315,2.7844565
20676,1436609009813,0.4950012,9.997588,2.7910407
20677,1436609009833,0.4285621,9.937733,2.8173769
20678,1436609009855,0.35434186,9.863512,2.8353333
20679,1436609009872,0.2861071,9.800066,2.7880478
20680,1436609009905,0.25797522,9.77373,2.7407625
20681,1436609009912,0.31423897,9.730036,2.7192147
20682,1436609009934,0.39384618,9.681553,2.7281928
20683,1436609009954,0.4345476,9.632472,2.743755
20684,1436609009978,0.45130703,9.64145,2.7018566
20685,1436609009996,0.5566519,9.604341,2.6916811
20686,1436609010012,0.6817489,9.60853,2.6611552
20687,1436609010037,0.75118077,9.672575,2.7132292
20688,1436609010054,0.7721301,9.721058,2.7647045
20689,1436609010188,0.7212533,9.762956,2.778471
20690,1436609010190,0.66379243,9.810242,2.7682958
20691,1436609010192,0.6428431,9.814431,2.7485435
20692,1436609010193,0.6254852,9.800665,2.7605145
20693,1436609010194,0.6051345,9.737817,2.7407625
20694,1436609010195,0.6087258,9.766547,2.742558
20695,1436609010196,0.6123171,9.778519,2.7287915
20696,1436609010228,0.65062433,9.808446,2.7341783
20697,1436609010246,0.6919243,9.793482,2.722806
20698,1436609010252,0.717662,9.768942,2.7192147
20699,1436609010282,0.74639237,9.749788,2.7335799
20700,1436609010302,0.75477207,9.727043,2.7090392
20701,1436609010312,0.76434886,9.69951,2.6671407
20702,1436609010333,0.8038532,9.659407,2.6629508
20703,1436609010352,0.88525605,9.696517,2.7443538
20704,1436609010376,0.9504981,9.895236,2.8101943
20705,1436609010395,0.95588505,10.034698,2.767697
20706,1436609010422,0.8948329,10.032304,2.7395654
20707,1436609010433,0.80086046,9.962274,2.681506
20708,1436609010456,0.7086837,9.83957,2.5677812
20709,1436609010476,0.55485624,9.710882,2.4570496
20710,1436609010496,0.46926352,9.580399,2.3702598
20711,1436609010516,0.44771573,9.612122,2.303222
20712,1436609010534,0.54408234,9.730635,2.280477
20713,1436609010554,0.7278373,9.91798,2.3415294
20714,1436609010576,0.8750807,10.075998,2.48578
20715,1436609010596,0.93134445,10.222643,2.6210523
20716,1436609010613,0.8535329,10.287286,2.7048495
20717,1436609010634,0.7212533,10.245388,2.670732
20718,1436609010653,0.54887074,10.187927,2.6162639
20719,1436609010678,0.49200845,10.059238,2.6180596
20720,1436609010698,0.33877954,9.983821,2.5797524
20721,1436609010719,0.21188685,10.003573,2.4899697
20722,1436609010733,0.19153613,9.999982,2.4552538
20723,1436609010788,0.21068975,9.961675,2.416348
20724,1436609010789,0.30047232,9.940127,2.4396915
20725,1436609010793,0.427365,9.951499,2.4378958
20726,1436609010815,0.56084174,9.967062,2.4169466
20727,1436609010833,0.6781576,9.932345,2.4259248
20728,1436609010890,0.80205756,9.946711,2.4157495
20729,1436609010903,0.8882488,9.962274,2.4061728
20730,1436609010904,0.95349085,9.994595,2.4528596
20731,1436609010913,0.9959879,9.994595,2.4510639
20732,1436609010939,0.9768343,9.937134,2.4887726
20733,1436609010956,0.91937345,9.886257,2.496554
20734,1436609010973,0.87448215,9.855133,2.4720132
20735,1436609010994,0.84096336,9.848549,2.4552538
20736,1436609011013,0.8194155,9.871892,2.409764
20737,1436609011043,0.8026561,9.852738,2.4223335
20738,1436609011063,0.7978677,9.866506,2.4037786
20739,1436609011080,0.79966336,9.85214,2.3900118
20740,1436609011095,0.825401,9.8515415,2.416348
20741,1436609011116,0.80325466,9.858126,2.417545
20742,1436609011136,0.7368156,9.883863,2.40318
20743,1436609011156,0.6937199,9.879673,2.4019828
20744,1436609011176,0.66618663,9.828198,2.3930047
20745,1436609011195,0.6811504,9.83957,2.3732524
20746,1436609011216,0.6973112,9.814431,2.369661
20747,1436609011236,0.7134721,9.859323,2.3110032
20748,1436609011256,0.7404069,9.869498,2.3026235
20749,1436609011276,0.80804306,9.863512,2.3116016
20750,1436609011295,0.82480246,9.877877,2.3014264
20751,1436609011314,0.8194155,9.88925,2.3169887
20752,1436609011336,0.8098387,9.934141,2.2918496
20753,1436609011353,0.7966706,9.94312,2.3062148
20754,1436609011373,0.78649527,10.01315,2.2649148
20755,1436609011394,0.7721301,10.035895,2.2403743
20756,1436609011418,0.729633,9.976639,2.268506
20757,1436609011439,0.7062895,9.977836,2.2451627
20758,1436609011459,0.7870938,9.9550905,2.2619221
20759,1436609011477,0.830788,9.91439,2.2864625
20760,1436609011493,0.80564886,9.934141,2.2756886
20761,1436609011514,0.7679402,10.042479,2.2523453
20762,1436609011534,0.7086837,10.128671,2.236783
20763,1436609011556,0.66139823,10.138845,2.2170308
20764,1436609011574,0.6123171,10.149021,2.2152352
20765,1436609011623,0.5494693,10.206482,2.2385786
20766,1436609011624,0.49559975,10.245388,2.2511482
20767,1436609011643,0.46327803,10.244789,2.2649148
20768,1436609011653,0.5009867,10.308834,2.2439656
20769,1436609011676,0.4890157,10.181343,2.2750902
20770,1436609011695,0.5117606,10.084976,2.2601264
20771,1436609011715,0.5470751,10.02572,2.1936872
20772,1436609011748,0.5482722,10.028113,2.1559787
20773,1436609011754,0.5746084,10.041282,2.0961237
20774,1436609011776,0.6973112,10.056845,2.0649989
20775,1436609011794,0.83856916,9.927557,2.131438
20776,1436609011814,0.9008184,9.883863,2.183512
20777,1436609011834,0.9840169,9.966463,2.232593
20778,1436609011856,1.0636241,10.037092,2.2254105
20779,1436609011877,1.0342951,10.162787,2.321777
20780,1436609011897,0.92775315,10.289082,2.3540988
20781,1436609011917,0.7104794,10.25676,2.2523453
20782,1436609011937,0.55605334,10.059837,2.1481974
20783,1436609011956,0.5662287,9.785701,2.135628
20784,1436609011977,0.7009025,9.746795,2.0219033
20785,1436609011997,0.97503865,9.870695,2.0590134
20786,1436609012017,1.0660183,9.966463,2.3319526
20787,1436609012038,1.0636241,10.089166,2.4600422
20788,1436609012056,1.06123,10.080188,2.5133133
20789,1436609012079,1.0570401,10.052056,2.5372553
20790,1436609012100,0.99658644,9.956287,2.4905684
20791,1436609012118,1.0552444,9.876082,2.3540988
20792,1436609012137,1.1067197,9.7958765,2.2679076
20793,1436609012157,1.01574,9.673772,2.3133974
20794,1436609012176,0.777517,9.56304,2.297835
20795,1436609012196,0.50397944,9.636064,2.2224178
20796,1436609012218,0.31663316,9.746795,2.0913353
20797,1436609012238,0.3693056,9.778519,2.0602105
20798,1436609012258,0.57760113,9.871892,2.087744
20799,1436609012278,0.79008657,10.043077,2.0757728
20800,1436609012299,0.98581254,9.953295,2.168548
20801,1436609012355,1.2689269,9.93474,2.1960814
20802,1436609012356,1.4532804,10.032902,2.1894975
20803,1436609012357,1.5334862,10.035895,2.168548
20804,1436609012374,1.4796166,10.045472,2.2092497
20805,1436609012396,1.311424,10.04607,2.2577322
20806,1436609012416,1.1234791,9.956886,2.2906525
20807,1436609012434,1.0271125,9.871294,2.2379801
20808,1436609012459,1.0061632,9.824008,2.2182279
20809,1436609012476,1.0773908,9.783905,2.1811178
20810,1436609012496,1.2114661,9.794679,2.184709
20811,1436609012517,1.3263878,9.859921,2.2218192
20812,1436609012536,1.389834,9.91439,2.273893
20813,1436609012558,1.3856442,9.896433,2.3056161
20814,1436609012575,1.3072342,9.830592,2.3451207
20815,1436609012598,1.1240777,9.87668,2.303222
20816,1436609012618,0.86131406,9.894637,2.195483
20817,1436609012638,0.65421563,9.811439,2.1799207
20818,1436609012658,0.54647654,9.838972,2.1637597
20819,1436609012678,0.49559975,9.97604,2.0380642
20820,1436609012697,0.49679685,9.970055,2.0530279
20821,1436609012718,0.51355624,10.22384,1.9788077
20822,1436609012738,0.58897364,10.283096,1.9907787
20823,1436609012756,0.6973112,10.17835,2.0500352
20824,1436609012778,0.78290397,10.205883,2.0811598
20825,1436609012796,0.8086416,10.233417,2.1146786
20826,1436609012816,0.7380127,10.177752,2.0721815
20827,1436609012838,0.6739678,10.159196,2.0081367
20828,1436609012856,0.5907693,10.0825815,1.9309237
20829,1436609012879,0.60214174,10.047866,1.9219455
20830,1436609012900,0.6572084,9.99639,2.0003555
20831,1436609012920,0.66738373,10.022128,2.0452468
20832,1436609012938,0.56323594,10.056845,2.0380642
20833,1436609012955,0.49081135,10.108319,2.0416555
20834,1436609012976,0.4866215,9.989806,2.1033063
20835,1436609012997,0.59974754,9.92636,2.1667526
20836,1436609013016,0.65182143,9.901819,2.1883004
20837,1436609013130,0.64942724,9.991602,2.1057005
20838,1436609013131,0.5835867,10.075998,2.071583
20839,1436609013140,0.59495914,10.135254,2.148796
20840,1436609013141,0.6278794,10.113707,2.308609
20841,1436609013142,0.6183026,10.015544,2.3642743
20842,1436609013143,0.65182143,9.981427,2.344522
20843,1436609013156,0.664391,10.019734,2.2613235
20844,1436609013176,0.7062895,9.896433,2.2786815
20845,1436609013195,0.75118077,9.73662,2.3157916
20846,1436609013218,0.76195467,9.651626,2.3355439
20847,1436609013235,0.80086046,9.644443,2.3133974
20848,1436609013256,0.81881696,9.650429,2.3265655
20849,1436609013276,0.81163436,9.7084875,2.3181858
20850,1436609013297,0.82121116,9.7719345,2.3211784
20851,1436609013318,0.7344214,10.012551,2.356493
20852,1436609013338,0.6332663,10.198701,2.296638
20853,1436609013358,0.50158525,10.284892,2.295441
20854,1436609013378,0.5021838,10.370484,2.2110453
20855,1436609013398,0.51235914,10.308834,2.1918917
20856,1436609013418,0.54647654,10.178948,2.231396
20857,1436609013438,0.59136784,10.08737,2.19249
20858,1436609013458,0.60812724,9.987412,2.0739772
20859,1436609013478,0.6183026,9.941324,2.070386
20860,1436609013498,0.6961141,9.776723,2.0901382
20861,1436609013516,0.82360536,9.701305,2.1296425
20862,1436609013539,1.0366893,9.743204,2.0727801
20863,1436609013559,1.1444284,9.834782,1.9183542
20864,1436609013579,1.6693572,10.087969,2.1098902
20865,1436609013598,2.5941176,10.041881,2.4774003
20866,1436609013617,2.991555,10.0825815,2.7485435
20867,1436609013638,2.7712884,10.084377,2.8461072
20868,1436609013659,2.2852654,10.152613,2.5270798
20869,1436609013679,1.5628152,10.2178545,2.1571758
20870,1436609013699,0.85772276,10.152613,1.9261353
20871,1436609013719,0.39743748,9.913192,1.882441
20872,1436609013737,0.09935937,9.771336,1.8890251
20873,1436609013757,-0.06703765,9.725247,1.9207484
20874,1436609013777,-0.04369418,9.843162,2.0638018
20875,1436609013799,0.038307227,9.955689,2.15957
20876,1436609013861,0.14065935,9.9928,2.2104468
20877,1436609013862,0.2645593,10.052056,2.2056582
20878,1436609013863,0.5470751,10.099341,2.1386206
20879,1436609013876,0.9283517,10.105327,2.086547
20880,1436609013898,1.3269863,10.367492,2.1033063
20881,1436609013916,1.4987702,10.66557,2.2720973
20882,1436609013936,1.5143325,10.259753,2.574964
20883,1436609013961,1.6262615,9.673173,2.6342204
20884,1436609013977,1.7609353,9.363124,2.4570496
20885,1436609013999,1.9117701,9.210494,2.3223755
20886,1436609014019,2.0374656,9.188348,2.2002714
20887,1436609014038,2.0500352,9.255385,2.2296004
20888,1436609014059,1.9901801,9.396643,2.284667
20889,1436609014083,1.9015948,9.573814,2.3139958
20890,1436609014096,1.8471266,9.674371,2.3133974
20891,1436609014119,1.7369933,9.682152,2.3122003
20892,1436609014139,1.6298528,9.727043,2.3133974
20893,1436609014159,1.4676456,9.863512,2.284667
20894,1436609014179,1.4000094,9.983223,2.1936872
20895,1436609014198,1.2587515,10.111911,2.1769278
20896,1436609014219,1.2324153,10.010158,2.1930888
20897,1436609014239,1.283292,9.977836,2.0769699
20898,1436609014257,1.3449428,10.000581,2.0081367
20899,1436609014279,1.3814543,10.08737,2.0410569
20900,1436609014299,1.3245921,9.96347,2.1278467
20901,1436609014319,1.401805,9.900024,2.1697452
20902,1436609014338,1.453879,10.086772,1.9746178
20903,1436609014359,1.602918,10.289082,1.6968905
20904,1436609014379,1.7064673,10.195109,1.6801311
20905,1436609014399,1.9093759,10.10413,1.9991584
20906,1436609014419,1.9297266,10.051457,2.3116016
20907,1436609014439,1.638831,10.1304655,2.3481133
20908,1436609014459,1.1893197,10.211869,2.2403743
20909,1436609014478,0.86251116,10.210073,2.1021092
20910,1436609014498,0.66498953,10.052654,2.071583
20911,1436609014517,0.5021838,9.9712515,1.9853917
20912,1436609014539,0.320823,9.863512,1.9626468
20913,1436609014585,0.2908955,9.884461,1.9201498
20914,1436609014586,0.36272156,9.922769,1.9722236
20915,1436609014605,0.47225627,10.051457,2.019509
20916,1436609014616,0.5895722,10.257359,2.059612
20917,1436609014637,0.6422446,10.228628,2.0775685
20918,1436609014656,0.7062895,10.166978,2.0494366
20919,1436609014677,0.85054016,10.147824,2.0027497
20920,1436609014698,1.0031705,10.133459,1.9309237
20921,1436609014718,1.3000516,9.98442,1.929128
20922,1436609014737,1.5340848,9.803059,1.893215
20923,1436609014758,1.6938977,9.717466,1.8716671
20924,1436609014780,1.6705543,9.760562,1.9351135
20925,1436609014796,1.3748703,9.943718,2.0380642
20926,1436609014820,0.9163807,10.101735,2.1517887
20927,1436609014840,0.40821138,10.110115,2.2535424
20928,1436609014860,-0.011971008,10.1143055,2.2284033
20929,1436609014880,-0.24600422,10.15381,2.1254525
20930,1436609014900,-0.29269117,10.169372,2.095525
20931,1436609014920,-0.24899697,10.162787,2.0548236
20932,1436609014940,-0.12868834,10.126875,2.0691888
20933,1436609014960,0.06464344,10.05864,2.087744
20934,1436609014981,0.3274071,10.040085,2.0290859
20935,1436609015000,0.66858083,9.993398,1.9841946
20936,1436609015022,0.919972,9.978435,1.970428
20937,1436609015043,1.0654198,9.961675,1.9895816
20938,1436609015066,1.1354501,9.903615,2.0260932
20939,1436609015083,1.1318588,9.951499,2.0332758
20940,1436609015099,1.1593921,9.944916,2.0608091
20941,1436609015119,1.1731589,9.865308,2.0709844
20942,1436609015139,1.2401965,9.886856,2.0620062
20943,1436609015162,1.2982559,9.942521,2.1374235
20944,1436609015182,1.3634979,9.855133,2.135628
20945,1436609015201,1.4161704,9.940127,2.134431
20946,1436609015218,1.3676877,9.935937,2.184709
20947,1436609015240,1.2330139,9.9712515,2.208651
20948,1436609015287,1.039682,10.044873,2.1942859
20949,1436609015288,0.86011696,10.032902,2.1320367
20950,1436609015308,0.7350199,10.018537,2.0733786
20951,1436609015317,0.7098808,9.988011,2.011728
20952,1436609015340,0.7978677,9.944317,2.005144
20953,1436609015359,0.93972415,9.922769,2.0506337
20954,1436609015378,1.0971429,9.952098,2.03148
20955,1436609015399,1.282095,9.864111,2.070386
20956,1436609015418,1.4257472,9.812635,2.0859482
20957,1436609015438,1.4628572,9.892841,2.0757728
20958,1436609015458,1.3910311,9.9712515,2.1332338
20959,1436609015478,1.1971009,10.055647,2.202067
20960,1436609015498,0.91219085,10.161591,2.1936872
20961,1436609015520,0.6931214,10.114903,2.178125
20962,1436609015540,0.6739678,10.06283,2.1517887
20963,1436609015561,0.7703344,10.049063,2.1092918
20964,1436609015580,0.90021986,10.085575,2.019509
20965,1436609015601,1.086369,10.086772,1.9381063
20966,1436609015620,1.1647792,10.077195,1.9075803
20967,1436609015640,1.340753,9.980828,1.910573
20968,1436609015660,1.4389153,9.898827,1.9422961
20969,1436609015678,1.4119805,9.855731,1.9482816
20970,1436609015700,1.3150153,9.83957,1.9428947
20971,1436609015720,1.2922704,9.802461,1.988983
20972,1436609015739,1.2653356,9.844358,2.086547
20973,1436609015761,1.2844892,9.920973,2.1853075
20974,1436609015781,1.2970588,9.998186,2.1883004
20975,1436609015800,1.3078327,10.071808,2.2164323
20976,1436609015826,1.3311762,10.087969,2.2050598
20977,1436609015888,1.3245921,10.07121,2.2038627
20978,1436609015889,1.2898762,10.00896,2.1745336
20979,1436609015890,1.1785458,9.953894,2.144606
20980,1436609015897,1.1061212,9.863512,2.095525
20981,1436609015918,1.0426749,9.826403,2.0697873
20982,1436609015938,1.039682,9.81503,2.0332758
20983,1436609015958,1.0720038,9.852738,2.047641
20984,1436609015989,1.1258733,9.920375,2.0907366
20985,1436609016004,1.174356,9.986216,2.147599
20986,1436609016018,1.2006922,10.068216,2.1350293
20987,1436609016038,1.1857284,10.056845,2.1511903
20988,1436609016059,1.1420342,10.172963,2.15538
20989,1436609016078,1.0163386,10.239402,2.1027076
20990,1436609016102,0.88525605,10.237606,2.1200657
20991,1436609016118,0.7344214,10.150817,2.1841104
20992,1436609016138,0.60333884,10.117896,2.1470003
20993,1436609016170,0.49799395,10.093356,2.0991163
20994,1436609016189,0.48243165,9.970653,2.0626047
20995,1436609016199,0.587178,9.872491,2.0572178
20996,1436609016226,0.81163436,9.896433,2.0338743
20997,1436609016239,1.0007763,9.828796,2.147599
20998,1436609016261,1.1402385,9.7719345,2.211644
20999,1436609016281,1.2240356,9.760562,2.2750902
21000,1436609016300,1.1593921,9.697116,2.3427265
21001,1436609016320,1.0426749,9.781511,2.2691047
21002,1436609016342,1.0181342,9.831191,2.2218192
21003,1436609016362,1.0013748,9.93893,2.1146786
21004,1436609016382,1.0289081,9.938332,2.094328
21005,1436609016402,1.1145009,9.9790325,2.146402
21006,1436609016421,1.1725603,10.049063,2.223615
21007,1436609016440,1.2228385,9.989208,2.2942438
21008,1436609016459,1.2395979,9.985617,2.3068132
21009,1436609016482,1.2024878,9.977237,2.2385786
21010,1436609016502,1.1091139,9.891046,2.2200236
21011,1436609016522,0.98461545,9.824008,2.2038627
21012,1436609016540,0.81043726,9.86471,2.211644
21013,1436609016562,0.676362,9.896433,2.2290018
21014,1436609016581,0.6075287,9.93893,2.2158337
21015,1436609016601,0.58777654,9.981427,2.2218192
21016,1436609016621,0.59376204,10.02153,2.2158337
21017,1436609016640,0.66738373,10.01315,2.2547395
21018,1436609016662,0.7182605,9.987412,2.2918496
21019,1436609016680,0.80924016,9.983223,2.2762873
21020,1436609016698,0.87208796,10.019734,2.2092497
21021,1436609016720,0.9427169,9.977836,2.1930888
21022,1436609016755,0.98700964,9.924564,2.1948843
21023,1436609016760,0.99898064,9.980229,2.195483
21024,1436609016778,0.98341835,9.970653,2.1499932
21025,1436609016798,0.9684546,9.989208,2.160767
21026,1436609016819,0.9888053,10.028113,2.160767
21027,1436609016840,0.97144735,10.007165,2.1721394
21028,1436609016859,0.9540894,10.007165,2.1739352
21029,1436609016909,0.908001,10.033501,2.1859062
21030,1436609016910,0.9151836,10.047866,2.2272062
21031,1436609016939,0.8702923,10.022727,2.204461
21032,1436609016940,0.8194155,9.980828,2.1948843
21033,1436609016967,0.8218097,9.956287,2.154183
21034,1436609016981,0.8391677,9.934141,2.1906946
21035,1436609016999,0.81642276,9.933543,2.2122424
21036,1436609017019,0.80924016,10.017939,2.166154
21037,1436609017039,0.86251116,10.019135,2.1332338
21038,1436609017059,0.8559271,9.999383,2.1380222
21039,1436609017079,0.8619126,9.993398,2.1571758
21040,1436609017099,0.86490536,9.973047,2.1416135
21041,1436609017128,0.88525605,10.010756,2.1045034
21042,1436609017139,0.94331545,9.985018,2.0727801
21043,1436609017160,1.0103531,9.985617,2.1033063
21044,1436609017180,1.0546459,9.973047,2.1589713
21045,1436609017199,1.0588357,9.98442,2.19249
21046,1436609017220,1.0289081,10.016143,2.1853075
21047,1436609017240,1.0061632,9.977836,2.2014685
21048,1436609017260,0.96187055,10.005967,2.195483
21049,1436609017279,0.9295488,10.012551,2.1978772
21050,1436609017299,0.86849666,9.976639,2.190096
21051,1436609017325,0.85293436,10.010158,2.1571758
21052,1436609017340,0.8535329,9.935937,2.0991163
21053,1436609017360,0.86370826,9.897031,2.0691888
21054,1436609017381,0.8936358,9.935937,2.1003134
21055,1436609017403,0.86011696,9.94312,2.0727801
21056,1436609017473,0.8206126,9.944916,2.1098902
21057,1436609017474,0.7858967,9.936536,2.119467
21058,1436609017475,0.7589619,9.992201,2.1529858
21059,1436609017483,0.7236475,10.016742,2.1170728
21060,1436609017511,0.7224504,10.051457,2.088941
21061,1436609017520,0.7954735,10.107721,2.1146786
21062,1436609017539,0.83258367,10.049063,2.1523874
21063,1436609017561,0.85652566,10.019734,2.1733365
21064,1436609017579,0.8463503,9.974244,2.160767
21065,1436609017600,0.8110358,9.978435,2.11827
21066,1436609017621,0.81163436,9.989806,2.1278467
21067,1436609017640,0.80564886,9.965266,2.156577
21068,1436609017660,0.79607207,10.039486,2.1745336
21069,1436609017680,0.81402856,10.028712,2.148796
21070,1436609017699,0.8319851,10.024523,2.1517887
21071,1436609017720,0.8367735,10.006566,2.1481974
21072,1436609017740,0.81881696,10.010756,2.106299
21073,1436609017760,0.81402856,10.034698,2.042254
21074,1436609017782,0.8559271,10.035296,2.0284874
21075,1436609017802,0.89184016,9.96766,2.0847511
21076,1436609017822,0.9247604,9.925761,2.1164744
21077,1436609017841,0.9504981,9.88506,2.1170728
21078,1436609017862,0.985214,9.946711,2.124854
21079,1436609017882,0.9995792,10.039486,2.1188686
21080,1436609017900,0.97025025,10.0903635,2.1499932
21081,1436609017920,0.93254155,10.098145,2.190096
21082,1436609017941,0.88944596,10.120291,2.2062569
21083,1436609017960,0.8331822,10.078991,2.1086931
21084,1436609017988,0.8182184,10.057443,1.9877859
21085,1436609018000,0.80564886,9.958083,1.9381063
21086,1436609018020,0.8206126,9.881469,2.0165164
21087,1436609018040,0.84814596,9.885659,2.0416555
21088,1436609018060,0.88645315,9.898827,2.0931308
21089,1436609018080,0.96905315,9.956886,2.1015105
21090,1436609018165,1.0582372,9.985018,2.132635
21091,1436609018166,1.1258733,10.005369,2.1703439
21092,1436609018167,1.1354501,10.010756,2.179322
21093,1436609018168,1.1174936,10.045472,2.1775265
21094,1436609018184,1.0827777,10.009559,2.1733365
21095,1436609018200,1.0462662,10.026319,2.2062569
21096,1436609018220,0.9744401,10.014946,2.2732944
21097,1436609018240,0.86849666,10.045472,2.2876596
21098,1436609018260,0.79487497,10.0664215,2.2014685
21099,1436609018280,0.81343,10.052654,2.1517887
21100,1436609018302,0.91817635,10.0508585,2.106299
21101,1436609018322,1.021127,10.005967,2.15957
21102,1436609018340,1.1085154,9.944317,2.2110453
21103,1436609018360,1.1079168,10.008362,2.2170308
21104,1436609018380,1.0636241,9.997588,2.2212207
21105,1436609018403,1.0085574,9.992201,2.235586
21106,1436609018423,0.9588778,10.019734,2.2409728
21107,1436609018441,0.94930094,10.028712,2.2343888
21108,1436609018463,0.9020155,9.998785,2.235586
21109,1436609018483,0.87687635,9.969456,2.2152352
21110,1436609018501,0.866701,9.958682,2.2134395
21111,1436609018523,0.8595184,9.952697,2.2110453
21112,1436609018543,0.89184016,10.071808,2.1098902
21113,1436609018565,0.97264445,10.055049,2.119467
21114,1436609018583,1.039682,9.924564,2.2170308
21115,1436609018606,1.0546459,9.842564,2.3038206
21116,1436609018621,0.99898064,9.76954,2.232593
21117,1436609018645,0.8858546,9.691729,2.1589713
21118,1436609018663,0.7787141,9.667787,2.1015105
21119,1436609018680,0.7206547,9.689334,2.0691888
21120,1436609018701,0.6596026,9.667188,2.0907366
21121,1436609018721,0.6805518,9.746795,2.143409
21122,1436609018744,0.7422025,9.844957,2.1416135
21123,1436609018769,0.84814596,9.90601,2.1583729
21124,1436609018786,0.9828198,9.909601,2.2182279
21125,1436609018801,1.0498575,9.91439,2.3463178
21126,1436609018823,0.9983821,10.051457,2.3798366
21127,1436609018892,0.8379706,10.181941,2.4115596
21128,1436609018893,0.6691794,10.286089,2.3660698
21129,1436609018894,0.44472298,10.237008,2.333748
21130,1436609018902,0.30585927,10.088568,2.3463178
21131,1436609018929,0.26156655,9.943718,2.3361423
21132,1436609018941,0.26635495,9.913791,2.235586
21133,1436609018962,0.4165911,9.880871,2.166154
21134,1436609018983,0.60812724,9.922171,2.1511903
21135,1436609019001,0.7344214,9.94312,2.2278047
21136,1436609019024,0.7966706,10.003573,2.2403743
21137,1436609019046,0.80086046,10.035296,2.2703018
21138,1436609019062,0.7757214,10.035296,2.2625206
21139,1436609019086,0.7386112,9.961675,2.2511482
21140,1436609019102,0.688333,10.015544,2.220622
21141,1436609019123,0.5931635,9.977836,2.2218192
21142,1436609019143,0.56802434,10.008362,2.2523453
21143,1436609019163,0.5674258,10.046669,2.2547395
21144,1436609019183,0.5734113,10.065224,2.2888567
21145,1436609019203,0.54527944,10.064626,2.3038206
21146,1436609019223,0.516549,10.081385,2.2942438
21147,1436609019243,0.53929394,10.020931,2.2780828
21148,1436609019263,0.57400984,9.968259,2.2170308
21149,1436609019282,0.6452374,9.962274,2.179322
21150,1436609019301,0.6907272,9.960478,2.1739352
21151,1436609019323,0.70509243,9.998186,2.19668
21152,1436609019345,0.6991069,9.962274,2.2583308
21153,1436609019363,0.7015011,9.991004,2.2577322
21154,1436609019384,0.7278373,9.998785,2.2619221
21155,1436609019404,0.7308301,9.970055,2.2601264
21156,1436609019423,0.7505822,9.969456,2.2960393
21157,1436609019444,0.7398083,9.993398,2.2852654
21158,1436609019465,0.6937199,9.943718,2.2762873
21159,1436609019483,0.6368576,9.951499,2.2559366
21160,1436609019504,0.62728083,10.003573,2.2068555
21161,1436609019522,0.66618663,9.927557,2.2278047
21162,1436609019542,0.724246,9.871892,2.2272062
21163,1436609019604,0.8086416,9.932345,2.260725
21164,1436609019605,0.79487497,9.948506,2.2535424
21165,1436609019606,0.7906851,9.992201,2.2427685
21166,1436609019622,0.76195467,9.970055,2.2415714
21167,1436609019643,0.7858967,9.937733,2.2625206
21168,1436609019662,0.7918822,9.960478,2.2631192
21169,1436609019681,0.7835025,9.956886,2.2744915
21170,1436609019706,0.76554596,10.017939,2.2391772
21171,1436609019722,0.6973112,9.93474,2.2768857
21172,1436609019743,0.61291564,9.9790325,2.272696
21173,1436609019763,0.52253455,10.046669,2.2092497
21174,1436609019783,0.46208093,10.019135,2.1817162
21175,1436609019804,0.46926352,9.941922,2.208651
21176,1436609019824,0.54527944,9.93893,2.280477
21177,1436609019844,0.623091,9.9951935,2.2655134
21178,1436609019864,0.7134721,10.028712,2.2709002
21179,1436609019884,0.78290397,10.03769,2.291251
21180,1436609019904,0.79487497,10.035895,2.2762873
21181,1436609019924,0.801459,9.9550905,2.285864
21182,1436609019944,0.80564886,9.960478,2.3020248
21183,1436609019964,0.801459,9.961675,2.2816741
21184,1436609019984,0.7769185,9.928755,2.2319946
21185,1436609020004,0.7505822,9.883863,2.2349873
21186,1436609020022,0.7733272,9.950302,2.2062569
21187,1436609020047,0.84575176,9.959879,2.2403743
21188,1436609020070,0.87687635,10.0341,2.2343888
21189,1436609020086,0.85532856,10.081984,2.2631192
21190,1436609020102,0.79008657,10.017939,2.2762873
21191,1436609020125,0.6943185,9.945514,2.2643163
21192,1436609020146,0.6039374,9.882068,2.2002714
21193,1436609020164,0.56982,9.896433,2.166154
21194,1436609020185,0.623091,9.939528,2.19249
21195,1436609020205,0.7200562,10.060435,2.2427685
21196,1436609020226,0.7637503,10.0029745,2.3020248
21197,1436609020245,0.8194155,10.059837,2.2960393
21198,1436609020265,0.7811083,10.007165,2.3092074
21199,1436609020320,0.74998367,9.96766,2.3116016
21200,1436609020322,0.7044938,9.97185,2.259528
21201,1436609020323,0.6967127,9.856929,2.271499
21202,1436609020342,0.7044938,9.882068,2.256535
21203,1436609020365,0.7140707,9.912594,2.2547395
21204,1436609020382,0.724246,9.9712515,2.2643163
21205,1436609020402,0.7146692,10.019135,2.272696
21206,1436609020425,0.7146692,10.050261,2.259528
21207,1436609020445,0.75477207,10.029311,2.2403743
21208,1436609020462,0.7811083,10.043676,2.1841104
21209,1436609020483,0.78529817,10.06283,2.1643584
21210,1436609020503,0.8074445,10.069414,2.1134815
21211,1436609020528,0.81163436,10.087969,2.1458032
21212,1436609020545,0.8122329,10.119094,2.1978772
21213,1436609020565,0.7823054,10.102334,2.2756886
21214,1436609020584,0.7068881,10.110714,2.3702598
21215,1436609020605,0.62249243,10.126276,2.3948002
21216,1436609020626,0.57879823,10.166978,2.4145525
21217,1436609020644,0.50637364,10.156203,2.4839842
21218,1436609020665,0.48722005,10.09156,2.5677812
21219,1436609020684,0.43754035,10.028712,2.6222494
21220,1436609020704,0.40102878,9.970653,2.60968
21221,1436609020724,0.40701428,9.86471,2.5809495
21222,1436609020744,0.46507367,9.785102,2.516306
21223,1436609020765,0.5626374,9.730635,2.486977
21224,1436609020785,0.6817489,9.639654,2.4774003
21225,1436609020890,0.82001406,9.583989,2.4768016
21226,1436609020891,0.91937345,9.595362,2.4660277
21227,1436609020892,0.99898064,9.605537,2.4438813
21228,1436609020893,1.027711,9.702502,2.4366987
21229,1436609020894,1.0480618,9.7324295,2.4229321
21230,1436609020926,1.0630256,9.81922,2.48578
21231,1436609020927,1.0540473,9.862315,2.5079262
21232,1436609020942,0.98461545,9.880272,2.517503
21233,1436609020963,0.8972271,9.884461,2.4672248
21234,1436609020983,0.82599956,9.886856,2.468422
21235,1436609021048,0.75716627,9.845556,2.472612
21236,1436609021067,0.7015011,9.861717,2.4582467
21237,1436609021068,0.7110779,9.848549,2.4169466
21238,1436609021069,0.7380127,9.895236,2.3953989
21239,1436609021115,0.7248446,9.920375,2.4091654
21240,1436609021116,0.7284359,9.923966,2.4558525
21241,1436609021129,0.700304,9.93893,2.4672248
21242,1436609021144,0.7110779,9.986814,2.4720132
21243,1436609021163,0.7380127,9.999982,2.4774003
21244,1436609021193,0.7745243,10.040684,2.4552538
21245,1436609021203,0.7846996,10.029909,2.4600422
21246,1436609021223,0.7781156,10.033501,2.4654293
21247,1436609021249,0.79966336,9.921572,2.4636335
21248,1436609021264,0.7882909,10.011354,2.460641
21249,1436609021283,0.76315176,9.911396,2.4648306
21250,1436609021312,0.717662,9.904813,2.4666264
21251,1436609021323,0.7044938,10.01734,2.44448
21252,1436609021342,0.66139823,10.074203,2.4540567
21253,1436609021366,0.6512229,10.204686,2.44029
21254,1436609021387,0.6374562,10.258555,2.4911668
21255,1436609021407,0.58657944,10.219051,2.5396495
21256,1436609021427,0.52253455,10.147225,2.5767596
21257,1436609021446,0.44951138,10.053253,2.5210943
21258,1436609021463,0.4249708,10.073604,2.3971944
21259,1436609021487,0.44532153,10.122087,2.297835
21260,1436609021507,0.5482722,9.9951935,2.309806
21261,1436609021526,0.6440403,9.880871,2.404377
21262,1436609021548,0.7637503,9.955689,2.3636756
21263,1436609021566,0.9032126,9.9550905,2.3391352
21264,1436609021585,1.0995371,9.854534,2.3702598
21265,1436609021602,1.2557588,9.784504,2.421735
21266,1436609021625,1.365892,9.727641,2.4797945
21267,1436609021648,1.3431472,9.639056,2.5623944
21268,1436609021668,1.271321,9.671378,2.5600002
21269,1436609021688,1.1569979,9.680955,2.5881321
21270,1436609021705,1.0342951,9.710882,2.6138697
21271,1436609021722,0.96546185,9.738416,2.6431987
21272,1436609021755,0.91219085,9.743802,2.6671407
21273,1436609021762,0.8702923,9.799467,2.6964695
21274,1436609021782,0.8912416,9.754577,2.690484
21275,1436609021802,0.9115923,9.721058,2.677316
21276,1436609021824,0.9187749,9.725247,2.6090813
21277,1436609021845,0.8972271,9.701305,2.5528176
21278,1436609021865,0.88405895,9.721656,2.5635915
21279,1436609021883,0.83737206,9.712079,2.5755625
21280,1436609021906,0.78170687,9.703699,2.6001031
21281,1436609021927,0.736217,9.712079,2.594716
21282,1436609021946,0.7314286,9.812635,2.6084828
21283,1436609021963,0.7541735,9.860519,2.5917234
21284,1436609021987,0.75596917,9.939528,2.6192567
21285,1436609022007,0.75118077,9.929353,2.6072857
21286,1436609022029,0.7080852,9.946711,2.6312277
21287,1436609022047,0.66379243,9.91439,2.6234465
21288,1436609022063,0.6428431,9.911995,2.5659857
21289,1436609022086,0.60214174,9.900024,2.5779567
21290,1436609022110,0.61112,9.911396,2.6048915
21291,1436609022127,0.5734113,9.920973,2.6509798
21292,1436609022144,0.581791,9.8994255,2.6402059
21293,1436609022163,0.62009823,9.882068,2.6270378
21294,1436609022183,0.6404489,9.897031,2.6581624
21295,1436609022205,0.60812724,9.911995,2.6515784
21296,1436609022229,0.50996494,9.901221,2.6402059
21297,1436609022250,0.43394905,9.915586,2.64679
21298,1436609022267,0.39923313,9.926959,2.682703
21299,1436609022284,0.3250129,9.87668,2.6479871
21300,1436609022304,0.27114335,9.858126,2.6162639
21301,1436609022324,0.26396075,9.800066,2.5845408
21302,1436609022347,0.31543607,9.809045,2.532467
21303,1436609022364,0.37110126,9.821015,2.5037365
21304,1436609022417,0.40521863,9.821015,2.552219
21305,1436609022418,0.4249708,9.88925,2.5558102
21306,1436609022432,0.44232875,9.911995,2.5839422
21307,1436609022444,0.46327803,9.940725,2.5659857
21308,1436609022467,0.46806642,9.956287,2.5342624
21309,1436609022485,0.4830302,9.967062,2.5582044
21310,1436609022505,0.46926352,9.981427,2.5755625
21311,1436609022527,0.39324763,10.008362,2.5809495
21312,1436609022546,0.2753332,10.086173,2.4785974
21313,1436609022565,0.21428105,9.962274,2.4708161
21314,1436609022584,0.20350714,9.873688,2.4708161
21315,1436609022606,0.20051439,9.81922,2.4839842
21316,1436609022625,0.23942018,9.799467,2.4582467
21317,1436609022647,0.24181437,9.760562,2.473809
21318,1436609022667,0.25079262,9.822212,2.4570496
21319,1436609022687,0.23403321,9.842564,2.4612393
21320,1436609022707,0.22804771,9.859921,2.473809
21321,1436609022728,0.19632454,9.932345,2.4899697
21322,1436609022747,0.14425065,9.998186,2.4827871
21323,1436609022768,0.10654198,10.06283,2.4504654
21324,1436609022788,0.12210429,10.103531,2.4432828
21325,1436609022804,0.12270284,10.189722,2.4091654
21326,1436609022826,0.1376666,10.171766,2.4552538
21327,1436609022848,0.17896658,10.140042,2.48159
21328,1436609022867,0.15861586,10.140042,2.4720132
21329,1436609022887,0.14784196,10.120291,2.4450784
21330,1436609022906,0.130484,10.1226845,2.393603
21331,1436609022928,0.17717093,10.093954,2.3624785
21332,1436609022948,0.19812019,9.999982,2.4157495
21333,1436609022969,0.12749124,10.000581,2.3642743
21334,1436609022988,0.12090719,10.002377,2.3229742
21335,1436609023007,0.16879122,9.947908,2.3229742
21336,1436609023028,0.29807812,9.874287,2.3397336
21337,1436609023047,0.427365,9.829395,2.3535004
21338,1436609023160,0.5446809,9.817424,2.3247697
21339,1436609023161,0.66139823,9.8683,2.31639
21340,1436609023162,0.7392098,9.913791,2.3409307
21341,1436609023169,0.76195467,9.929952,2.396596
21342,1436609023170,0.7158663,9.880272,2.4091654
21343,1436609023171,0.6398504,9.849147,2.4013844
21344,1436609023185,0.6039374,9.865907,2.3409307
21345,1436609023206,0.57520694,9.873089,2.3373394
21346,1436609023225,0.61052144,9.850345,2.3888147
21347,1436609023247,0.63206923,9.813833,2.4223335
21348,1436609023266,0.6338649,9.825804,2.4067712
21349,1436609023286,0.6512229,9.786898,2.384625
21350,1436609023305,0.6739678,9.794679,2.3594859
21351,1436609023327,0.7074866,9.873688,2.3361423
21352,1436609023345,0.74639237,9.910199,2.3421278
21353,1436609023368,0.717662,9.953894,2.31639
21354,1436609023388,0.6823475,9.968858,2.3050177
21355,1436609023408,0.61171854,10.038289,2.303222
21356,1436609023428,0.5129577,10.140042,2.232593
21357,1436609023448,0.427365,10.228628,2.1206641
21358,1436609023468,0.41120413,10.240001,2.1086931
21359,1436609023488,0.4285621,10.2178545,2.1296425
21360,1436609023508,0.4237737,10.204686,2.1086931
21361,1436609023529,0.41240123,10.160394,2.1080947
21362,1436609023545,0.41120413,10.137649,2.095525
21363,1436609023568,0.4357447,10.21546,2.0512323
21364,1436609023586,0.4770447,10.13705,2.1027076
21365,1436609023606,0.4890157,10.116699,2.1380222
21366,1436609023626,0.492607,10.111911,2.1338322
21367,1436609023651,0.54168814,10.111911,2.1577742
21368,1436609023668,0.57400984,10.059837,2.1625626
21369,1436609023692,0.6194997,10.03769,2.1877017
21370,1436609023708,0.65900403,10.044274,2.212841
21371,1436609023727,0.6985083,10.0508585,2.1745336
21372,1436609023746,0.7368156,10.043077,2.1571758
21373,1436609023766,0.7954735,10.020332,2.1613655
21374,1436609023786,0.82240826,9.998785,2.156577
21375,1436609023809,0.81522566,9.93893,2.1930888
21376,1436609023871,0.7589619,9.914988,2.203264
21377,1436609023872,0.6697779,9.860519,2.223615
21378,1436609023873,0.533907,9.850943,2.1703439
21379,1436609023887,0.4441244,9.846753,2.1906946
21380,1436609023908,0.37229836,9.894038,2.2038627
21381,1436609023926,0.29987377,9.91439,2.2511482
21382,1436609023946,0.24600422,9.952697,2.2415714
21383,1436609023969,0.23463176,10.004171,2.235586
21384,1436609023986,0.25378537,10.1143055,2.2176294
21385,1436609024007,0.2693477,10.199898,2.184709
21386,1436609024031,0.34476504,10.277709,2.1930888
21387,1436609024046,0.3866636,10.222044,2.1871033
21388,1436609024071,0.4758476,10.10413,2.131438
21389,1436609024086,0.57520694,10.062231,2.1003134
21390,1436609024108,0.6536171,10.004171,2.124854
21391,1436609024131,0.7218518,9.936536,2.1631613
21392,1436609024150,0.76195467,9.897031,2.19249
21393,1436609024169,0.777517,9.826403,2.172738
21394,1436609024189,0.7703344,9.764751,2.1098902
21395,1436609024206,0.7823054,9.742605,2.0159178
21396,1436609024230,0.825401,9.6845455,1.9500773
21397,1436609024249,0.90261406,9.688137,1.9315223
21398,1436609024267,0.95229375,9.703699,1.9548657
21399,1436609024289,1.0510546,9.712678,1.9722236
21400,1436609024309,1.115698,9.850943,1.946486
21401,1436609024327,1.1923125,9.945514,1.9806033
21402,1436609024346,1.2449849,9.909002,2.03148
21403,1436609024366,1.3066356,9.951499,2.0045455
21404,1436609024391,1.264737,9.998186,1.9554642
21405,1436609024412,1.1851299,10.074203,1.9015948
21406,1436609024432,1.0720038,10.174759,1.8632874
21407,1436609024449,0.93134445,10.474034,1.8608932
21408,1436609024466,0.8535329,10.62846,1.9393034
21409,1436609024487,0.8343793,10.590752,2.098518
21410,1436609024506,0.86011696,10.483012,2.2547395
21411,1436609024528,0.7218518,10.427945,2.3139958
21412,1436609024547,0.44831428,10.381857,2.2427685
21413,1436609024604,0.11372458,10.304046,2.1254525
21414,1436609024616,-0.077213004,10.222643,2.0009542
21415,1436609024617,-0.12090719,10.147225,1.9883845
21416,1436609024626,-0.079008654,10.118495,1.9674352
21417,1436609024647,0.060453594,10.044274,2.0081367
21418,1436609024666,0.24899697,10.081984,2.0189106
21419,1436609024687,0.49320555,10.081984,2.1015105
21420,1436609024709,0.65242,10.029909,2.1320367
21421,1436609024726,0.7637503,10.032902,2.1709423
21422,1436609024747,0.83497787,10.005369,2.1505916
21423,1436609024772,0.9355343,9.980229,2.1296425
21424,1436609024787,0.9720459,9.954493,2.1470003
21425,1436609024811,1.0372878,10.018537,2.1637597
21426,1436609024831,1.0737995,9.983821,2.2307975
21427,1436609024850,1.0720038,9.931747,2.2888567
21428,1436609024870,1.033098,9.884461,2.3517046
21429,1436609024890,0.94930094,9.865907,2.3307555
21430,1436609024910,0.85891986,9.828198,2.2864625
21431,1436609024930,0.7882909,9.757569,2.369661
21432,1436609024950,0.6667852,9.672575,2.367267
21433,1436609024970,0.56982,9.688736,2.248754
21434,1436609024990,0.58897364,9.726444,2.204461
21435,1436609025008,0.75477207,9.712079,2.3277626
21436,1436609025029,0.94570965,9.762956,2.5103204
21437,1436609025047,1.0821792,9.850345,2.669535
21438,1436609025066,1.1180922,9.841366,2.7281928
21439,1436609025087,1.1234791,9.860519,2.7964275
21440,1436609025109,1.1498153,9.938332,2.8119898
21441,1436609025135,1.0205284,9.937134,2.771887
21442,1436609025152,0.85054016,9.837775,2.753332
21443,1436609025172,0.6560113,9.662399,2.6629508
21444,1436609025190,0.5446809,9.635465,2.565387
21445,1436609025207,0.47644615,9.639056,2.504335
21446,1436609025227,0.3645172,9.697116,2.4588451
21447,1436609025247,0.28311434,9.795278,2.4552538
21448,1436609025268,0.29807812,9.781511,2.556409
21449,1436609025290,0.2873042,9.849746,2.6210523
21450,1436609025337,0.26755205,9.901819,2.6360161
21451,1436609025338,0.27593175,9.926959,2.6390088
21452,1436609025348,0.28191724,9.903017,2.6557682
21453,1436609025367,0.29987377,9.81084,2.6856956
21454,1436609025387,0.35194764,9.686341,2.710835
21455,1436609025408,0.439336,9.675568,2.6551697
21456,1436609025427,0.4890157,9.617508,2.5635915
21457,1436609025449,0.6368576,9.575011,2.505532
21458,1436609025467,0.80804306,9.545682,2.504335
21459,1436609025487,0.9151836,9.577405,2.5498247
21460,1436609025507,0.9935937,9.707291,2.5420437
21461,1436609025529,1.0289081,9.731233,2.5713725
21462,1436609025548,1.0313023,9.825205,2.5677812
21463,1436609025570,1.0055647,10.047866,2.4672248
21464,1436609025590,1.0223241,10.151415,2.4235306
21465,1436609025610,0.99299514,10.17416,2.461838
21466,1436609025630,0.9163807,10.220847,2.570774
21467,1436609025650,0.8283938,10.2178545,2.5923219
21468,1436609025670,0.7918822,10.295067,2.509722
21469,1436609025690,0.8367735,10.138845,2.5773582
21470,1436609025710,0.8098387,10.1304655,2.5773582
21471,1436609025730,0.6847417,10.251373,2.534861
21472,1436609025747,0.46387658,10.204087,2.5198972
21473,1436609025770,0.24420857,9.989208,2.5450363
21474,1436609025790,-0.0017956513,9.887454,2.4917655
21475,1436609025810,-0.18136078,9.742605,2.4372973
21476,1436609025829,-0.2645593,9.762956,2.372654
21477,1436609025849,-0.22685061,9.816227,2.236783
21478,1436609025870,-0.108936176,9.89763,2.1511903
21479,1436609025890,0.08499416,10.01315,2.184709
21480,1436609025916,0.2885013,10.10413,2.2343888
21481,1436609025963,0.45669398,10.159795,2.3540988
21482,1436609025964,0.4890157,10.234015,2.4001873
21483,1436609025968,0.44592008,10.261548,2.4426842
21484,1436609025989,0.3842694,10.2406,2.4510639
21485,1436609026008,0.30226797,10.155605,2.4624364
21486,1436609026122,0.25917232,10.057443,2.4839842
21487,1436609026123,0.18734628,9.998186,2.496554
21488,1436609026124,0.11432313,9.965266,2.5031378
21489,1436609026125,0.07062895,9.923966,2.486977
21490,1436609026126,0.08020575,9.965864,2.5432408
21491,1436609026141,0.1388637,9.885659,2.6569653
21492,1436609026169,0.2124854,9.911995,2.6605566
21493,1436609026170,0.23403321,9.955689,2.6569653
21494,1436609026188,0.24839842,10.011953,2.6886885
21495,1436609026212,0.24420857,10.031705,2.6821043
21496,1436609026228,0.22864626,9.958682,2.7431567
21497,1436609026253,0.17477672,9.89763,2.7886465
21498,1436609026272,0.107739076,9.8754835,2.7730842
21499,1436609026289,0.08738836,9.877279,2.814384
21500,1436609026310,0.12270284,9.8677025,2.819771
21501,1436609026330,0.17178397,9.809643,2.8413188
21502,1436609026351,0.24301147,9.7240505,2.8341362
21503,1436609026371,0.34356794,9.648034,2.834735
21504,1436609026391,0.43514615,9.66659,2.7832594
21505,1436609026411,0.43035775,9.674969,2.7850552
21506,1436609026430,0.42916065,9.706693,2.782661
21507,1436609026448,0.44352585,9.744401,2.801216
21508,1436609026470,0.51235914,9.817424,2.8892028
21509,1436609026499,0.58777654,9.850345,2.9173348
21510,1436609026532,0.6344634,9.830592,2.961029
21511,1436609026533,0.6290765,9.835979,3.0292637
21512,1436609026548,0.54168814,9.872491,3.0172927
21513,1436609026568,0.44711718,9.888053,2.9861681
21514,1436609026588,0.3681085,9.900024,2.9825768
21515,1436609026610,0.32321724,9.861717,3.0202854
21516,1436609026669,0.26036942,9.949704,3.0502129
21517,1436609026671,0.20949265,9.905411,3.0556
21518,1436609026672,0.19153613,9.957485,3.032855
21519,1436609026688,0.219668,9.9550905,3.083732
21520,1436609026708,0.2136825,10.040684,3.1304188
21521,1436609026729,0.15981296,10.023325,3.2279825
21522,1436609026749,0.06823475,10.002377,3.3985693
21523,1436609026769,-0.04249708,10.016742,3.4811692
21524,1436609026820,-0.1592144,9.911995,3.5152867
21525,1436609026821,-0.25318682,9.777321,3.5302503
21526,1436609026835,-0.35254622,9.766547,3.4464533
21527,1436609026850,-0.3537433,9.639056,3.3722332
21528,1436609026868,-0.18136078,9.423578,3.4093432
21529,1436609026888,0.011971008,9.296086,3.4368765
21530,1436609026908,0.15263036,9.278131,3.3446999
21531,1436609026945,0.23642741,9.218874,3.3081882
21532,1436609026948,0.43873745,9.264363,3.3488896
21533,1436609026969,0.6242881,9.270947,3.369839
21534,1436609026989,0.80086046,9.350554,3.4021606
21535,1436609027009,0.90740246,9.408015,3.3794158
21536,1436609027028,0.9923966,9.56304,3.34051
21537,1436609027048,1.0516531,9.664794,3.3464954
21538,1436609027068,1.1354501,9.679159,3.472191
21539,1436609027088,1.2072762,9.673173,3.5727475
21540,1436609027108,1.2593501,9.597756,3.5889084
21541,1436609027128,1.2671312,9.561244,3.6044707
21542,1436609027148,1.2605472,9.537901,3.591901
21543,1436609027168,1.2108675,9.475652,3.6236243
21544,1436609027188,1.2695254,9.34397,3.6140475
21545,1436609027208,1.376666,9.280524,3.6541502
21546,1436609027228,1.4107834,9.3499565,3.5619736
21547,1436609027248,1.4580688,9.3104515,3.4769795
21548,1436609027268,1.3982137,9.370906,3.4117374
21549,1436609027289,1.2012907,9.390059,3.4781766
21550,1436609027308,1.0582372,9.363723,3.4506433
21551,1436609027328,0.93134445,9.277532,3.3554738
21552,1436609027351,0.99658644,9.051878,3.311181
21553,1436609027369,1.3640964,9.029133,3.2519245
21554,1436609027388,1.9141643,9.011775,3.4063504
21555,1436609027409,2.3259668,9.191938,3.5655649
21556,1436609027430,2.4432828,9.336189,3.6421793
21557,1436609027450,2.3157916,9.342773,3.5529952
21558,1436609027493,2.1266496,9.399636,3.3087866
21559,1436609027494,1.9542671,9.3733,3.0304608
21560,1436609027508,1.8632874,9.38168,2.8233624
21561,1436609027528,1.797447,9.406818,2.7647045
21562,1436609027549,1.9255368,9.534309,2.7329812
21563,1436609027570,2.098518,9.639056,2.7569232
21564,1436609027590,2.2511482,9.589376,2.8963854
21565,1436609027610,2.2212207,9.536704,2.947861
21566,1436609027628,2.0350714,9.616311,2.8526914
21567,1436609027650,1.8106151,9.713875,2.7401638
21568,1436609027672,1.5939398,9.895236,2.707842
21569,1436609027690,1.4215573,10.030508,2.8137856
21570,1436609027712,1.2671312,10.117298,3.0101101
21571,1436609027730,1.0576386,10.197504,3.157952
21572,1436609027750,0.8218097,10.115502,3.1681273
21573,1436609027772,0.7410054,10.143036,2.918532
21574,1436609027792,0.8678981,10.1143055,2.6940753
21575,1436609027812,1.0875661,9.919178,2.553416
21576,1436609027831,1.364695,9.837176,2.3822308
21577,1436609027852,1.6657659,9.773131,2.3229742
21578,1436609027872,1.7860745,9.712678,2.2888567
21579,1436609027893,1.875857,9.602545,2.319383
21580,1436609027913,1.846528,9.5809965,2.3714569
21581,1436609027929,1.738789,9.704897,2.4067712
21582,1436609027950,1.5544355,9.724648,2.468422
21583,1436609027972,1.3221979,9.7719345,2.5516205
21584,1436609027992,1.1043255,9.922769,2.5833437
21585,1436609028013,0.8690952,10.0029745,2.5396495
21586,1436609028033,0.7098808,9.975441,2.5360582
21587,1436609028052,0.6368576,9.8754835,2.5318682
21588,1436609028070,0.5955577,9.7863,2.5121162
21589,1436609028095,0.5943606,9.776723,2.5480292
21590,1436609028190,0.54408234,10.024523,2.4917655
21591,1436609028191,0.3752911,10.62846,2.1948843
21592,1436609028192,0.34476504,10.825981,2.0620062
21593,1436609028193,0.57161564,10.500969,2.3080103
21594,1436609028194,1.0390835,10.16578,2.5851393
21595,1436609028210,1.4796166,9.998186,2.7371712
21596,1436609028230,1.6490064,9.921572,2.7102363
21597,1436609028250,1.5574282,9.974244,2.6617537
21598,1436609028270,1.2449849,10.023325,2.5677812
21599,1436609028290,0.91817635,9.974843,2.3702598
21600,1436609028309,0.8331822,9.877877,2.1990743
21601,1436609028329,0.8511387,9.749189,2.27928
21602,1436609028349,0.7637503,9.768343,2.379238
21603,1436609028369,0.66498953,9.840768,2.4115596
21604,1436609028390,0.47884035,9.931747,2.369661
21605,1436609028410,0.3345897,9.937733,2.4115596
21606,1436609028430,0.20530279,9.926959,2.4648306
21607,1436609028450,0.14844051,10.034698,2.5025394
21608,1436609028470,0.24001873,10.101735,2.5504234
21609,1436609028490,0.38606504,10.128671,2.52289
21610,1436609028510,0.641646,10.184934,2.4636335
21611,1436609028530,0.9816227,10.037092,2.5198972
21612,1436609028550,1.311424,9.837176,2.5558102
21613,1436609028570,1.4634558,9.812037,2.4911668
21614,1436609028590,1.5071499,9.877279,2.4025815
21615,1436609028610,1.578976,9.832987,2.3080103
21616,1436609028630,1.5466543,9.749788,2.2816741
21617,1436609028650,1.4580688,9.760562,2.3002293
21618,1436609028670,1.3563153,9.730635,2.3157916
21619,1436609028689,1.2916719,9.777321,2.2463598
21620,1436609028712,1.2611457,9.81503,2.273893
21621,1436609028732,1.2802993,9.855133,2.3624785
21622,1436609028749,1.287482,9.942521,2.3840263
21623,1436609028769,1.2563573,10.014347,2.384625
21624,1436609028790,1.2563573,10.058042,2.392406
21625,1436609028810,1.2240356,10.071808,2.3505075
21626,1436609028830,1.1366472,10.081984,2.3127987
21627,1436609028849,1.062427,10.016143,2.271499
21628,1436609028872,1.0295067,9.967062,2.191293
21629,1436609028890,1.0720038,9.871892,2.1290438
21630,1436609028912,1.1504139,9.88925,2.2038627
21631,1436609028931,1.2240356,9.943718,2.2517467
21632,1436609028950,1.2844892,10.061034,2.1655555
21633,1436609028972,1.3431472,10.099341,2.1350293
21634,1436609028995,1.4185646,10.044873,2.1984756
21635,1436609029012,1.4850036,10.001179,2.2697031
21636,1436609029032,1.4454993,9.982624,2.285864
21637,1436609029052,1.388637,9.955689,2.19249
21638,1436609029072,1.4107834,9.853935,2.1338322
21639,1436609029091,1.4502877,9.809045,2.1763294
21640,1436609029111,1.5729905,9.794081,2.235586
21641,1436609029132,1.6555905,9.813234,2.3056161
21642,1436609029150,1.7088615,9.799467,2.328361
21643,1436609029172,1.7531542,9.865907,2.3050177
21644,1436609029190,1.8052281,9.852738,2.3116016
21645,1436609029214,1.8764555,9.812037,2.3540988
21646,1436609029230,1.9315223,9.7563715,2.3056161
21647,1436609029251,1.9614497,9.70789,2.2463598
21648,1436609029270,1.9907787,9.704298,2.1799207
21649,1436609029293,2.0171149,9.735423,2.2158337
21650,1436609029317,2.0751743,9.690532,2.2990322
21651,1436609029332,2.0901382,9.66659,2.3588872
21652,1436609029355,2.0219033,9.603143,2.3642743
21653,1436609029372,1.9446903,9.696517,2.369661
21654,1436609029392,1.8477252,9.780912,2.3493104
21655,1436609029410,1.7495629,9.692925,2.3750482
21656,1436609029433,1.6418238,9.728839,2.3959973
21657,1436609029451,1.536479,9.789292,2.3624785
21658,1436609029485,1.4413095,9.847352,2.2948422
21659,1436609029491,1.4149733,9.929353,2.336741
21660,1436609029511,1.4431051,9.891046,2.3582888
21661,1436609029532,1.4969746,9.820416,2.304419
21662,1436609029554,1.5652094,9.760562,2.267309
21663,1436609029570,1.5717934,9.746197,2.2643163
21664,1436609029593,1.4784195,9.841965,2.2625206
21665,1436609029611,1.3557167,9.880272,2.2661119
21666,1436609029631,1.3521254,9.848549,2.2744915
21667,1436609029653,1.3652935,9.841366,2.2679076
21668,1436609029675,1.3796587,9.861118,2.3020248
21669,1436609029691,1.3910311,9.879075,2.3157916
21670,1436609029714,1.4024036,9.940725,2.27928
21671,1436609029732,1.4095862,9.96766,2.2984335
21672,1436609029753,1.3814543,9.941922,2.3349452
21673,1436609029773,1.340753,9.894038,2.3864205
21674,1436609029794,1.2467805,9.8754835,2.3439236
21675,1436609029814,1.146224,9.889849,2.328361
21676,1436609029832,1.0923545,9.960478,2.3187842
21677,1436609029853,1.049259,9.952098,2.349909
21678,1436609029875,1.021127,9.88925,2.429516
21679,1436609029894,0.97503865,9.908403,2.4223335
21680,1436609029915,0.943914,9.885659,2.417545
21681,1436609029934,0.9576807,9.921572,2.372654
21682,1436609029955,0.9463082,9.950901,2.3546975
21683,1436609029974,0.97025025,9.964667,2.372654
21684,1436609029994,0.96067345,9.950302,2.3870192
21685,1436609030015,0.94930094,9.958682,2.381632
21686,1436609030036,0.9498995,9.974843,2.393603
21687,1436609030052,0.9403227,9.97185,2.368464
21688,1436609030079,0.961272,9.964667,2.3720553
21689,1436609030094,0.9636662,9.934141,2.4037786
21690,1436609030176,0.91937345,9.922769,2.4145525
21691,1436609030177,0.88166475,9.94312,2.4127567
21692,1436609030178,0.8750807,9.929952,2.4331074
21693,1436609030179,0.8643068,9.958083,2.4384944
21694,1436609030198,0.8690952,9.888652,2.4349031
21695,1436609030212,0.86011696,9.822212,2.4552538
21696,1436609030233,0.86490536,9.808446,2.463035
21697,1436609030253,0.8726865,9.8198185,2.4253263
21698,1436609030272,0.908001,9.822811,2.3888147
21699,1436609030295,0.9552865,9.822212,2.3612814
21700,1436609030312,1.0247183,9.808446,2.441487
21701,1436609030333,1.0749966,9.7803135,2.4486697
21702,1436609030352,1.1121067,9.781511,2.3882163
21703,1436609030375,1.1079168,9.877279,2.3241713
21704,1436609030392,1.1145009,9.882666,2.3229742
21705,1436609030422,1.0714053,9.886856,2.3343468
21706,1436609030434,0.9528923,9.880871,2.3666685
21707,1436609030455,0.8924387,9.878476,2.3373394
21708,1436609030475,0.85173726,9.968858,2.2661119
21709,1436609030496,0.8655039,10.01734,2.2613235
21710,1436609030515,0.8403648,10.011354,2.2864625
21711,1436609030534,0.76434886,9.950302,2.3594859
21712,1436609030556,0.6428431,9.923966,2.3989902
21713,1436609030576,0.52492875,9.952697,2.3828292
21714,1436609030593,0.40282443,10.00477,2.3092074
21715,1436609030616,0.3453636,10.011953,2.284667
21716,1436609030635,0.38307226,10.001179,2.3080103
21717,1436609030655,0.46267948,10.040684,2.3469162
21718,1436609030675,0.5722142,10.014946,2.4343045
21719,1436609030695,0.6452374,10.032304,2.4301147
21720,1436609030715,0.6410475,10.032902,2.4301147
21721,1436609030734,0.5674258,9.986216,2.4109612
21722,1436609030756,0.5434838,9.987412,2.3959973
21723,1436609030776,0.49559975,9.965266,2.3959973
21724,1436609030796,0.4201824,9.906608,2.4594438
21725,1436609030818,0.3645172,9.859921,2.4438813
21726,1436609030833,0.33758244,9.865308,2.4121583
21727,1436609030863,0.34835634,9.965864,2.343325
21728,1436609030974,0.46387658,10.114903,2.331354
21729,1436609030977,0.5153519,10.149021,2.4265234
21730,1436609030978,0.50637364,10.122087,2.4995465
21731,1436609030979,0.46327803,10.0825815,2.4941597
21732,1436609030980,0.44532153,10.043676,2.4307132
21733,1436609030981,0.41120413,9.968259,2.3942018
21734,1436609030993,0.4285621,9.883863,2.3594859
21735,1436609031014,0.4973954,9.88506,2.3331497
21736,1436609031035,0.55006784,9.910199,2.3570917
21737,1436609031053,0.6476316,9.9233675,2.380435
21738,1436609031085,0.6991069,10.042479,2.4235306
21739,1436609031095,0.7110779,9.987412,2.4636335
21740,1436609031116,0.7140707,10.094553,2.4091654
21741,1436609031133,0.6889315,10.083779,2.372654
21742,1436609031153,0.6464345,10.101735,2.343325
21743,1436609031172,0.6386533,10.020931,2.3948002
21744,1436609031195,0.62129533,9.949105,2.44448
21745,1436609031216,0.60094464,9.855133,2.40318
21746,1436609031235,0.60693014,9.810242,2.3523033
21747,1436609031256,0.70509243,9.7958765,2.2679076
21748,1436609031276,0.7870938,9.805453,2.2391772
21749,1436609031296,0.8379706,9.817424,2.2888567
21750,1436609031316,0.88645315,9.909601,2.3427265
21751,1436609031335,0.908001,10.071808,2.3517046
21752,1436609031356,0.9768343,10.13286,2.3876176
21753,1436609031375,1.0241197,10.086772,2.4612393
21754,1436609031395,1.0115502,10.027515,2.457648
21755,1436609031416,0.9648633,9.968858,2.405574
21756,1436609031432,0.87089086,9.880272,2.3517046
21757,1436609031454,0.842759,9.821614,2.337938
21758,1436609031476,0.8038532,9.785701,2.3415294
21759,1436609031498,0.7667431,9.814431,2.3439236
21760,1436609031518,0.7757214,9.879673,2.297835
21761,1436609031539,0.8026561,9.922171,2.3169887
21762,1436609031556,0.8415619,9.870096,2.4127567
21763,1436609031573,0.84335756,9.946113,2.4103625
21764,1436609031593,0.8750807,10.040684,2.3295584
21765,1436609031614,0.8882488,10.031107,2.385822
21766,1436609031635,0.93613285,9.991004,2.4193408
21767,1436609031654,0.88166475,9.871892,2.4390929
21768,1436609031720,0.81283146,9.780912,2.4510639
21769,1436609031721,0.80564886,9.778519,2.4025815
21770,1436609031722,0.84575176,9.803658,2.3852234
21771,1436609031733,0.82719666,9.829993,2.420538
21772,1436609031758,0.777517,9.925163,2.4187422
21773,1436609031775,0.6488287,10.0269165,2.333748
21774,1436609031796,0.6332663,10.083779,2.271499
21775,1436609031817,0.6811504,10.122087,2.2505496
21776,1436609031834,0.7541735,10.121488,2.2409728
21777,1436609031855,0.83976626,10.084377,2.2631192
21778,1436609031874,0.85772276,10.051457,2.273893
21779,1436609031894,0.8265981,10.090961,2.2505496
21780,1436609031913,0.82480246,10.040085,2.2349873
21781,1436609031936,0.83856916,9.997588,2.2080526
21782,1436609031953,0.82899237,9.946711,2.2529438
21783,1436609031973,0.78888947,9.93474,2.243367
21784,1436609031996,0.76434886,10.015544,2.2589293
21785,1436609032016,0.75836337,10.065224,2.28347
21786,1436609032037,0.7182605,10.0903635,2.3122003
21787,1436609032059,0.6841431,10.004171,2.3307555
21788,1436609032075,0.5805939,9.941324,2.3050177
21789,1436609032098,0.6003461,9.915586,2.2589293
21790,1436609032114,0.6266823,9.84795,2.248754
21791,1436609032136,0.7224504,9.855731,2.2517467
21792,1436609032156,0.85473,9.907207,2.2373815
21793,1436609032176,0.9911995,9.946113,2.2601264
21794,1436609032195,1.074398,9.958083,2.3110032
21795,1436609032216,1.0881647,9.919178,2.3211784
21796,1436609032236,1.1109096,9.916184,2.2984335
21797,1436609032257,1.0995371,9.889849,2.2391772
21798,1436609032277,1.1133038,9.871892,2.204461
21799,1436609032295,1.1546037,9.884461,2.1811178
21800,1436609032316,1.192911,9.832388,2.1906946
21801,1436609032334,1.198298,9.813234,2.2008698
21802,1436609032355,1.2389994,9.811439,2.2296004
21803,1436609032374,1.2599486,9.854534,2.2230163
21804,1436609032426,1.276708,9.918579,2.203264
21805,1436609032427,1.3156139,9.920375,2.2164323
21806,1436609032441,1.292869,9.91439,2.247557
21807,1436609032454,1.2491747,9.902418,2.247557
21808,1436609032489,1.1923125,9.89344,2.2373815
21809,1436609032494,1.1617863,9.914988,2.19249
21810,1436609032525,1.1282675,9.89763,2.179322
21811,1436609032546,1.1091139,9.966463,2.1511903
21812,1436609032554,1.146224,9.979631,2.1739352
21813,1436609032574,1.1240777,9.931149,2.1859062
21814,1436609032594,1.1414356,9.932345,2.1942859
21815,1436609032614,1.1552023,9.968259,2.191293
21816,1436609032634,1.1408371,9.9712515,2.1511903
21817,1436609032657,1.1839328,9.965864,2.1709423
21818,1436609032677,1.1605892,9.990405,2.1906946
21819,1436609032697,1.1133038,10.02572,2.1559787
21820,1436609032717,1.0301052,10.049063,2.144606
21821,1436609032737,1.0055647,9.962274,2.1637597
21822,1436609032757,1.0247183,9.949105,2.1709423
21823,1436609032777,1.0187328,9.961076,2.1637597
21824,1436609032796,1.0714053,9.937134,2.1481974
21825,1436609032819,1.0720038,9.951499,2.1493945
21826,1436609032837,1.0803835,9.973646,2.1511903
21827,1436609032858,1.0642227,10.003573,2.1547816
21828,1436609032876,1.0468647,10.01315,2.1679497
21829,1436609032896,1.0600328,9.983223,2.1841104
21830,1436609032918,1.033098,9.965864,2.1745336
21831,1436609032938,1.0366893,9.959879,2.1404164
21832,1436609032959,1.0420763,9.980828,2.1057005
21833,1436609032977,1.0636241,9.981427,2.123657
21834,1436609032996,1.0875661,9.949704,2.1745336
21835,1436609033015,1.0947487,9.934141,2.1877017
21836,1436609033038,1.079785,9.964069,2.1829133
21837,1436609033056,1.0702082,9.968259,2.147599
21838,1436609033159,1.0648212,10.004171,2.1284454
21839,1436609033160,1.0564415,9.991004,2.1386206
21840,1436609033161,1.0115502,10.007165,2.135628
21841,1436609033162,0.9840169,10.019135,2.1559787
21842,1436609033163,0.97264445,10.029311,2.1039047
21843,1436609033175,0.9516952,10.111312,2.0805612
21844,1436609033196,0.97384155,10.064027,2.1278467
21845,1436609033215,0.97264445,10.056246,2.146402
21846,1436609033235,0.91817635,10.043077,2.1631613
21847,1436609033257,0.93254155,10.043676,2.1416135
21848,1436609033276,0.8822633,10.046669,2.1218612
21849,1436609033295,0.85652566,10.132261,2.156577
21850,1436609033316,0.79966336,10.200497,2.2164323
21851,1436609033336,0.7565677,10.153211,2.15957
21852,1436609033358,0.79846627,10.138845,2.0739772
21853,1436609033378,0.91338795,10.102334,2.1033063
21854,1436609033398,1.0235212,10.092757,2.135628
21855,1436609033418,1.1031284,10.064027,2.1817162
21856,1436609033435,1.0881647,10.022128,2.2230163
21857,1436609033458,0.9959879,9.951499,2.2709002
21858,1436609033478,0.94690675,9.865907,2.2918496
21859,1436609033498,0.9391256,9.850943,2.2457612
21860,1436609033518,0.94331545,9.858724,2.2331917
21861,1436609033536,0.97025025,9.857527,2.1942859
21862,1436609033558,1.0420763,9.849147,2.2176294
21863,1436609033578,1.0965444,9.85214,2.2451627
21864,1436609033598,1.1408371,9.888053,2.2798786
21865,1436609033618,1.1653777,9.904813,2.2577322
21866,1436609033637,1.1881226,9.901221,2.2164323
21867,1436609033658,1.1695676,9.848549,2.2331917
21868,1436609033679,1.1055226,9.811439,2.2212207
21869,1436609033698,1.0546459,9.818622,2.2104468
21870,1436609033718,0.95349085,9.872491,2.1787236
21871,1436609033737,0.9187749,9.901221,2.2092497
21872,1436609033757,0.8738836,9.903615,2.2720973
21873,1436609033777,0.825401,9.879075,2.3020248
21874,1436609033797,0.79726917,9.833585,2.2463598
21875,1436609033817,0.789488,9.778519,2.2146366
21876,1436609033864,0.79248077,9.770139,2.2062569
21877,1436609033865,0.8194155,9.850943,2.1697452
21878,1436609033884,0.8523358,9.929952,2.1122844
21879,1436609033895,0.8523358,9.886257,2.160767
21880,1436609033923,0.87089086,9.871892,2.184709
21881,1436609033937,0.85891986,9.812037,2.1571758
21882,1436609033957,0.85772276,9.73662,2.0805612
21883,1436609033978,0.8038532,9.828198,2.0440497
21884,1436609033997,0.7721301,9.965266,2.1200657
21885,1436609034016,0.65780693,10.093356,2.190096
21886,1436609034038,0.50158525,10.36031,2.1990743
21887,1436609034055,0.32800564,10.357317,2.3295584
21888,1436609034079,0.16938977,10.260351,2.3834279
21889,1436609034095,0.19393034,10.229227,2.3343468
21890,1436609034119,0.29628247,10.092158,2.2499511
21891,1436609034139,0.47465047,9.999383,2.1350293
21892,1436609034159,0.6392518,9.958083,2.0626047
21893,1436609034179,0.7344214,9.926959,2.0440497
21894,1436609034198,0.78410107,9.908403,2.135628
21895,1436609034217,0.7685388,10.034698,2.1649568
21896,1436609034239,0.6847417,10.125079,2.147599
21897,1436609034259,0.60094464,10.128072,2.166154
21898,1436609034277,0.5518635,10.097546,2.1649568
21899,1436609034299,0.4878186,10.0748005,2.1697452
21900,1436609034316,0.45250413,10.006566,2.1930888
21901,1436609034338,0.44951138,10.040085,2.1709423
21902,1436609034356,0.46686932,10.016742,2.1547816
21903,1436609034381,0.51834464,10.028712,2.1894975
21904,1436609034401,0.53570265,10.03769,2.1691468
21905,1436609034421,0.5805939,10.0664215,2.1823149
21906,1436609034439,0.6218939,10.105926,2.1865046
21907,1436609034456,0.62847793,10.122087,2.19249
21908,1436609034476,0.6135142,10.078991,2.2134395
21909,1436609034496,0.56982,10.003573,2.2122424
21910,1436609034518,0.5554548,9.96347,2.1960814
21911,1436609034536,0.5315128,9.982624,2.1559787
21912,1436609034589,0.5231331,10.011354,2.1511903
21913,1436609034590,0.4938041,10.010158,2.184709
21914,1436609034604,0.4782418,9.97604,2.232593
21915,1436609034616,0.46686932,9.921572,2.2559366
21916,1436609034640,0.48123455,9.991004,2.2290018
21917,1436609034656,0.49799395,9.946113,2.2421699
21918,1436609034677,0.56682724,9.931149,2.208651
21919,1436609034697,0.6811504,9.921572,2.224812
21920,1436609034720,0.7769185,9.959879,2.2266076
21921,1436609034737,0.89603,9.959879,2.260725
21922,1436609034759,0.961272,9.98442,2.2421699
21923,1436609034779,1.0271125,9.958083,2.232593
21924,1436609034796,1.0839748,9.955689,2.1859062
21925,1436609034819,1.1306617,9.8754835,2.1930888
21926,1436609034838,1.1558008,9.844358,2.2026656
21927,1436609034859,1.1216835,9.850345,2.19668
21928,1436609034879,1.0540473,9.835381,2.2176294
21929,1436609034899,0.99419224,9.901819,2.1978772
21930,1436609034919,0.9864111,9.877279,2.2146366
21931,1436609034939,0.97025025,9.905411,2.2469583
21932,1436609034961,0.9552865,10.010158,2.2535424
21933,1436609034977,0.96306765,10.038888,2.2218192
21934,1436609035000,0.9504981,10.09575,2.211644
21935,1436609035019,0.97623575,10.086173,2.2188265
21936,1436609035043,1.0265139,9.968259,2.2092497
21937,1436609035060,1.0474633,9.846154,2.207454
21938,1436609035078,1.0169371,9.828198,2.2361844
21939,1436609035100,0.97623575,9.805453,2.259528
21940,1436609035118,0.91578215,9.787497,2.291251
21941,1436609035140,0.8738836,9.803658,2.321777
21942,1436609035159,0.8002619,9.870096,2.3708582
21943,1436609035181,0.76075757,9.903017,2.4127567
21944,1436609035201,0.6907272,9.895236,2.4426842
21945,1436609035218,0.62129533,9.91439,2.4678235
21946,1436609035237,0.56203884,9.91798,2.4774003
21947,1436609035289,0.5069722,9.935937,2.4827871
21948,1436609035301,0.46926352,9.965864,2.4660277
21949,1436609035302,0.46327803,9.940725,2.392406
21950,1436609035317,0.516549,10.001179,2.349909
21951,1436609035339,0.6254852,9.975441,2.3750482
21952,1436609035357,0.6715736,9.894038,2.4073699
21953,1436609035377,0.712275,9.886257,2.3798366
21954,1436609035399,0.7074866,9.873688,2.3331497
21955,1436609035421,0.7104794,9.941922,2.285864
21956,1436609035437,0.7392098,9.9790325,2.2720973
21957,1436609035460,0.7380127,9.983223,2.3469162
21958,1436609035480,0.6853402,9.987412,2.3870192
21959,1436609035497,0.6314707,9.975441,2.3750482
21960,1436609035520,0.58298814,10.013748,2.3289597
21961,1436609035540,0.56982,10.028712,2.2852654
21962,1436609035560,0.58897364,10.01315,2.28347
21963,1436609035580,0.6027403,10.005967,2.295441
21964,1436609035599,0.5919664,9.975441,2.3229742
21965,1436609035620,0.6572084,10.01315,2.2637177
21966,1436609035640,0.7116765,9.941324,2.2822728
21967,1436609035661,0.7793127,9.932345,2.2744915
21968,1436609035677,0.8230068,9.928156,2.2780828
21969,1436609035700,0.82599956,9.968259,2.3026235
21970,1436609035720,0.8194155,10.020931,2.3415294
21971,1436609035740,0.7954735,9.988609,2.4169466
21972,1436609035760,0.78769237,9.983223,2.4103625
21973,1436609035780,0.7410054,9.8916445,2.4115596
21974,1436609035799,0.6841431,9.843162,2.3403323
21975,1436609035820,0.623091,9.873089,2.2864625
21976,1436609035840,0.61650693,9.892242,2.2631192
21977,1436609035860,0.65541273,9.886257,2.27928
21978,1436609035881,0.65301853,9.906608,2.304419
21979,1436609035901,0.6733692,9.915586,2.2888567
21980,1436609035917,0.6691794,10.043676,2.2290018
21981,1436609035940,0.6434417,10.119692,2.1787236
21982,1436609035962,0.55725044,10.149619,2.1416135
21983,1436609035977,0.4357447,10.125677,2.1787236
21984,1436609036015,0.41240123,10.120889,2.172738
21985,1436609036017,0.3693056,10.1621895,2.1643584
21986,1436609036046,0.34955344,10.158598,2.1529858
21987,1436609036066,0.3298013,10.117298,2.1649568
21988,1436609036093,0.37948096,10.140042,2.1877017
21989,1436609036107,0.46567222,10.164583,2.1775265
21990,1436609036117,0.57041854,10.011354,2.3008277
21991,1436609036138,0.6925228,9.946711,2.3415294
21992,1436609036158,0.8098387,9.927557,2.367267
21993,1436609036177,0.8439561,9.977836,2.3068132
21994,1436609036198,0.9020155,10.030508,2.2493525
21995,1436609036289,0.9463082,9.952098,2.3062148
21996,1436609036290,0.9235633,9.921572,2.3415294
21997,1436609036291,0.86490536,9.879075,2.3421278
21998,1436609036292,0.86251116,9.824008,2.2816741
21999,1436609036305,0.92296475,9.824008,2.223615
22000,1436609036329,0.9463082,9.874287,2.2301989
22001,1436609036337,0.98820674,9.871294,2.271499
22002,1436609036358,0.997185,9.850345,2.308609
22003,1436609036377,1.0145429,9.908403,2.2906525
22004,1436609036398,1.0289081,9.887454,2.256535
22005,1436609036418,1.0336965,9.876082,2.2301989
22006,1436609036438,1.0564415,9.865308,2.2260091
22007,1436609036458,1.0127473,9.939528,2.2331917
22008,1436609036478,0.9504981,9.949704,2.2463598
22009,1436609036498,0.91697925,9.910199,2.2744915
22010,1436609036518,0.93373865,9.894038,2.2529438
22011,1436609036538,0.9223662,9.8994255,2.1859062
22012,1436609036558,0.96905315,9.925163,2.160767
22013,1436609036578,1.0001777,9.835979,2.2014685
22014,1436609036598,1.0067618,9.849746,2.2272062
22015,1436609036619,1.0384849,9.858724,2.2212207
22016,1436609036638,1.0390835,9.818023,2.243367
22017,1436609036659,1.1013328,9.835381,2.1841104
22018,1436609036680,1.1546037,9.850345,2.1769278
22019,1436609036701,1.2144588,9.872491,2.154183
22020,1436609036719,1.2593501,9.849147,2.1829133
22021,1436609036741,1.2808979,9.871892,2.171541
22022,1436609036758,1.3126211,9.915586,2.1380222
22023,1436609036778,1.3371617,9.955689,2.0961237
22024,1436609036798,1.3323733,9.974244,2.0751743
22025,1436609036818,1.3078327,10.058042,2.058415
22026,1436609036838,1.2521675,10.09575,2.0380642
22027,1436609036863,1.2156559,10.139444,1.9907787
22028,1436609036877,1.13964,10.129868,1.9375077
22029,1436609036898,1.1067197,10.061034,1.8800468
22030,1436609036919,1.1701661,10.058042,1.8722657
22031,1436609036952,1.1725603,10.101735,1.8752584
22032,1436609036957,1.1869255,10.171167,1.8632874
22033,1436609036981,1.216853,10.180145,1.899799
22034,1436609036997,1.2521675,10.158598,1.9728222
22035,1436609037019,1.2401965,10.135853,2.011728
22036,1436609037037,1.186327,10.115502,1.9847932
22037,1436609037058,1.1540052,10.129269,1.8968062
22038,1436609037077,1.1468226,10.132261,1.8734628
22039,1436609037098,1.2018893,10.059837,1.9213469
22040,1436609037117,1.2946646,10.006566,1.9853917
22041,1436609037139,1.371279,10.038888,1.9698294
22042,1436609037159,1.3988123,10.019734,1.9506758
22043,1436609037179,1.4395138,9.973646,2.0171149
22044,1436609037199,1.3814543,9.935937,2.0811598
22045,1436609037219,1.2862848,9.972448,2.055422
22046,1436609037238,1.1893197,9.988011,2.0033484
22047,1436609037260,1.1390414,9.950302,2.0189106
22048,1436609037280,1.1007342,9.941922,2.055422
22049,1436609037300,1.0887632,9.907805,2.1404164
22050,1436609037322,1.0953473,9.962274,2.1140802
22051,1436609037338,1.1360487,9.975441,2.1206641
22052,1436609037358,1.22224,9.998186,2.12246
22053,1436609037380,1.2677298,9.962274,2.1883004
22054,1436609037400,1.2174516,9.956886,2.1972785
22055,1436609037420,1.1953052,9.89344,2.2122424
22056,1436609037440,1.1707647,9.877279,2.180519
22057,1436609037459,1.1827357,9.847352,2.1577742
22058,1436609037481,1.1827357,9.835381,2.2002714
22059,1436609037527,1.146224,9.825804,2.2158337
22060,1436609037528,1.1061212,9.834184,2.2391772
22061,1436609037540,1.0600328,9.903615,2.2164323
22062,1436609037559,1.074398,9.920973,2.248754
22063,1436609037582,1.1115081,9.910798,2.2870612
22064,1436609037598,1.09834,9.888652,2.3133974
22065,1436609037619,1.0546459,9.88925,2.2984335
22066,1436609037638,0.9935937,9.89763,2.2631192
22067,1436609037660,0.96665895,9.896433,2.2092497
22068,1436609037679,0.9660604,9.888053,2.2421699
22069,1436609037698,0.9475053,9.877877,2.2703018
22070,1436609037719,0.9247604,9.91439,2.2948422
22071,1436609037740,0.94092125,9.929353,2.2756886
22072,1436609037760,0.97144735,9.977237,2.2762873
22073,1436609037780,1.0001777,10.061633,2.2762873
22074,1436609037799,0.96546185,10.086772,2.272696
22075,1436609037820,0.866701,10.097546,2.203264
22076,1436609037840,0.8170213,10.004171,2.2104468
22077,1436609037861,0.76315176,9.916783,2.207454
22078,1436609037880,0.6979098,9.941324,2.1386206
22079,1436609037902,0.6715736,9.901819,2.1535845
22080,1436609037921,0.7332243,9.878476,2.1960814
22081,1436609037940,0.86370826,9.910199,2.285864
22082,1436609037961,0.9175778,9.937733,2.3439236
22083,1436609037982,0.9379285,9.967062,2.3690627
22084,1436609038001,0.9343372,9.989806,2.3169887
22085,1436609038022,0.93732995,9.919178,2.2948422
22086,1436609038045,0.96187055,9.919776,2.2900538
22087,1436609038060,0.985214,9.932345,2.308609
22088,1436609038083,0.9876082,9.91439,2.308609
22089,1436609038111,0.9864111,9.83957,2.3349452
22090,1436609038119,1.0013748,9.842564,2.3708582
22091,1436609038139,1.002572,9.830592,2.2930467
22092,1436609038159,0.9888053,9.912594,2.2541409
22093,1436609038193,0.985214,9.913791,2.2709002
22094,1436609038205,0.96665895,9.87668,2.280477
22095,1436609038221,0.89603,9.88925,2.2984335
22096,1436609038239,0.8463503,9.883265,2.2996306
22097,1436609038259,0.79128367,9.922171,2.297835
22098,1436609038279,0.7577648,9.998186,2.2870612
22099,1436609038304,0.7134721,10.035895,2.2942438
22100,1436609038321,0.6799533,10.067019,2.2535424
22101,1436609038353,0.7128736,10.020931,2.2667105
22102,1436609038359,0.7685388,10.05445,2.2637177
22103,1436609038379,0.7978677,10.007165,2.2337902
22104,1436609038406,0.82121116,9.941324,2.2768857
22105,1436609038420,0.8098387,9.957485,2.2463598
22106,1436609038443,0.76315176,9.991004,2.2242134
22107,1436609038463,0.741604,10.029311,2.2266076
22108,1436609038483,0.7212533,10.09156,2.208651
22109,1436609038501,0.74519527,10.115502,2.220622
22110,1436609038521,0.74998367,10.094553,2.2732944
22111,1436609038540,0.7553706,10.038289,2.307412
22112,1436609038561,0.7188591,9.970055,2.243367
22113,1436609038581,0.6823475,9.988011,2.1942859
22114,1436609038602,0.700304,9.996989,2.1470003
22115,1436609038622,0.7625532,9.950901,2.1865046
22116,1436609038641,0.80684596,9.959879,2.231396
22117,1436609038662,0.8182184,9.966463,2.256535
22118,1436609038679,0.8242039,9.973047,2.2691047
22119,1436609038701,0.83737206,9.9790325,2.2625206
22120,1436609038721,0.8146271,9.91798,2.2744915
22121,1436609038741,0.8038532,9.876082,2.2744915
22122,1436609038760,0.82599956,9.863512,2.2517467
22123,1436609038780,0.81283146,9.895834,2.2469583
22124,1436609038800,0.82240826,9.93474,2.2511482
22125,1436609038821,0.7673417,9.987412,2.2613235
22126,1436609038841,0.7218518,10.046669,2.3092074
22127,1436609038861,0.6979098,10.077195,2.2756886
22128,1436609038882,0.6715736,10.144233,2.2104468
22129,1436609038973,0.7278373,10.21127,2.1254525
22130,1436609038974,0.7691373,10.1861315,2.1619642
22131,1436609038975,0.79966336,10.193314,2.180519
22132,1436609038976,0.7703344,10.21127,2.1763294
22133,1436609038990,0.74758947,10.248381,2.119467
22134,1436609039003,0.7715315,10.316016,2.143409
22135,1436609039022,0.7667431,10.234015,2.236783
22136,1436609039042,0.7398083,10.238804,2.3181858
22137,1436609039061,0.6973112,10.253767,2.3229742
22138,1436609039083,0.6356605,10.260351,2.3319526
22139,1436609039113,0.66259533,10.190321,2.3660698
22140,1436609039121,0.7200562,10.078392,2.4486697
22141,1436609039141,0.7721301,9.922171,2.5049336
22142,1436609039162,0.79726917,9.668385,2.5007436
22143,1436609039183,0.91697925,9.393052,2.4289176
22144,1436609039207,1.0307038,9.136872,2.3906105
22145,1436609039220,1.0726024,8.936956,2.297835
22146,1436609039241,1.0857705,8.862736,2.273893
22147,1436609039261,1.1510124,8.878897,2.2828712
22148,1436609039282,1.282095,8.981848,2.336741
22149,1436609039303,1.3628993,9.153033,2.4091654
22150,1436609039323,1.3700819,9.419388,2.4504654
22151,1436609039342,1.3551182,9.648034,2.4133554
22152,1436609039363,1.2988545,9.794081,2.433706
22153,1436609039382,1.2126632,10.014946,2.4127567
22154,1436609039402,1.0552444,10.234015,2.379238
22155,1436609039424,0.89902276,10.371083,2.344522
22156,1436609039441,0.6488287,10.648212,2.2667105
22157,1436609039462,0.3669114,10.895413,2.1960814
22158,1436609039481,0.12629414,11.058818,2.1350293
22159,1436609039501,0.024540568,11.045051,2.1631613
22160,1436609039521,0.05746084,10.882844,2.2415714
22161,1436609039541,0.08619126,10.784083,2.3080103
22162,1436609039563,0.19393034,10.648212,2.2756886
22163,1436609039583,0.27114335,10.562619,2.2523453
22164,1436609039601,0.30945057,10.481815,2.2152352
22165,1436609039622,0.31543607,10.236409,2.2373815
22166,1436609039650,0.362123,10.141838,2.271499
22167,1436609039704,0.49081135,10.00896,2.2864625
22168,1436609039705,0.6973112,9.9233675,2.3523033
22169,1436609039706,0.95349085,9.961076,2.3630772
22170,1436609039725,1.1737574,9.916184,2.3762453
22171,1436609039743,1.4496891,9.7641535,2.4091654
22172,1436609039765,1.6543933,9.56723,2.4809916
22173,1436609039781,1.7830818,9.403227,2.516306
22174,1436609039801,1.7657237,9.210494,2.508525
22175,1436609039823,1.6112977,9.109938,2.4881742
22176,1436609039843,1.4359225,9.108142,2.486977
22177,1436609039862,1.3108255,9.122507,2.5905263
22178,1436609039881,1.2378023,9.173384,2.630629
22179,1436609039904,1.2419921,9.229049,2.682703
22180,1436609039925,1.2838906,9.305663,2.64679
22181,1436609039944,1.4239515,9.391854,2.658761
22182,1436609039964,1.5071499,9.503185,2.6024973
22183,1436609039985,1.6023195,9.610326,2.509722
22184,1436609040003,1.6130934,9.669582,2.4552538
22185,1436609040028,1.5735891,9.785102,2.372654
22186,1436609040044,1.4059949,9.871294,2.3918076
22187,1436609040062,1.1917139,9.934141,2.3493104
22188,1436609040084,0.9498995,10.025121,2.3517046
22189,1436609040103,0.7823054,10.046669,2.3780408
22190,1436609040125,0.63206923,10.1226845,2.3690627
22191,1436609040142,0.48841715,10.226832,2.3732524
22192,1436609040164,0.35254622,10.248979,2.331354
22193,1436609040182,0.29688102,10.272921,2.291251
22194,1436609040204,0.272939,10.315418,2.3038206
22195,1436609040225,0.2753332,10.356718,2.303222
22196,1436609040245,0.3238158,10.385448,2.3127987
22197,1436609040266,0.41060558,10.331579,2.3122003
22198,1436609040284,0.49081135,10.328587,2.3116016
22199,1436609040304,0.6374562,10.200497,2.2732944
22200,1436609040323,0.7942764,10.052654,2.203264
22201,1436609040345,0.9528923,9.948506,2.167351
22202,1436609040371,1.067814,9.855731,2.1990743
22203,1436609040449,1.1246762,9.908403,2.1631613
22204,1436609040450,1.067814,9.973047,2.1667526
22205,1436609040451,0.9708488,10.070012,2.2026656
22206,1436609040452,0.8834604,10.12448,2.2679076
22207,1436609040462,0.7697359,10.168773,2.3169887
22208,1436609040482,0.6913257,10.216658,2.3391352
22209,1436609040503,0.6655881,10.165182,2.3588872
22210,1436609040523,0.5835867,10.1143055,2.3630772
22211,1436609040544,0.44592008,10.108319,2.373851
22212,1436609040562,0.29269117,10.042479,2.345719
22213,1436609040583,0.23283611,10.0269165,2.28347
22214,1436609040601,0.28072014,9.946711,2.2643163
22215,1436609040622,0.39803603,9.870695,2.2421699
22216,1436609040642,0.58777654,9.858126,2.2212207
22217,1436609040665,0.736217,9.849746,2.2637177
22218,1436609040686,0.86131406,9.901221,2.292448
22219,1436609040705,0.96067345,9.920375,2.3169887
22220,1436609040726,1.0372878,9.865907,2.35769
22221,1436609040746,1.1079168,9.825205,2.3798366
22222,1436609040765,1.1312603,9.801862,2.380435
22223,1436609040785,1.1731589,9.781511,2.345719
22224,1436609040806,1.1791444,9.728839,2.3427265
22225,1436609040822,1.1869255,9.760562,2.307412
22226,1436609040844,1.1761516,9.788095,2.3427265
22227,1436609040884,1.1701661,9.759963,2.360683
22228,1436609040885,1.1546037,9.804854,2.3744495
22229,1436609040909,1.1360487,9.846154,2.348712
22230,1436609040922,1.1109096,9.911396,2.3289597
22231,1436609040942,1.091756,9.916184,2.3247697
22232,1436609040962,1.0708067,9.879075,2.3505075
22233,1436609040985,1.0295067,9.876082,2.3535004
22234,1436609041002,0.9660604,9.871294,2.315193
22235,1436609041023,0.94570965,9.906608,2.291251
22236,1436609041046,0.943914,9.956886,2.3020248
22237,1436609041063,0.9504981,9.944317,2.3373394
22238,1436609041093,0.9672575,9.950901,2.3870192
22239,1436609041102,0.97025025,9.993997,2.3373394
22240,1436609041122,1.0307038,9.9951935,2.321777
22241,1436609041142,1.1067197,9.947908,2.3660698
22242,1436609041163,1.0947487,9.887454,2.3768437
22243,1436609041182,1.0313023,9.849147,2.391209
22244,1436609041202,1.0121487,9.778519,2.3720553
22245,1436609041221,0.9427169,9.822212,2.373851
22246,1436609041241,0.89543146,9.865907,2.381632
22247,1436609041261,0.8607155,9.84795,2.3953989
22248,1436609041282,0.80086046,9.903017,2.408567
22249,1436609041305,0.7194576,9.998785,2.421735
22250,1436609041322,0.6410475,10.043676,2.4139538
22251,1436609041342,0.5590461,10.093954,2.380435
22252,1436609041365,0.49081135,10.080188,2.3582888
22253,1436609041381,0.4782418,10.033501,2.36188
22254,1436609041401,0.49799395,9.992201,2.3600843
22255,1436609041421,0.57161564,10.005967,2.3169887
22256,1436609041441,0.6560113,9.925761,2.2990322
22257,1436609041461,0.78170687,9.933543,2.244564
22258,1436609041481,0.89543146,9.972448,2.256535
22259,1436609041501,0.96905315,10.011953,2.2529438
22260,1436609041521,1.0289081,10.007763,2.2331917
22261,1436609041541,1.0720038,10.003573,2.212841
22262,1436609041561,1.0953473,10.00477,2.166154
22263,1436609041581,1.1246762,10.022128,2.110489
22264,1436609041601,1.1713632,10.031705,2.1416135
22265,1436609041621,1.1791444,10.011953,2.1871033
22266,1436609041641,1.1546037,9.985018,2.2038627
22267,1436609041668,1.1073183,9.956287,2.2008698
22268,1436609041685,1.0324994,9.949105,2.224812
22269,1436609041706,0.931943,9.981427,2.2254105
22270,1436609041726,0.80564886,10.077793,2.2319946
22271,1436609041746,0.7445967,10.150817,2.1978772
22272,1436609041766,0.748188,10.1460285,2.1871033
22273,1436609041785,0.80205756,10.006566,2.2014685
22274,1436609041806,0.86131406,9.998785,2.2062569
22275,1436609041826,0.8702923,10.00896,2.1996727
22276,1436609041846,0.86490536,9.957485,2.2002714
22277,1436609041863,0.83138657,9.932345,2.2170308
22278,1436609041898,0.78888947,10.008362,2.2002714
22279,1436609041903,0.7230489,10.052654,2.1871033
22280,1436609041925,0.7320272,10.044873,2.208651
22281,1436609041944,0.7062895,10.073005,2.2691047
22282,1436609041966,0.6979098,9.9951935,2.3301568
22283,1436609041982,0.7098808,9.920375,2.319383
22284,1436609042006,0.7146692,9.90601,2.296638
22285,1436609042027,0.79248077,9.894637,2.2882583
22286,1436609042044,0.82779527,9.886257,2.2319946
22287,1436609042063,0.86011696,9.897031,2.27928
22288,1436609042085,0.9139865,9.894038,2.3122003
22289,1436609042115,0.96187055,9.886257,2.3145945
22290,1436609042126,0.99778354,9.821614,2.3319526
22291,1436609042146,1.0642227,9.827001,2.2930467
22292,1436609042166,1.0809821,9.841366,2.2655134
22293,1436609042189,1.1444284,9.821614,2.259528
22294,1436609042207,1.2509704,9.82341,2.3002293
22295,1436609042225,1.2545617,9.84795,2.3277626
22296,1436609042246,1.2473791,9.913192,2.297835
22297,1436609042265,1.1522095,9.953295,2.2786815
22298,1436609042287,1.0809821,9.981427,2.2786815
22299,1436609042307,0.99419224,9.944317,2.2744915
22300,1436609042326,0.95708215,9.905411,2.2828712
22301,1436609042347,0.90859956,9.941922,2.2732944
22302,1436609042367,0.88046765,9.91798,2.2541409
22303,1436609042387,0.8702923,9.938332,2.2397757
22304,1436609042406,0.88645315,9.97604,2.2427685
22305,1436609042427,0.94810385,9.959281,2.2918496
22306,1436609042447,0.9708488,9.9550905,2.285864
22307,1436609042467,0.9127894,9.939528,2.2906525
22308,1436609042486,0.8900445,9.923966,2.2876596
22309,1436609042506,0.8834604,9.910199,2.3062148
22310,1436609042525,0.8583213,9.918579,2.2697031
22311,1436609042544,0.8583213,9.960478,2.2984335
22312,1436609042600,0.8631097,10.005967,2.2900538
22313,1436609042613,0.89184016,10.029311,2.3295584
22314,1436609042614,0.83497787,10.065823,2.373851
22315,1436609042624,0.7517793,10.09994,2.328361
22316,1436609042649,0.6973112,10.016742,2.2583308
22317,1436609042666,0.61530983,9.962274,2.2810757
22318,1436609042686,0.57520694,9.940127,2.2254105
22319,1436609042706,0.5650316,9.917382,2.2080526
22320,1436609042725,0.6159084,9.948506,2.1906946
22321,1436609042747,0.70509243,9.961076,2.2188265
22322,1436609042764,0.7380127,10.047267,2.2541409
22323,1436609042787,0.7368156,10.070012,2.2888567
22324,1436609042804,0.6392518,10.085575,2.2732944
22325,1436609042827,0.5542577,10.0825815,2.2397757
22326,1436609042847,0.5255273,10.053253,2.1841104
22327,1436609042867,0.54168814,10.073604,2.160767
22328,1436609042887,0.57640404,10.067019,2.1978772
22329,1436609042907,0.65182143,10.043077,2.2517467
22330,1436609042927,0.6931214,10.036493,2.2816741
22331,1436609042947,0.7194576,9.991602,2.2601264
22332,1436609042967,0.705691,9.970055,2.2140381
22333,1436609042987,0.6931214,9.959879,2.1751323
22334,1436609043005,0.64942724,9.964069,2.180519
22335,1436609043029,0.61650693,9.938332,2.2122424
22336,1436609043051,0.57161564,9.947908,2.2176294
22337,1436609043070,0.581791,9.965864,2.2212207
22338,1436609043092,0.60812724,9.982025,2.2780828
22339,1436609043107,0.56802434,10.011953,2.3050177
22340,1436609043127,0.52253455,10.0341,2.267309
22341,1436609043148,0.54767364,9.993398,2.2200236
22342,1436609043167,0.58298814,9.977237,2.1906946
22343,1436609043188,0.6775591,9.917382,2.2301989
22344,1436609043208,0.717662,9.849746,2.2547395
22345,1436609043228,0.7320272,9.8042555,2.2104468
22346,1436609043247,0.7356185,9.832388,2.1883004
22347,1436609043264,0.76075757,9.835979,2.2038627
22348,1436609043321,0.7966706,9.865907,2.2409728
22349,1436609043322,0.8062474,9.906608,2.1918917
22350,1436609043335,0.80445176,9.958083,2.2242134
22351,1436609043344,0.81642276,9.935339,2.2337902
22352,1436609043366,0.78649527,9.976639,2.2469583
22353,1436609043386,0.80684596,9.946711,2.284667
22354,1436609043404,0.7428011,9.941922,2.260725
22355,1436609043428,0.7188591,10.018537,2.244564
22356,1436609043445,0.7290344,10.035895,2.2278047
22357,1436609043465,0.76434886,10.041282,2.223615
22358,1436609043486,0.8242039,10.003573,2.273893
22359,1436609043506,0.84455466,10.006566,2.2697031
22360,1436609043525,0.8391677,9.99639,2.2319946
22361,1436609043548,0.84934306,9.982025,2.2092497
22362,1436609043568,0.86849666,10.016742,2.2397757
22363,1436609043588,0.8158242,9.99639,2.2691047
22364,1436609043608,0.70509243,9.97185,2.2810757
22365,1436609043628,0.6572084,9.943718,2.2343888
22366,1436609043648,0.6943185,9.926959,2.2307975
22367,1436609043668,0.7428011,9.996989,2.260725
22368,1436609043688,0.7691373,10.027515,2.2427685
22369,1436609043708,0.78529817,10.043077,2.2397757
22370,1436609043726,0.82899237,10.02153,2.280477
22371,1436609043748,0.8295909,10.002377,2.2888567
22372,1436609043768,0.79487497,9.996989,2.2517467
22373,1436609043788,0.7505822,9.911995,2.2319946
22374,1436609043808,0.7398083,9.944317,2.2284033
22375,1436609043827,0.8170213,9.968858,2.2750902
22376,1436609043848,0.83138657,9.962274,2.3014264
22377,1436609043868,0.83018947,9.980229,2.308609
22378,1436609043888,0.83497787,9.958083,2.2900538
22379,1436609043908,0.81642276,10.014946,2.2481554
22380,1436609043942,0.8122329,9.996989,2.2631192
22381,1436609043945,0.8062474,9.970653,2.2972364
22382,1436609043966,0.7392098,9.941324,2.3415294
22383,1436609043985,0.7128736,9.917382,2.3187842
22384,1436609044018,0.700304,9.888053,2.3080103
22385,1436609044059,0.6787562,9.912594,2.2948422
22386,1436609044060,0.6925228,9.927557,2.3211784
22387,1436609044071,0.6991069,9.902418,2.3535004
22388,1436609044093,0.7236475,9.866506,2.3570917
22389,1436609044106,0.770933,9.958083,2.3187842
22390,1436609044125,0.81881696,9.944317,2.3110032
22391,1436609044154,0.85173726,9.959879,2.3511062
22392,1436609044166,0.80804306,9.959879,2.367267
22393,1436609044185,0.74519527,9.952697,2.3319526
22394,1436609044205,0.6793547,10.0029745,2.2768857
22395,1436609044225,0.6596026,9.988011,2.2900538
22396,1436609044246,0.6135142,9.947908,2.319383
22397,1436609044267,0.60453594,9.900622,2.3493104
22398,1436609044288,0.60333884,9.913192,2.348712
22399,1436609044308,0.60453594,9.953894,2.3145945
22400,1436609044329,0.6374562,9.944317,2.3169887
22401,1436609044348,0.6697779,9.991004,2.3235726
22402,1436609044369,0.6997054,9.986216,2.3427265
22403,1436609044389,0.7134721,10.098145,2.2894554
22404,1436609044409,0.748188,10.198701,2.2571337
22405,1436609044429,0.7685388,10.089166,2.2697031
22406,1436609044449,0.8182184,10.041881,2.2822728
22407,1436609044468,0.88166475,9.978435,2.2260091
22408,1436609044487,0.9648633,9.986814,2.1511903
22409,1436609044509,1.0845734,9.940127,2.1493945
22410,1436609044529,1.1109096,9.89344,2.2559366
22411,1436609044549,0.9947908,9.907207,2.2894554
22412,1436609044569,0.8158242,9.898827,2.2703018
22413,1436609044588,0.6386533,9.916184,2.271499
22414,1436609044608,0.5590461,9.87668,2.3355439
22415,1436609044628,0.56443304,9.872491,2.3469162
22416,1436609044649,0.5422867,9.959879,2.303222
22417,1436609044669,0.57520694,10.016143,2.3373394
22418,1436609044688,0.6967127,10.010756,2.3756466
22419,1436609044708,0.7942764,10.014347,2.3900118
22420,1436609044727,0.842759,10.031107,2.3349452
22421,1436609044754,0.90021986,10.068216,2.297835
22422,1436609044821,0.9331401,10.092158,2.2493525
22423,1436609044822,0.93373865,10.080188,2.3056161
22424,1436609044823,0.84096336,10.092158,2.3451207
22425,1436609044828,0.6841431,9.961076,2.3540988
22426,1436609044848,0.587178,9.865308,2.3349452
22427,1436609044869,0.60333884,9.790489,2.280477
22428,1436609044887,0.6500258,9.703101,2.2709002
22429,1436609044907,0.74519527,9.745598,2.273893
22430,1436609044926,0.86251116,9.836577,2.3116016
22431,1436609044949,0.9032126,9.8677025,2.3570917
22432,1436609044971,0.92176765,9.852738,2.379238
22433,1436609044987,0.96426475,9.886257,2.3505075
22434,1436609045009,1.0187328,9.925761,2.3331497
22435,1436609045029,1.0271125,9.885659,2.3301568
22436,1436609045047,1.0295067,9.892242,2.379238
22437,1436609045068,1.0067618,9.89344,2.4253263
22438,1436609045092,0.94810385,9.913791,2.3864205
22439,1436609045108,0.866701,9.953894,2.393603
22440,1436609045129,0.7625532,9.999982,2.3020248
22441,1436609045149,0.6757634,10.081984,2.285864
22442,1436609045169,0.7206547,10.115502,2.2828712
22443,1436609045190,0.8242039,10.0029745,2.3582888
22444,1436609045208,0.85413146,9.991602,2.3493104
22445,1436609045230,0.78769237,10.033501,2.319383
22446,1436609045249,0.58777654,10.108918,2.2158337
22447,1436609045269,0.40043023,10.00477,2.2002714
22448,1436609045290,0.4830302,9.866506,2.2762873
22449,1436609045310,0.6769605,9.907805,2.255338
22450,1436609045330,0.75956047,9.91439,2.1613655
22451,1436609045350,0.82480246,9.835381,2.2170308
22452,1436609045370,0.88765025,9.7958765,2.2780828
22453,1436609045389,0.93373865,9.755175,2.2643163
22454,1436609045410,0.98102415,9.729437,2.184709
22455,1436609045430,1.0223241,9.90601,2.059612
22456,1436609045449,1.0354922,9.944317,2.0901382
22457,1436609045472,0.99299514,9.94312,2.1206641
22458,1436609045540,0.9636662,10.075399,2.1134815
22459,1436609045541,0.9343372,10.171167,2.1033063
22460,1436609045542,0.90620536,10.064626,2.0913353
22461,1436609045550,0.8972271,9.944916,2.1739352
22462,1436609045585,0.85772276,9.856929,2.203264
22463,1436609045587,0.8822633,9.81084,2.0919337
22464,1436609045608,0.95349085,9.86471,2.022502
22465,1436609045627,1.0145429,9.920375,2.1470003
22466,1436609045647,1.0151415,9.946711,2.2864625
22467,1436609045667,0.8619126,9.949704,2.3199813
22468,1436609045690,0.78050977,9.975441,2.255338
22469,1436609045709,0.7074866,10.09156,2.1871033
22470,1436609045727,0.6596026,10.08318,2.2050598
22471,1436609045750,0.6278794,9.903615,2.2667105
22472,1436609045770,0.62728083,9.898827,2.191293
22473,1436609045790,0.623091,10.12448,2.0135236
22474,1436609045810,0.6973112,10.172963,1.9662381
22475,1436609045830,0.74878657,9.952098,2.1505916
22476,1436609045850,0.8571242,9.835381,2.2571337
22477,1436609045870,0.8631097,9.833585,2.2176294
22478,1436609045890,0.90979666,9.951499,2.0590134
22479,1436609045910,1.0588357,10.057443,1.9925743
22480,1436609045931,1.1971009,10.030508,2.1320367
22481,1436609045948,1.151611,10.007763,2.2577322
22482,1436609045970,1.055843,10.056845,2.2750902
22483,1436609045987,0.943914,10.092757,2.1936872
22484,1436609046008,0.8924387,10.096349,2.1380222
22485,1436609046030,0.82001406,10.070611,2.171541
22486,1436609046047,0.75118077,9.999383,2.1709423
22487,1436609046072,0.65660983,9.997588,2.1284454
22488,1436609046087,0.6781576,10.079589,2.0739772
22489,1436609046109,0.75956047,10.033501,2.0560207
22490,1436609046177,0.88525605,9.991602,2.1146786
22491,1436609046178,0.90261406,9.975441,2.1871033
22492,1436609046179,0.89662856,9.969456,2.1667526
22493,1436609046189,0.90740246,9.991602,2.110489
22494,1436609046214,0.8936358,9.981427,2.0979192
22495,1436609046281,0.87208796,9.99639,2.1559787
22496,1436609046282,0.81283146,10.033501,2.1643584
22497,1436609046283,0.7721301,10.029909,2.1416135
22498,1436609046289,0.75596917,10.067019,2.1045034
22499,1436609046307,0.78769237,10.0825815,2.110489
22500,1436609046328,0.8283938,10.052056,2.1631613
22501,1436609046347,0.7954735,10.047267,2.1290438
22502,1436609046368,0.78888947,10.0508585,2.086547
22503,1436609046387,0.79966336,10.061633,2.0290859
22504,1436609046410,0.82360536,10.052654,2.0691888
22505,1436609046433,0.8451532,10.012551,2.1272483
22506,1436609046448,0.830788,9.97185,2.1152773
22507,1436609046470,0.85054016,9.998785,2.0392613
22508,1436609046491,0.8678981,10.020332,2.0727801
22509,1436609046511,0.8900445,10.053851,2.1200657
22510,1436609046530,0.8523358,10.046669,2.160767
22511,1436609046550,0.8218097,10.080188,2.1751323
22512,1436609046571,0.825401,10.111312,2.1374235
22513,1436609046591,0.88645315,10.074203,2.1505916
22514,1436609046611,0.88944596,10.040684,2.1320367
22515,1436609046630,0.8170213,10.019135,2.0751743
22516,1436609046650,0.7751228,10.077195,2.0033484
22517,1436609046669,0.7661445,10.013748,2.0177135
22518,1436609046689,0.82480246,10.052056,2.0871453
22519,1436609046708,0.8810662,10.135853,2.1015105
22520,1436609046728,0.9223662,10.113707,2.1254525
22521,1436609046748,0.97982705,10.104729,2.112883
22522,1436609046767,1.0702082,10.026319,2.147599
22523,1436609046793,1.1192893,9.945514,2.156577
22524,1436609046813,1.1420342,9.883863,2.1146786
22525,1436609046833,1.1300632,9.824008,2.1068976
22526,1436609046850,1.1109096,9.779716,2.0829554
22527,1436609046867,1.1145009,9.815628,2.0350714
22528,1436609046888,1.1168951,9.812037,2.0201077
22529,1436609046910,1.1749545,9.827001,2.0488381
22530,1436609046930,1.1971009,9.8515415,2.0979192
22531,1436609047013,1.2491747,9.883863,2.099715
22532,1436609047014,1.2785037,9.958083,2.1027076
22533,1436609047015,1.371279,9.968259,2.144606
22534,1436609047016,1.4443022,9.994595,2.1649568
22535,1436609047043,1.489792,9.966463,2.172738
22536,1436609047051,1.5191209,9.944916,2.1535845
22537,1436609047072,1.5424645,9.879673,2.123657
22538,1436609047088,1.5304934,9.870096,2.124854
22539,1436609047110,1.4598645,9.873089,2.1577742
22540,1436609047128,1.3724761,9.888053,2.1051018
22541,1436609047148,1.2970588,9.943718,2.0632033
22542,1436609047170,1.2294226,9.929952,2.1134815
22543,1436609047209,1.1534066,10.006566,2.183512
22544,1436609047210,1.0648212,10.084377,2.156577
22545,1436609047230,1.0366893,10.1161,2.1613655
22546,1436609047248,1.039682,10.1304655,2.1529858
22547,1436609047271,1.1288661,10.059238,2.160767
22548,1436609047291,1.1408371,9.9712515,2.136825
22549,1436609047311,1.1647792,9.892242,2.1470003
22550,1436609047330,1.1815386,9.845556,2.1517887
22551,1436609047348,1.2455834,9.844358,2.124854
22552,1436609047371,1.2294226,9.895834,2.142212
22553,1436609047391,1.1988965,9.957485,2.1535845
22554,1436609047411,1.1857284,9.989208,2.220622
22555,1436609047430,1.1150994,10.049662,2.3175871
22556,1436609047452,1.0175357,10.126276,2.369661
22557,1436609047471,0.8655039,10.140042,2.3648727
22558,1436609047489,0.7164649,10.18254,2.231396
22559,1436609047511,0.5590461,10.044873,2.1571758
22560,1436609047529,0.47225627,9.861717,2.1039047
22561,1436609047549,0.480636,9.719262,2.110489
22562,1436609047568,0.5291186,9.711481,2.106299
22563,1436609047592,0.705691,9.809643,2.088941
22564,1436609047613,0.90500826,9.876082,2.1374235
22565,1436609047633,1.0899603,9.967062,2.267309
22566,1436609047652,1.1528081,10.00477,2.2870612
22567,1436609047668,1.1905168,10.064027,2.3373394
22568,1436609047689,1.1653777,9.988609,2.3062148
22569,1436609047708,1.1133038,10.035296,2.2691047
22570,1436609047730,1.0432734,9.954493,2.2529438
22571,1436609047750,0.93732995,9.855731,2.2457612
22572,1436609047796,0.8810662,9.928156,2.2068555
22573,1436609047797,0.8074445,9.952098,2.1679497
22574,1436609047817,0.7846996,9.93474,2.2170308
22575,1436609047829,0.7134721,10.011354,2.1978772
22576,1436609047849,0.6745663,10.052056,2.179322
22577,1436609047869,0.6853402,9.985018,2.1984756
22578,1436609047889,0.7469909,9.958682,2.2038627
22579,1436609047910,0.8595184,9.871892,2.2385786
22580,1436609047930,0.9792285,9.962274,2.1709423
22581,1436609047951,1.0594343,9.919178,2.236783
22582,1436609047969,1.1587936,9.879673,2.295441
22583,1436609047990,1.2300211,9.890448,2.297835
22584,1436609048012,1.2557588,9.86471,2.2547395
22585,1436609048030,1.2593501,9.935937,2.1817162
22586,1436609048051,1.2605472,9.935339,2.142212
22587,1436609048075,1.2491747,9.946711,2.15538
22588,1436609048091,1.198298,9.940127,2.2014685
22589,1436609048110,1.1168951,9.977836,2.1871033
22590,1436609048130,1.0929531,9.970653,2.154183
22591,1436609048152,1.0528502,9.989208,2.1505916
22592,1436609048172,1.0145429,9.988609,2.2319946
22593,1436609048191,0.9415198,9.998785,2.2421699
22594,1436609048210,0.8463503,10.055049,2.2301989
22595,1436609048229,0.8026561,10.06283,2.212841
22596,1436609048250,0.7942764,10.01734,2.2768857
22597,1436609048270,0.78410107,10.023924,2.2643163
22598,1436609048289,0.74998367,9.9928,2.2266076
22599,1436609048312,0.7846996,9.970653,2.1978772
22600,1436609048332,0.8631097,9.919178,2.2331917
22601,1436609048353,0.93732995,9.92636,2.27928
22602,1436609048370,0.95349085,9.934141,2.2768857
22603,1436609048392,0.96785605,9.944916,2.28347
22604,1436609048410,0.99778354,9.988011,2.2816741
22605,1436609048430,0.9888053,10.003573,2.3092074
22606,1436609048450,0.9487024,9.973047,2.3349452
22607,1436609048472,0.8499416,9.911396,2.321777
22608,1436609048535,0.7858967,9.898827,2.292448
22609,1436609048536,0.7374141,9.892242,2.2583308
22610,1436609048537,0.7074866,9.866506,2.2188265
22611,1436609048550,0.7086837,9.826403,2.2278047
22612,1436609048572,0.7110779,9.8754835,2.2601264
22613,1436609048589,0.7374141,9.959281,2.2439656
22614,1436609048609,0.75836337,9.955689,2.272696
22615,1436609048631,0.82360536,10.012551,2.3391352
22616,1436609048652,0.8170213,10.038888,2.3277626
22617,1436609048671,0.8367735,9.960478,2.3157916
22618,1436609048691,0.90261406,9.933543,2.280477
22619,1436609048713,0.9091981,9.96347,2.2816741
22620,1436609048729,0.8858546,9.927557,2.267309
22621,1436609048750,0.8774749,9.886856,2.255338
22622,1436609048773,0.8798691,9.93893,2.2158337
22623,1436609048793,0.8810662,9.916783,2.2242134
22624,1436609048813,0.8678981,9.898229,2.236783
22625,1436609048830,0.82719666,9.929353,2.2427685
22626,1436609048852,0.7625532,9.958083,2.247557
22627,1436609048873,0.741604,9.952697,2.1960814
22628,1436609048893,0.75596917,9.980828,2.160767
22629,1436609048911,0.8038532,9.987412,2.211644
22630,1436609048931,0.8391677,10.026319,2.259528
22631,1436609048953,0.8367735,10.044274,2.2535424
22632,1436609048971,0.7858967,9.990405,2.2463598
22633,1436609048992,0.7505822,9.977237,2.267309
22634,1436609049012,0.6823475,9.953295,2.2164323
22635,1436609049035,0.6099229,9.955689,2.2080526
22636,1436609049061,0.56802434,10.01734,2.2098482
22637,1436609049078,0.53091425,10.058042,2.2026656
22638,1436609049092,0.5315128,10.050261,2.2200236
22639,1436609049110,0.52253455,9.992201,2.2493525
22640,1436609049130,0.52133745,10.033501,2.2930467
22641,1436609049152,0.5243302,10.022727,2.3122003
22642,1436609049172,0.5093664,10.047267,2.2643163
22643,1436609049192,0.47165772,10.123283,2.2331917
22644,1436609049262,0.45250413,10.102933,2.2691047
22645,1436609049263,0.4381389,10.1143055,2.2888567
22646,1436609049264,0.3728969,10.129269,2.2816741
22647,1436609049271,0.350152,10.157401,2.2655134
22648,1436609049290,0.34237084,10.09994,2.268506
22649,1436609049311,0.41120413,10.089765,2.2493525
22650,1436609049330,0.48003745,9.983223,2.2391772
22651,1436609049351,0.6266823,9.828198,2.3253684
22652,1436609049371,0.75237787,9.76954,2.3349452
22653,1436609049392,0.8319851,9.725247,2.3139958
22654,1436609049411,0.8319851,9.668385,2.3235726
22655,1436609049431,0.8062474,9.685144,2.35769
22656,1436609049450,0.7290344,9.697116,2.3989902
22657,1436609049473,0.62009823,9.725846,2.4259248
22658,1436609049491,0.5602432,9.814431,2.415151
22659,1436609049514,0.50637364,9.915586,2.4049757
22660,1436609049531,0.4782418,9.961076,2.409764
22661,1436609049551,0.5081693,9.945514,2.4109612
22662,1436609049574,0.516549,9.962872,2.3798366
22663,1436609049591,0.5434838,10.011953,2.3373394
22664,1436609049614,0.54168814,10.004171,2.2876596
22665,1436609049631,0.5351041,10.005967,2.2619221
22666,1436609049653,0.52492875,10.001778,2.243367
22667,1436609049674,0.49799395,9.974843,2.2415714
22668,1436609049693,0.4794389,10.038289,2.2397757
22669,1436609049714,0.4429273,10.113707,2.2343888
22670,1436609049730,0.38965634,10.226234,2.2451627
22671,1436609049750,0.35194764,10.196306,2.2936451
22672,1436609049773,0.36511576,10.1226845,2.2984335
22673,1436609049805,0.37828386,10.051457,2.3068132
22674,1436609049810,0.39504328,10.02153,2.271499
22675,1436609049830,0.40581718,9.981427,2.2798786
22676,1436609049851,0.39324763,9.923966,2.2661119
22677,1436609049871,0.40880993,9.911396,2.3008277
22678,1436609049891,0.43514615,9.976639,2.2780828
22679,1436609049912,0.43993455,9.98442,2.2709002
22680,1436609049943,0.4213795,10.019734,2.3235726
22681,1436609049953,0.40761283,10.038289,2.3469162
22682,1436609049971,0.39205053,10.070611,2.3181858
22683,1436609049992,0.43514615,10.139444,2.2948422
22684,1436609050012,0.43275195,10.277111,2.2068555
22685,1436609050031,0.39923313,10.2657385,2.2242134
22686,1436609050052,0.40761283,10.200497,2.2421699
22687,1436609050071,0.4794389,10.146626,2.2691047
22688,1436609050091,0.5859809,10.165182,2.2427685
22689,1436609050111,0.7338228,10.010756,2.3529017
22690,1436609050138,0.8265981,9.808446,2.480393
22691,1436609050153,0.7667431,9.683349,2.4851813
22692,1436609050174,0.60333884,9.613318,2.4319103
22693,1436609050195,0.41120413,9.554062,2.349909
22694,1436609050213,0.30825347,9.6049385,2.3301568
22695,1436609050237,0.18315643,9.739014,2.3008277
22696,1436609050255,0.10354923,9.929952,2.303222
22697,1436609050273,0.17717093,10.011953,2.4013844
22698,1436609050295,0.34356794,10.024523,2.4355016
22699,1436609050313,0.5231331,10.02572,2.3582888
22700,1436609050334,0.6500258,10.089166,2.2541409
22701,1436609050353,0.760159,10.105926,2.2200236
22702,1436609050379,0.83976626,10.061034,2.2691047
22703,1436609050394,0.8619126,10.032304,2.2918496
22704,1436609050425,0.83497787,9.913192,2.3493104
22705,1436609050434,0.76195467,9.911995,2.343325
22706,1436609050455,0.664391,9.983223,2.321777
22707,1436609050475,0.55605334,9.967062,2.333748
22708,1436609050493,0.47165772,9.967062,2.3265655
22709,1436609050515,0.3866636,9.927557,2.2990322
22710,1436609050535,0.39624038,9.877877,2.2691047
22711,1436609050554,0.39264908,9.910798,2.2319946
22712,1436609050575,0.39444473,10.029311,2.184709
22713,1436609050594,0.480636,9.909601,2.2852654
22714,1436609050613,0.5482722,9.894038,2.3475149
22715,1436609050644,0.57281274,9.969456,2.2637177
22716,1436609050654,0.7134721,10.169372,2.1021092
22717,1436609050702,0.8714894,10.204087,2.1703439
22718,1436609050703,0.9475053,10.408194,2.2307975
22719,1436609050718,0.9103952,10.702082,2.1984756
22720,1436609050731,0.7326257,10.389638,2.1894975
22721,1436609050753,0.82480246,9.889849,2.3570917
22722,1436609050772,0.919972,9.553463,2.4420857
22723,1436609050791,0.90141696,9.263765,2.3900118
22724,1436609050815,0.84096336,9.0842,2.3062148
22725,1436609050832,0.74519527,9.110536,2.2541409
22726,1436609050853,0.5554548,9.36911,2.2002714
22727,1436609050872,0.40880993,9.751583,2.1697452
22728,1436609050898,0.46267948,10.028113,2.1733365
22729,1436609050915,0.59855044,10.096947,2.4013844
22730,1436609050935,0.6721721,10.116699,2.5887306
22731,1436609050956,0.57161564,10.142437,2.6276364
22732,1436609050975,0.40521863,10.09156,2.4223335
22733,1436609050995,0.3693056,10.06283,2.2224178
22734,1436609051016,0.427365,10.071808,2.1440077
22735,1436609051035,0.55844754,10.274118,2.0213048
22736,1436609051055,0.90620536,10.372879,1.9895816
22737,1436609051142,1.0947487,10.007763,2.337938
22738,1436609051143,1.1797429,10.014347,2.469619
22739,1436609051144,1.2054806,9.882666,2.4355016
22740,1436609051145,1.0564415,9.715671,2.2864625
22741,1436609051155,0.9792285,9.832987,2.1745336
22742,1436609051174,1.1091139,9.840169,2.1583729
22743,1436609051194,1.122282,9.800066,2.303222
22744,1436609051216,0.9756372,9.922769,2.4510639
22745,1436609051235,0.8170213,10.046669,2.4438813
22746,1436609051258,0.7068881,10.040085,2.40318
22747,1436609051275,0.64823014,10.047866,2.4013844
22748,1436609051295,0.55246204,10.033501,2.372654
22749,1436609051316,0.4333505,9.850943,2.3127987
22750,1436609051336,0.40102878,9.798869,2.2038627
22751,1436609051355,0.39983168,9.815628,2.1739352
22752,1436609051375,0.45250413,9.911995,2.180519
22753,1436609051394,0.50996494,10.143634,2.212841
22754,1436609051449,0.6865373,10.1544075,2.3127987
22755,1436609051461,0.8343793,10.077793,2.4253263
22756,1436609051462,0.8523358,9.970055,2.4612393
22757,1436609051472,0.8230068,9.9233675,2.381632
22758,1436609051497,0.6991069,9.83957,2.2894554
22759,1436609051516,0.6775591,9.813234,2.2427685
22760,1436609051532,0.7314286,9.829993,2.2439656
22761,1436609051555,0.7763199,10.049063,2.2756886
22762,1436609051572,0.7086837,10.4010105,2.3343468
22763,1436609051596,0.4830302,10.514735,2.3828292
22764,1436609051617,0.23283611,10.374076,2.4462755
22765,1436609051633,-0.017956512,10.275913,2.3582888
22766,1436609051653,-0.25498247,10.129269,2.220622
22767,1436609051674,-0.39324763,9.936536,2.12246
22768,1436609051695,-0.31783026,9.791686,2.0685902
22769,1436609051716,-0.051475335,9.688736,2.1583729
22770,1436609051736,0.22864626,9.713875,2.259528
22771,1436609051756,0.5279215,9.826403,2.397793
22772,1436609051776,0.8038532,9.864111,2.4779987
22773,1436609051796,0.9780314,9.931149,2.5067291
22774,1436609051817,1.0235212,9.945514,2.5264814
22775,1436609051836,1.0372878,10.022128,2.4839842
22776,1436609051855,0.919972,10.067618,2.4109612
22777,1436609051876,0.7457938,10.030508,2.3930047
22778,1436609051893,0.61411273,9.933543,2.4103625
22779,1436609051913,0.545878,9.85633,2.3397336
22780,1436609051934,0.45549688,9.794679,2.2876596
22781,1436609051958,0.41240123,9.867104,2.1906946
22782,1436609051978,0.4770447,9.904813,2.15957
22783,1436609051999,0.53570265,9.950901,2.195483
22784,1436609052017,0.54288524,10.115502,2.1906946
22785,1436609052035,0.5895722,10.169372,2.1667526
22786,1436609052055,0.7080852,10.062231,2.1745336
22787,1436609052076,0.8726865,9.860519,2.3008277
22788,1436609052096,0.99778354,9.752182,2.3546975
22789,1436609052188,0.90261406,9.728839,2.4229321
22790,1436609052191,0.6913257,9.861118,2.5570073
22791,1436609052192,0.38067806,9.9951935,2.5767596
22792,1436609052205,0.11432313,10.047267,2.521693
22793,1436609052206,-0.06344634,10.113707,2.5067291
22794,1436609052213,-0.08319851,10.1382475,2.5192988
22795,1436609052240,-0.0664391,10.033501,2.5037365
22796,1436609052253,0.0053869537,9.999982,2.3612814
22797,1436609052275,0.110731825,9.96347,2.2026656
22798,1436609052296,0.33997664,9.834184,2.1589713
22799,1436609052314,0.5770026,9.766547,2.1158757
22800,1436609052335,0.66498953,9.758766,2.1493945
22801,1436609052354,0.6823475,9.80665,2.1859062
22802,1436609052375,0.7404069,9.900024,2.260725
22803,1436609052393,0.84934306,9.970653,2.409764
22804,1436609052417,0.88405895,9.964069,2.5252843
22805,1436609052436,0.88286185,9.93893,2.5474305
22806,1436609052456,0.9044097,9.865308,2.5498247
22807,1436609052476,0.90500826,9.800665,2.542642
22808,1436609052496,0.8643068,9.855133,2.4372973
22809,1436609052517,0.6781576,9.974244,2.373851
22810,1436609052536,0.48243165,9.96766,2.3385365
22811,1436609052556,0.30466217,10.062231,2.280477
22812,1436609052577,0.16220717,10.150817,2.1960814
22813,1436609052596,0.092176765,10.166379,2.1679497
22814,1436609052616,0.2184709,10.22384,2.1003134
22815,1436609052636,0.38486794,10.210073,2.2122424
22816,1436609052656,0.51954174,10.199898,2.2601264
22817,1436609052676,0.6302736,10.098145,2.2655134
22818,1436609052697,0.7146692,10.03769,2.2577322
22819,1436609052717,0.7266402,10.049063,2.2391772
22820,1436609052738,0.7326257,10.014946,2.2571337
22821,1436609052756,0.7146692,10.001778,2.2421699
22822,1436609052776,0.66618663,10.079589,2.3110032
22823,1436609052794,0.6332663,10.0903635,2.3624785
22824,1436609052817,0.6679823,10.144233,2.384625
22825,1436609052836,0.6895301,10.121488,2.4223335
22826,1436609052856,0.6817489,10.068216,2.4426842
22827,1436609052926,0.6374562,10.111312,2.416348
22828,1436609052927,0.5919664,10.080188,2.4211364
22829,1436609052928,0.53330845,9.977237,2.493561
22830,1436609052936,0.49440265,9.9712515,2.533664
22831,1436609052955,0.45848963,9.939528,2.5635915
22832,1436609052975,0.43155485,9.888053,2.5396495
22833,1436609052994,0.3788824,9.908403,2.4911668
22834,1436609053019,0.3561375,9.919178,2.4851813
22835,1436609053037,0.3812766,9.855133,2.5330653
22836,1436609053059,0.42676646,9.766547,2.5899277
22837,1436609053077,0.52373165,9.7007065,2.5809495
22838,1436609053101,0.62249243,9.698313,2.5276785
22839,1436609053119,0.7260417,9.6767645,2.5037365
22840,1436609053137,0.79607207,9.680955,2.5240872
22841,1436609053157,0.7529764,9.738416,2.5169046
22842,1436609053177,0.6943185,9.682152,2.5689783
22843,1436609053197,0.6769605,9.648034,2.634819
22844,1436609053217,0.7278373,9.640852,2.6288335
22845,1436609053237,0.7541735,9.66659,2.630629
22846,1436609053255,0.7942764,9.671378,2.540248
22847,1436609053277,0.83018947,9.617508,2.581548
22848,1436609053297,0.8379706,9.643845,2.5773582
22849,1436609053318,0.8206126,9.661202,2.585738
22850,1436609053334,0.7727286,9.755774,2.5288756
22851,1436609053355,0.7278373,9.782708,2.4887726
22852,1436609053378,0.7206547,9.840768,2.4492683
22853,1436609053397,0.7380127,9.857527,2.4109612
22854,1436609053417,0.7954735,9.852738,2.4181437
22855,1436609053437,0.86969376,9.850943,2.4528596
22856,1436609053457,0.8972271,9.887454,2.408567
22857,1436609053477,0.89064306,9.956886,2.333748
22858,1436609053497,0.86370826,10.051457,2.2732944
22859,1436609053517,0.8050503,10.075998,2.331354
22860,1436609053539,0.7404069,10.070012,2.4390929
22861,1436609053558,0.65660983,10.070611,2.4253263
22862,1436609053577,0.5482722,10.058042,2.409764
22863,1436609053599,0.46208093,10.085575,2.3540988
22864,1436609053668,0.40821138,10.038888,2.336741
22865,1436609053669,0.35194764,10.003573,2.3295584
22866,1436609053670,0.33997664,10.019135,2.303222
22867,1436609053677,0.40521863,10.092158,2.2930467
22868,1436609053705,0.45968673,10.172963,2.2703018
22869,1436609053717,0.53450555,10.172963,2.2810757
22870,1436609053735,0.6362591,10.114903,2.3127987
22871,1436609053755,0.6967127,10.058042,2.2870612
22872,1436609053774,0.70509243,10.049063,2.2349873
22873,1436609053800,0.7422025,10.05445,2.235586
22874,1436609053819,0.7685388,10.019135,2.2349873
22875,1436609053835,0.78649527,10.007165,2.2457612
22876,1436609053858,0.7846996,9.974244,2.1996727
22877,1436609053878,0.8194155,9.944317,2.1721394
22878,1436609053898,0.8678981,9.928755,2.1697452
22879,1436609053918,0.95588505,9.93474,2.1583729
22880,1436609053938,1.0265139,9.94312,2.1493945
22881,1436609053958,1.01574,10.005967,2.19249
22882,1436609053978,0.99299514,9.977836,2.2373815
22883,1436609053998,1.0109516,9.965266,2.2290018
22884,1436609054018,1.0420763,9.950302,2.1942859
22885,1436609054038,1.1378443,9.913192,2.1631613
22886,1436609054055,1.2683283,10.013748,2.0853498
22887,1436609054079,1.3563153,10.163386,2.0638018
22888,1436609054099,1.3437457,10.191518,2.160767
22889,1436609054116,1.270124,10.156802,2.191293
22890,1436609054136,1.1312603,10.150817,2.148796
22891,1436609054160,1.0941502,10.156203,2.0775685
22892,1436609054180,1.01574,10.075399,1.9782091
22893,1436609054201,0.92057055,9.9928,1.9907787
22894,1436609054218,0.84575176,9.9712515,2.006341
22895,1436609054235,0.76075757,9.936536,2.0428526
22896,1436609054259,0.7691373,9.872491,2.0644004
22897,1436609054276,0.9498995,9.848549,2.0177135
22898,1436609054296,1.1091139,9.931747,2.0081367
22899,1436609054319,1.287482,9.985617,2.1260512
22900,1436609054383,1.4425066,9.931747,2.2188265
22901,1436609054384,1.5131354,9.94312,2.211644
22902,1436609054385,1.5592239,9.916184,2.2403743
22903,1436609054395,1.5502456,9.884461,2.2631192
22904,1436609054418,1.4532804,9.902418,2.2170308
22905,1436609054451,1.3455414,9.949105,2.1990743
22906,1436609054455,1.2096704,10.004171,2.1266496
22907,1436609054477,1.1025299,10.042479,2.070386
22908,1436609054496,1.0109516,10.103531,2.0500352
22909,1436609054516,1.021127,10.135254,2.0512323
22910,1436609054536,1.0540473,10.053253,2.0733786
22911,1436609054558,1.0881647,10.018537,2.078167
22912,1436609054576,1.1061212,9.953894,2.0919337
22913,1436609054599,1.0486604,9.92636,2.1188686
22914,1436609054618,1.0055647,9.891046,2.1877017
22915,1436609054639,1.0031705,9.868899,2.2014685
22916,1436609054659,0.9959879,9.832987,2.2200236
22917,1436609054678,1.0007763,9.81503,2.243367
22918,1436609054699,0.99778354,9.831789,2.2427685
22919,1436609054718,1.0372878,9.811439,2.2122424
22920,1436609054740,1.0414777,9.853337,2.2391772
22921,1436609054755,0.99898064,9.879673,2.1936872
22922,1436609054779,0.84096336,9.856929,2.1817162
22923,1436609054798,0.66858083,9.952098,2.1883004
22924,1436609054817,0.57400984,10.001179,2.1751323
22925,1436609054837,0.6757634,9.942521,2.1936872
22926,1436609054859,0.85772276,9.908403,2.2649148
22927,1436609054879,0.95827925,9.891046,2.2810757
22928,1436609054899,1.1210849,9.822811,2.3349452
22929,1436609054919,1.2443863,9.806051,2.3008277
22930,1436609054945,1.3018472,9.816826,2.2906525
22931,1436609054956,1.3305776,9.784504,2.2547395
22932,1436609054976,1.2743138,9.731832,2.2170308
22933,1436609054996,1.1258733,9.813234,2.1380222
22934,1436609055016,0.96546185,9.871892,2.1254525
22935,1436609055065,0.84216046,9.977836,2.1505916
22936,1436609055066,0.700304,10.08318,2.1679497
22937,1436609055087,0.5518635,10.131064,2.1930888
22938,1436609055097,0.39983168,10.143036,2.202067
22939,1436609055120,0.3184288,10.101735,2.1015105
22940,1436609055136,0.31004912,10.096947,2.0177135
22941,1436609055156,0.40162733,10.1382475,1.9213469
22942,1436609055177,0.5638345,10.147225,1.9321208
22943,1436609055196,0.7044938,10.075998,2.0231004
22944,1436609055219,0.80205756,10.097546,2.058415
22945,1436609055236,0.8571242,10.078392,1.9494787
22946,1436609055263,0.9624691,10.070012,1.8734628
22947,1436609055284,1.158195,10.077793,1.804031
22948,1436609055298,1.287482,10.018537,1.869273
22949,1436609055320,1.3880384,9.981427,1.9255368
22950,1436609055339,1.4167689,10.019135,1.9207484
22951,1436609055358,1.4089876,10.030508,1.905186
22952,1436609055379,1.4556746,10.073005,1.9985598
22953,1436609055399,1.4574703,10.119094,2.078167
22954,1436609055419,1.377863,10.076596,2.078167
22955,1436609055439,1.2755109,10.055049,2.0213048
22956,1436609055459,1.2282255,10.017939,1.9309237
22957,1436609055479,1.2180501,10.0029745,1.7818847
22958,1436609055500,1.2413936,9.841965,1.7896658
22959,1436609055516,1.2737153,9.907207,1.8435353
22960,1436609055539,1.2671312,9.877877,1.9752164
22961,1436609055559,1.2533646,9.849147,2.0739772
22962,1436609055579,1.2198458,9.888053,2.0979192
22963,1436609055600,1.204882,9.9550905,2.083554
22964,1436609055621,1.198298,10.028113,2.055422
22965,1436609055639,1.2000936,10.0987425,2.059612
22966,1436609055659,1.1306617,10.116699,2.0745757
22967,1436609055678,1.0121487,10.059837,2.0847511
22968,1436609055698,0.9463082,10.040085,2.0141222
22969,1436609055721,0.9163807,9.979631,1.9871874
22970,1436609055741,0.8948329,9.957485,1.9895816
22971,1436609055760,0.8948329,9.8994255,2.0207062
22972,1436609055782,0.9151836,9.8754835,2.0189106
22973,1436609055850,0.96546185,9.901221,2.0332758
22974,1436609055851,1.0271125,9.871294,2.0488381
22975,1436609055852,1.0708067,9.944916,2.0745757
22976,1436609055860,1.0307038,9.975441,2.0871453
22977,1436609055878,1.0019734,9.959879,2.0937295
22978,1436609055899,0.95588505,9.985018,2.087744
22979,1436609055916,0.90740246,9.974244,2.131438
22980,1436609055938,0.85054016,10.017939,2.0757728
22981,1436609055956,0.80564886,10.078991,2.0350714
22982,1436609055981,0.7661445,10.01734,2.0242975
22983,1436609055998,0.7320272,10.020332,2.0578163
22984,1436609056020,0.717662,9.961675,2.0691888
22985,1436609056039,0.7553706,9.961076,2.0811598
22986,1436609056059,0.79367787,10.023325,2.0332758
22987,1436609056077,0.8343793,10.065224,2.0500352
22988,1436609056099,0.88405895,10.107721,2.0667946
22989,1436609056119,0.91458505,10.133459,2.098518
22990,1436609056140,0.91578215,10.181941,2.0518308
22991,1436609056162,0.9151836,10.102933,2.0620062
22992,1436609056207,0.9163807,10.059238,2.0817583
22993,1436609056208,0.93014735,9.996989,2.0925324
22994,1436609056220,0.8774749,9.961076,2.0721815
22995,1436609056238,0.8714894,10.004171,2.0248961
22996,1436609056260,0.9044097,10.028113,2.0069396
22997,1436609056279,0.8924387,9.977836,2.0739772
22998,1436609056299,0.89603,9.974843,2.106299
22999,1436609056318,0.8822633,9.994595,2.1254525
23000,1436609056342,0.8475474,10.01315,2.0895395
23001,1436609056362,0.8523358,10.059837,2.0410569
23002,1436609056382,0.9008184,10.037092,2.0847511
23003,1436609056400,0.9044097,10.014946,2.1092918
23004,1436609056418,0.86969376,9.9790325,2.1577742
23005,1436609056438,0.8726865,9.950901,2.0931308
23006,1436609056457,0.8996213,9.946711,2.0925324
23007,1436609056479,0.9475053,9.943718,2.1230583
23008,1436609056497,0.98222125,9.977836,2.1254525
23009,1436609056551,0.98461545,9.987412,2.1398177
23010,1436609056552,0.997185,10.015544,2.1039047
23011,1436609056567,0.9708488,9.97185,2.171541
23012,1436609056577,0.9487024,9.993997,2.135628
23013,1436609056599,0.93014735,9.960478,2.107496
23014,1436609056618,0.91578215,9.895834,2.1218612
23015,1436609056637,0.90620536,9.923966,2.1200657
23016,1436609056658,0.9056068,9.941922,2.1033063
23017,1436609056678,0.9540894,9.948506,2.0685902
23018,1436609056697,0.9911995,9.94312,2.1122844
23019,1436609056719,1.0253168,9.969456,2.1499932
23020,1436609056738,1.0480618,9.943718,2.168548
23021,1436609056759,1.0594343,10.010158,2.1242554
23022,1436609056781,1.0690111,9.972448,2.1045034
23023,1436609056801,1.1127052,9.9951935,2.1296425
23024,1436609056821,1.1121067,9.958682,2.12246
23025,1436609056840,1.1019313,9.9233675,2.1170728
23026,1436609056862,1.0875661,9.910798,2.1027076
23027,1436609056880,1.079785,9.944916,2.0775685
23028,1436609056900,1.103727,9.928156,2.0973208
23029,1436609056921,1.0971429,9.916783,2.1200657
23030,1436609056937,1.055843,9.917382,2.1254525
23031,1436609057042,1.0474633,9.911995,2.0566192
23032,1436609057043,1.103727,9.962872,2.034473
23033,1436609057044,1.1402385,9.944916,2.058415
23034,1436609057045,1.2090719,9.951499,2.1559787
23035,1436609057046,1.2150574,9.941922,2.1416135
23036,1436609057068,1.2018893,9.996989,2.1039047
23037,1436609057086,1.2563573,9.982025,2.098518
23038,1436609057099,1.292869,9.996989,2.100912
23039,1436609057133,1.2898762,9.986216,2.1290438
23040,1436609057140,1.2449849,9.912594,2.124854
23041,1436609057158,1.2042835,9.953295,2.1176715
23042,1436609057183,1.246182,9.918579,2.094328
23043,1436609057201,1.2904748,9.903017,2.0961237
23044,1436609057286,1.3042414,9.952697,2.1021092
23045,1436609057316,1.3317747,9.975441,2.1146786
23046,1436609057317,1.2814964,9.967062,2.111686
23047,1436609057320,1.2808979,10.015544,2.1320367
23048,1436609057321,1.282095,9.979631,2.0853498
23049,1436609057322,1.335366,9.969456,2.119467
23050,1436609057337,1.3581109,9.99639,2.15957
23051,1436609057358,1.316811,9.981427,2.1799207
23052,1436609057378,1.2372037,9.956886,2.2002714
23053,1436609057398,1.1905168,9.96766,2.1068976
23054,1436609057418,1.2054806,9.955689,2.0901382
23055,1436609057438,1.2096704,9.937134,2.1278467
23056,1436609057457,1.2473791,9.966463,2.1440077
23057,1436609057478,1.264737,9.934141,2.1338322
23058,1436609057505,1.2719196,9.931149,2.148796
23059,1436609057517,1.2665327,9.929353,2.1416135
23060,1436609057537,1.3000516,9.9233675,2.135628
23061,1436609057557,1.3000516,9.913192,2.1703439
23062,1436609057577,1.2557588,9.939528,2.1859062
23063,1436609057597,1.2360066,9.930551,2.1721394
23064,1436609057617,1.2000936,9.948506,2.1416135
23065,1436609057637,1.1468226,9.937733,2.15957
23066,1436609057657,1.0911574,9.92636,2.1272483
23067,1436609057677,1.0402806,9.936536,2.095525
23068,1436609057697,1.0307038,9.917382,2.0853498
23069,1436609057717,1.0546459,9.87668,2.1134815
23070,1436609057737,1.122282,9.901819,2.0919337
23071,1436609057757,1.2030864,9.879075,2.1092918
23072,1436609057777,1.3054385,9.909601,2.1188686
23073,1436609057802,1.3880384,9.936536,2.195483
23074,1436609057820,1.4047978,9.998785,2.2643163
23075,1436609057839,1.3239936,10.093356,2.2230163
23076,1436609057859,1.2599486,10.075399,2.2062569
23077,1436609057879,1.2276269,9.9928,2.1260512
23078,1436609057899,1.1593921,9.86471,2.0494366
23079,1436609057918,1.0594343,9.837176,1.9590555
23080,1436609057950,0.96187055,9.8042555,1.9596541
23081,1436609057961,0.8948329,9.802461,2.0033484
23082,1436609057980,0.79487497,9.854534,2.0727801
23083,1436609057998,0.7152678,9.85214,2.110489
23084,1436609058019,0.6428431,9.930551,2.110489
23085,1436609058038,0.5835867,10.05445,2.0883424
23086,1436609058060,0.521936,10.114903,2.0907366
23087,1436609058080,0.46327803,10.144831,2.1308396
23088,1436609058100,0.41120413,10.167576,2.1242554
23089,1436609058119,0.43993455,10.100538,2.1003134
23090,1436609058140,0.5243302,10.037092,2.098518
23091,1436609058159,0.6374562,9.961675,2.1440077
23092,1436609058179,0.7206547,9.996989,2.1332338
23093,1436609058198,0.7553706,10.007763,2.1416135
23094,1436609058221,0.70509243,10.039486,2.099715
23095,1436609058241,0.64463884,10.031705,2.1362264
23096,1436609058260,0.5446809,10.081385,2.1458032
23097,1436609058280,0.45669398,10.086772,2.1386206
23098,1436609058300,0.39923313,10.111911,2.1416135
23099,1436609058321,0.40940848,10.126276,2.15957
23100,1436609058342,0.38486794,10.049662,2.1918917
23101,1436609058362,0.35793316,10.00477,2.2098482
23102,1436609058380,0.29568392,10.037092,2.19668
23103,1436609058401,0.24540567,10.08318,2.1284454
23104,1436609058420,0.23942018,10.069414,2.1505916
23105,1436609058440,0.24660277,10.065823,2.2080526
23106,1436609058461,0.22445641,10.029311,2.2331917
23107,1436609058482,0.17357962,10.024523,2.2224178
23108,1436609058500,0.2160767,10.032902,2.1984756
23109,1436609058520,0.25438392,10.041881,2.1972785
23110,1436609058540,0.29508537,10.028113,2.2822728
23111,1436609058560,0.29029694,10.00477,2.295441
23112,1436609058580,0.2621651,9.998785,2.2643163
23113,1436609058648,0.31902736,9.992201,2.2397757
23114,1436609058649,0.37229836,10.033501,2.2230163
23115,1436609058650,0.41479546,10.110115,2.2170308
23116,1436609058663,0.45310268,10.043077,2.2469583
23117,1436609058680,0.47764325,10.059837,2.2319946
23118,1436609058700,0.47285482,10.143036,2.1799207
23119,1436609058719,0.50038815,10.17835,2.1260512
23120,1436609058739,0.50876784,10.076596,2.19668
23121,1436609058760,0.52373165,10.003573,2.2200236
23122,1436609058781,0.5710171,10.016143,2.183512
23123,1436609058800,0.5686229,10.038888,2.0991163
23124,1436609058821,0.6063316,10.068815,2.0757728
23125,1436609058842,0.694917,9.949105,2.15538
23126,1436609058860,0.78529817,9.836577,2.2008698
23127,1436609058880,0.88525605,9.846753,2.123657
23128,1436609058902,0.9804256,9.777321,2.0913353
23129,1436609058921,1.1013328,9.876082,2.0626047
23130,1436609058940,1.2258313,9.832388,2.1643584
23131,1436609058963,1.2252327,9.844957,2.2200236
23132,1436609058983,1.204882,9.935339,2.2547395
23133,1436609059003,1.2012907,10.084377,2.2110453
23134,1436609059020,1.1953052,10.123882,2.2188265
23135,1436609059045,1.158195,10.08737,2.2014685
23136,1436609059070,1.0785879,10.14543,2.0129251
23137,1436609059083,0.9876082,9.859323,2.0201077
23138,1436609059101,1.0235212,9.647436,2.1015105
23139,1436609059120,1.0618285,9.583989,2.2307975
23140,1436609059140,1.06123,9.5492735,2.2852654
23141,1436609059160,0.9744401,9.681553,2.3475149
23142,1436609059180,0.81642276,9.8198185,2.3702598
23143,1436609059201,0.7846996,9.994595,2.337938
23144,1436609059220,0.8984242,10.016742,2.3882163
23145,1436609059241,1.0193313,10.05864,2.3989902
23146,1436609059261,1.1055226,10.092757,2.369661
23147,1436609059284,1.09834,10.089166,2.3259668
23148,1436609059373,0.9947908,10.061633,2.2942438
23149,1436609059374,0.81402856,10.00896,2.2852654
23150,1436609059375,0.6865373,9.959281,2.3199813
23151,1436609059376,0.57400984,10.001179,2.3253684
23152,1436609059384,0.5129577,10.107721,2.2942438
23153,1436609059402,0.4997896,10.116699,2.3062148
23154,1436609059421,0.58119243,10.0987425,2.36188
23155,1436609059440,0.6985083,9.978435,2.4378958
23156,1436609059462,0.89543146,9.897031,2.4660277
23157,1436609059481,1.0815806,9.972448,2.4223335
23158,1436609059501,1.2419921,10.01734,2.4229321
23159,1436609059521,1.34195,10.050261,2.4115596
23160,1436609059542,1.2797008,9.990405,2.3660698
23161,1436609059560,1.0528502,9.99639,2.3092074
23162,1436609059583,0.8367735,9.9233675,2.2511482
23163,1436609059603,0.6619968,9.836577,2.235586
23164,1436609059620,0.6536171,9.8437605,2.2104468
23165,1436609059641,0.8415619,9.78989,2.1865046
23166,1436609059660,1.3150153,9.795278,2.1739352
23167,1436609059680,1.9728222,9.855133,2.179322
23168,1436609059701,2.4109612,9.924564,2.3241713
23169,1436609059722,2.4821887,10.162787,2.4145525
23170,1436609059741,2.3020248,10.120889,2.429516
23171,1436609059761,1.8992004,9.828198,2.2942438
23172,1436609059783,1.4251486,9.545682,2.2571337
23173,1436609059801,0.9744401,9.573814,2.3828292
23174,1436609059821,0.87567925,9.85633,2.7665
23175,1436609059842,0.93134445,10.016742,2.9311013
23176,1436609059862,0.83856916,10.062231,2.8742392
23177,1436609059883,0.86969376,9.941922,2.6204538
23178,1436609059904,0.83737206,9.792884,2.4797945
23179,1436609059921,0.7410054,9.650429,2.3397336
23180,1436609059944,0.7044938,9.466674,2.267309
23181,1436609059963,0.866701,9.390059,2.1883004
23182,1436609059981,1.18094,9.440936,2.2260091
23183,1436609060001,1.567005,9.547478,2.4546554
23184,1436609060095,1.958457,9.585187,2.6623523
23185,1436609060096,2.2092497,9.894637,2.7497406
23186,1436609060118,2.143409,10.142437,2.779668
23187,1436609060121,1.9081788,10.101137,2.7700913
23188,1436609060122,1.7316064,10.056246,2.6880898
23189,1436609060123,1.7645266,10.0664215,2.6420016
23190,1436609060143,2.0991163,9.8198185,2.6342204
23191,1436609060161,2.542642,9.512163,2.778471
23192,1436609060181,2.7551277,9.873089,2.9191303
23193,1436609060205,2.475006,10.435128,2.8167782
23194,1436609060221,2.2679076,10.479421,2.6563668
23195,1436609060241,1.939902,10.224439,2.5701754
23196,1436609060261,1.5765818,9.900024,2.5737667
23197,1436609060281,1.276708,9.821015,2.5450363
23198,1436609060301,1.0857705,9.938332,2.5659857
23199,1436609060321,1.0384849,9.952098,2.6833014
23200,1436609060341,1.0247183,9.729437,2.9484594
23201,1436609060365,1.0151415,9.560047,3.117849
23202,1436609060383,1.1168951,9.419388,3.0107086
23203,1436609060403,1.4443022,9.473258,2.89459
23204,1436609060421,1.7393875,9.509769,3.0609868
23205,1436609060443,1.8495208,9.450513,3.2273839
23206,1436609060463,1.9045875,9.369708,3.3518825
23207,1436609060483,1.9303252,9.393052,3.283049
23208,1436609060502,1.8309658,9.256582,3.2064347
23209,1436609060522,1.7896658,9.292496,3.2225955
23210,1436609060543,1.7896658,9.341577,3.2112231
23211,1436609060564,1.6244658,9.363723,3.2190042
23212,1436609060585,1.4814123,9.279327,3.2620997
23213,1436609060604,1.3730747,9.138069,3.3375173
23214,1436609060623,1.3862427,9.232041,3.405752
23215,1436609060643,1.6190789,9.411008,3.5523968
23216,1436609060665,1.7322049,9.3182335,3.739743
23217,1436609060683,1.8219875,9.323022,3.66672
23218,1436609060704,1.9446903,9.353547,3.5248635
23219,1436609060723,1.9027919,9.400234,3.3752258
23220,1436609060743,1.7597382,9.485827,3.247136
23221,1436609060772,1.6214731,9.370906,3.1573534
23222,1436609060783,1.5275006,9.251794,2.9897594
23223,1436609060848,1.5885528,9.220071,2.8724434
23224,1436609060849,1.8207904,9.211093,2.8778305
23225,1436609060850,1.951873,9.132683,2.896984
23226,1436609060861,1.9093759,9.096769,2.9616275
23227,1436609060882,1.7890673,9.126099,2.9221232
23228,1436609060903,1.6017209,9.504981,2.7269957
23229,1436609060921,1.3964181,9.877877,2.5264814
23230,1436609060944,1.2282255,10.008362,2.4666264
23231,1436609060962,1.1067197,10.105926,2.493561
23232,1436609060982,0.9032126,10.232818,2.5659857
23233,1436609061002,0.8643068,10.43872,2.6539726
23234,1436609061028,0.93134445,10.408792,2.705448
23235,1436609061044,1.0995371,10.289082,2.7515364
23236,1436609061062,1.3186066,10.19451,2.7575219
23237,1436609061084,1.4850036,10.022727,2.734777
23238,1436609061151,1.4814123,10.109517,2.441487
23239,1436609061152,1.5813702,10.311827,1.9662381
23240,1436609061153,1.6705543,10.084377,1.8531121
23241,1436609061164,1.7591397,9.882068,2.0284874
23242,1436609061184,1.7082629,9.768942,2.2278047
23243,1436609061204,1.553837,9.835381,2.1703439
23244,1436609061223,1.400608,9.972448,2.0099323
23245,1436609061245,1.3599066,9.946113,2.0015526
23246,1436609061264,1.3036429,9.895834,2.088941
23247,1436609061285,1.1677719,9.898229,2.2122424
23248,1436609061305,1.0097545,10.070611,2.1799207
23249,1436609061324,0.9235633,10.365696,1.9117701
23250,1436609061345,1.0348936,10.077793,2.0536265
23251,1436609061364,1.1899183,9.982025,2.2661119
23252,1436609061397,1.2838906,10.056845,2.3289597
23253,1436609061402,1.2707225,9.999383,2.1577742
23254,1436609061425,1.2378023,10.078991,2.0087352
23255,1436609061442,1.228824,9.990405,2.0799627
23256,1436609061462,1.2360066,9.85633,2.2104468
23257,1436609061482,1.2204443,9.859323,2.2134395
23258,1436609061502,1.1474211,9.907805,2.0679917
23259,1436609061522,1.1025299,10.003573,2.0350714
23260,1436609061544,1.0911574,10.070611,2.0655975
23261,1436609061562,1.1145009,10.070012,2.1158757
23262,1436609061582,1.1695676,10.049662,2.1272483
23263,1436609061602,1.2354081,9.958083,2.1290438
23264,1436609061622,1.3018472,9.887454,2.1529858
23265,1436609061662,1.2856863,9.834782,2.1697452
23266,1436609061663,1.2264298,9.841366,2.1404164
23267,1436609061682,1.1887212,9.815628,2.1140802
23268,1436609061702,1.2078748,9.891046,2.047641
23269,1436609061722,1.2988545,9.880272,2.0721815
23270,1436609061763,1.3664906,9.838373,2.1697452
23271,1436609061764,1.4059949,9.898229,2.1978772
23272,1436609061782,1.4155718,9.860519,2.2278047
23273,1436609061802,1.435324,9.900622,2.2343888
23274,1436609061822,1.4083891,9.970653,2.2535424
23275,1436609061846,1.3694834,10.090961,2.19668
23276,1436609061866,1.316811,10.2417965,2.1242554
23277,1436609061886,1.2599486,10.086173,2.144606
23278,1436609061902,1.1857284,10.006566,2.15957
23279,1436609061924,1.1408371,9.920375,2.1709423
23280,1436609061946,1.1210849,9.892841,2.1643584
23281,1436609061966,1.0845734,9.832987,2.2104468
23282,1436609061986,1.0133458,9.931747,2.2451627
23283,1436609062005,0.9624691,10.06283,2.2403743
23284,1436609062022,0.9271546,10.080188,2.2158337
23285,1436609062044,0.9403227,10.043676,2.2068555
23286,1436609062062,0.9876082,10.027515,2.2541409
23287,1436609062082,1.0857705,10.101137,2.2559366
23288,1436609062103,1.1851299,10.143634,2.243367
23289,1436609062122,1.2689269,10.133459,2.272696
23290,1436609062143,1.271321,10.028113,2.3026235
23291,1436609062163,1.2060791,9.959879,2.2990322
23292,1436609062182,1.1306617,9.998186,2.2439656
23293,1436609062204,1.0726024,10.0269165,2.2391772
23294,1436609062221,1.0127473,9.97604,2.2936451
23295,1436609062243,0.9672575,9.956287,2.3708582
23296,1436609062266,0.91817635,9.895236,2.3888147
23297,1436609062282,0.9295488,9.7863,2.3229742
23298,1436609062303,0.98461545,9.775525,2.284667
23299,1436609062327,1.0588357,9.774328,2.2421699
23300,1436609062347,1.1480197,9.668983,2.2481554
23301,1436609062364,1.1653777,9.615712,2.2679076
23302,1436609062388,1.1761516,9.609727,2.2499511
23303,1436609062406,1.1994951,9.60853,2.2463598
23304,1436609062426,1.2144588,9.749788,2.2188265
23305,1436609062446,1.2473791,9.96766,2.2529438
23306,1436609062466,1.2312182,10.203489,2.3427265
23307,1436609062486,1.1917139,10.403405,2.420538
23308,1436609062506,1.1270704,10.356718,2.5234885
23309,1436609062525,1.062427,10.251971,2.516306
23310,1436609062546,0.9959879,10.088568,2.4510639
23311,1436609062566,0.95827925,9.849147,2.3840263
23312,1436609062586,0.85293436,9.718064,2.3133974
23313,1436609062606,0.7966706,9.777321,2.2996306
23314,1436609062626,0.7745243,9.837775,2.332551
23315,1436609062646,0.8206126,9.850345,2.3295584
23316,1436609062666,1.0313023,9.866506,2.2894554
23317,1436609062686,1.2898762,9.909002,2.2535424
23318,1436609062706,1.4544775,9.966463,2.2667105
23319,1436609062726,1.5155296,9.90601,2.36188
23320,1436609062746,1.4802152,9.988609,2.4139538
23321,1436609062765,1.3988123,10.006566,2.4594438
23322,1436609062793,1.271321,9.951499,2.517503
23323,1436609062857,1.1336545,9.935937,2.4947581
23324,1436609062858,1.0175357,9.936536,2.40318
23325,1436609062859,0.8798691,10.001778,2.272696
23326,1436609062866,0.7727286,9.993997,2.204461
23327,1436609062893,0.7715315,9.751583,2.2505496
23328,1436609062907,0.8870517,9.504981,2.3756466
23329,1436609062923,1.050456,9.500193,2.3451207
23330,1436609062946,1.3150153,9.616311,2.247557
23331,1436609062964,1.5340848,9.7084875,2.2014685
23332,1436609062988,1.6956934,9.821614,2.2523453
23333,1436609063007,1.7459716,9.888652,2.2535424
23334,1436609063027,1.7052702,9.96347,2.1972785
23335,1436609063044,1.6591818,9.935937,2.2732944
23336,1436609063067,1.541866,9.96766,2.2942438
23337,1436609063085,1.4574703,9.964069,2.204461
23338,1436609063107,1.3934253,9.871892,2.1057005
23339,1436609063126,1.3521254,9.857527,2.0213048
23340,1436609063147,1.3491327,9.911396,1.9740193
23341,1436609063167,1.3180081,9.879673,2.0374656
23342,1436609063187,1.2497733,9.903615,2.0171149
23343,1436609063207,1.2114661,9.874287,2.0308816
23344,1436609063227,1.1827357,9.815628,2.1547816
23345,1436609063246,1.0809821,9.929353,2.2631192
23346,1436609063267,0.90620536,10.053253,2.344522
23347,1436609063284,0.6871359,10.099341,2.391209
23348,1436609063304,0.45729253,10.095152,2.3690627
23349,1436609063325,0.34117374,10.226832,2.2463598
23350,1436609063349,0.40043023,10.277111,2.2038627
23351,1436609063366,0.41060558,10.183737,2.2403743
23352,1436609063385,0.492607,10.128072,2.35769
23353,1436609063407,0.56203884,10.020332,2.4067712
23354,1436609063424,0.60573304,9.950901,2.3116016
23355,1436609063444,0.6985083,9.928156,2.2529438
23356,1436609063465,0.7529764,9.828796,2.2439656
23357,1436609063487,0.8206126,9.76116,2.2080526
23358,1436609063504,0.83737206,9.923966,2.2242134
23359,1436609063571,0.8206126,9.997588,2.219425
23360,1436609063572,0.85772276,10.075998,2.2379801
23361,1436609063573,0.8858546,10.094553,2.3062148
23362,1436609063584,0.8559271,9.988011,2.3678656
23363,1436609063606,0.7882909,9.962274,2.3582888
23364,1436609063624,0.6931214,9.993997,2.2942438
23365,1436609063649,0.62847793,10.007763,2.2290018
23366,1436609063666,0.63087213,10.039486,2.154183
23367,1436609063685,0.7080852,9.90601,2.247557
23368,1436609063706,0.7505822,9.8916445,2.2888567
23369,1436609063725,0.78410107,9.909002,2.2649148
23370,1436609063747,0.81283146,10.01315,2.1691468
23371,1436609063765,0.8511387,10.103531,2.1374235
23372,1436609063787,0.91458505,9.989208,2.247557
23373,1436609063807,1.0175357,9.965864,2.2152352
23374,1436609063827,1.0947487,9.905411,2.2547395
23375,1436609063847,1.146224,9.908403,2.2062569
23376,1436609063868,1.2126632,9.881469,2.1996727
23377,1436609063887,1.252766,9.908403,2.2469583
23378,1436609063907,1.2144588,9.881469,2.2284033
23379,1436609063927,1.1641805,9.906608,2.1452048
23380,1436609063946,1.1384429,9.953295,2.1039047
23381,1436609063968,1.1935096,9.93474,2.1733365
23382,1436609063988,1.2204443,9.872491,2.271499
23383,1436609064005,1.1474211,9.946711,2.272696
23384,1436609064028,1.0582372,9.982025,2.1906946
23385,1436609064046,1.0588357,9.988609,2.1003134
23386,1436609064075,1.0965444,9.983223,2.0895395
23387,1436609064092,1.2072762,9.898827,2.172738
23388,1436609064110,1.2312182,9.88506,2.27928
23389,1436609064128,1.2348095,9.862914,2.280477
23390,1436609064145,1.1947067,9.905411,2.2266076
23391,1436609064165,1.2186487,9.965266,2.156577
23392,1436609064185,1.2689269,10.003573,2.1577742
23393,1436609064207,1.2599486,9.922171,2.212841
23394,1436609064225,1.2725182,9.869498,2.2691047
23395,1436609064295,1.271321,9.86471,2.2798786
23396,1436609064296,1.323395,9.8683,2.2481554
23397,1436609064297,1.3395559,9.961076,2.179322
23398,1436609064308,1.3730747,10.022727,2.1649568
23399,1436609064326,1.3437457,9.976639,2.211644
23400,1436609064346,1.2677298,9.952098,2.1859062
23401,1436609064366,1.192911,9.856929,2.2038627
23402,1436609064385,1.1833342,9.831789,2.1703439
23403,1436609064408,1.2180501,9.969456,2.171541
23404,1436609064426,1.1976994,9.935339,2.2266076
23405,1436609064446,1.1821371,9.915586,2.2307975
23406,1436609064465,1.127669,9.91439,2.2637177
23407,1436609064490,1.1456255,10.032304,2.2409728
23408,1436609064508,1.1019313,9.995792,2.2439656
23409,1436609064528,1.110311,9.962872,2.2870612
23410,1436609064548,1.050456,9.929353,2.3038206
23411,1436609064568,0.9995792,9.94312,2.2391772
23412,1436609064588,0.9959879,9.97185,2.15957
23413,1436609064608,1.0714053,9.960478,2.1122844
23414,1436609064628,1.2336124,9.898229,2.148796
23415,1436609064648,1.3036429,9.881469,2.2828712
23416,1436609064668,1.3317747,9.935937,2.331354
23417,1436609064687,1.264737,9.923966,2.2798786
23418,1436609064708,1.192911,10.03769,2.178125
23419,1436609064728,1.1049241,10.093954,2.1883004
23420,1436609064748,1.0791864,10.013748,2.2218192
23421,1436609064768,1.0360907,9.936536,2.3175871
23422,1436609064788,0.97384155,9.85633,2.3397336
23423,1436609064808,0.89603,9.821614,2.3385365
23424,1436609064829,0.87089086,9.89344,2.2152352
23425,1436609064849,0.91578215,9.936536,2.19249
23426,1436609064868,1.0295067,9.964069,2.2601264
23427,1436609064889,1.1252748,9.973646,2.3253684
23428,1436609064909,1.1587936,10.012551,2.3229742
23429,1436609064927,1.1905168,9.949105,2.2936451
23430,1436609064955,1.1528081,9.858126,2.3002293
23431,1436609064966,1.1115081,9.856929,2.2948422
23432,1436609065013,1.0354922,9.91439,2.2589293
23433,1436609065014,0.98102415,9.902418,2.2290018
23434,1436609065038,0.96187055,9.892841,2.2589293
23435,1436609065046,0.95708215,9.897031,2.3523033
23436,1436609065071,0.9768343,9.973047,2.3959973
23437,1436609065087,0.98222125,10.069414,2.3762453
23438,1436609065107,0.97025025,10.000581,2.3828292
23439,1436609065126,0.931943,10.019734,2.3295584
23440,1436609065149,0.84934306,9.9951935,2.3092074
23441,1436609065166,0.7721301,9.9790325,2.2667105
23442,1436609065186,0.7966706,9.913192,2.2463598
23443,1436609065207,0.8194155,9.855133,2.295441
23444,1436609065226,0.8643068,9.816826,2.3199813
23445,1436609065249,0.88944596,9.81084,2.3295584
23446,1436609065269,0.9115923,9.8683,2.304419
23447,1436609065289,0.99299514,9.923966,2.337938
23448,1436609065312,1.0468647,9.986216,2.3511062
23449,1436609065329,1.0414777,9.954493,2.3882163
23450,1436609065349,0.97743285,9.961675,2.381632
23451,1436609065368,0.87089086,9.90601,2.3900118
23452,1436609065388,0.7679402,9.837775,2.35769
23453,1436609065409,0.74758947,9.96347,2.248754
23454,1436609065429,0.7254431,9.986814,2.2864625
23455,1436609065447,0.7541735,9.99639,2.3612814
23456,1436609065469,0.789488,10.032304,2.3900118
23457,1436609065489,0.80086046,10.048465,2.4157495
23458,1436609065509,0.79607207,10.039486,2.3588872
23459,1436609065528,0.81522566,10.032902,2.3116016
23460,1436609065549,0.8146271,9.915586,2.3175871
23461,1436609065569,0.7954735,9.874885,2.296638
23462,1436609065589,0.81043726,9.876082,2.2918496
23463,1436609065609,0.8487445,9.892242,2.267309
23464,1436609065629,0.9696517,9.904214,2.321777
23465,1436609065649,1.0726024,9.883863,2.3451207
23466,1436609065668,1.1001357,9.865308,2.3463178
23467,1436609065688,1.086369,9.901221,2.3110032
23468,1436609065706,1.0690111,9.929952,2.2876596
23469,1436609065771,1.0684125,9.960478,2.3307555
23470,1436609065772,1.074398,9.992201,2.3588872
23471,1436609065773,1.0546459,10.035895,2.3038206
23472,1436609065792,0.98700964,10.011953,2.2864625
23473,1436609065806,0.94570965,9.954493,2.2972364
23474,1436609065829,0.8595184,9.958682,2.2601264
23475,1436609065846,0.80924016,9.903615,2.244564
23476,1436609065867,0.79128367,9.888652,2.2409728
23477,1436609065899,0.82360536,9.911995,2.2697031
23478,1436609065919,0.88765025,9.946711,2.2577322
23479,1436609065926,0.9804256,9.988609,2.231396
23480,1436609065946,1.062427,9.983821,2.2774844
23481,1436609065967,1.0941502,9.931149,2.3235726
23482,1436609065988,1.1055226,9.89763,2.3092074
23483,1436609066009,1.1127052,9.911995,2.2822728
23484,1436609066029,1.1282675,9.890448,2.2625206
23485,1436609066047,1.151611,9.918579,2.3020248
23486,1436609066067,1.0869676,9.958083,2.3187842
23487,1436609066092,1.0259154,9.996989,2.2816741
23488,1436609066108,0.96067345,10.084377,2.2343888
23489,1436609066130,0.9259575,10.011953,2.2493525
23490,1436609066150,0.90979666,9.950302,2.2864625
23491,1436609066222,0.8900445,9.923966,2.2894554
23492,1436609066223,0.88645315,9.959879,2.2810757
23493,1436609066224,0.9008184,9.93474,2.2667105
23494,1436609066227,0.89662856,9.913192,2.2840683
23495,1436609066250,0.8475474,9.956886,2.2427685
23496,1436609066270,0.8511387,9.990405,2.2774844
23497,1436609066290,0.8798691,9.958083,2.3295584
23498,1436609066309,0.9295488,9.944317,2.3139958
23499,1436609066331,0.9504981,9.958682,2.3116016
23500,1436609066350,1.0109516,9.985018,2.3014264
23501,1436609066370,1.0067618,10.000581,2.2523453
23502,1436609066392,0.9804256,9.946711,2.303222
23503,1436609066410,0.94930094,9.949105,2.3247697
23504,1436609066432,0.9032126,9.91439,2.3409307
23505,1436609066451,0.8750807,9.892841,2.3187842
23506,1436609066470,0.85772276,9.921572,2.3104045
23507,1436609066494,0.8511387,9.891046,2.3050177
23508,1436609066551,0.8822633,9.904813,2.3361423
23509,1436609066552,0.87927055,9.892242,2.3475149
23510,1436609066553,0.93493575,10.084976,2.291251
23511,1436609066571,1.0289081,10.199299,2.2906525
23512,1436609066589,1.0534488,10.093954,2.3451207
23513,1436609066607,1.1198878,9.970055,2.3630772
23514,1436609066627,1.1617863,9.948506,2.2870612
23515,1436609066647,1.0833763,9.913791,2.2224178
23516,1436609066670,1.01574,9.862914,2.2810757
23517,1436609066688,0.95827925,9.809045,2.3409307
23518,1436609066708,0.8996213,9.85214,2.3259668
23519,1436609066729,0.91578215,9.8916445,2.3475149
23520,1436609066748,0.96546185,9.927557,2.3624785
23521,1436609066768,1.0402806,9.92636,2.4349031
23522,1436609066790,1.1079168,9.915586,2.4241292
23523,1436609066810,1.1234791,9.921572,2.393603
23524,1436609066830,1.1414356,9.928156,2.3810337
23525,1436609066850,1.1659763,9.835979,2.3744495
23526,1436609066870,1.1546037,9.809643,2.3834279
23527,1436609066890,1.1444284,9.792285,2.3678656
23528,1436609066911,1.0803835,9.824008,2.3361423
23529,1436609066930,1.0594343,9.879075,2.3229742
23530,1436609066951,1.0450691,9.949105,2.3439236
23531,1436609066996,1.0516531,9.9233675,2.3852234
23532,1436609066997,1.0175357,9.914988,2.3840263
23533,1436609067009,0.98820674,9.88506,2.3756466
23534,1436609067030,0.95109665,9.912594,2.3056161
23535,1436609067050,0.97743285,9.947908,2.3122003
23536,1436609067077,1.0253168,9.91798,2.327164
23537,1436609067092,1.0528502,9.942521,2.369661
23538,1436609067112,1.0660183,9.932944,2.384625
23539,1436609067131,1.0600328,9.998186,2.3708582
23540,1436609067150,1.0384849,9.998186,2.344522
23541,1436609067168,1.0031705,9.910798,2.344522
23542,1436609067189,0.97264445,9.921572,2.333748
23543,1436609067208,0.94570965,9.979631,2.333748
23544,1436609067252,0.9660604,9.985617,2.3289597
23545,1436609067253,0.9756372,9.969456,2.3343468
23546,1436609067300,0.99898064,9.9550905,2.385822
23547,1436609067301,1.0043676,9.988609,2.3469162
23548,1436609067327,1.0163386,10.022727,2.3080103
23549,1436609067328,0.99898064,9.994595,2.297835
23550,1436609067351,0.99060094,10.008362,2.304419
23551,1436609067368,0.99898064,9.949105,2.32058
23552,1436609067390,1.0235212,9.904813,2.3247697
23553,1436609067408,1.039682,9.844358,2.337938
23554,1436609067428,1.1013328,9.796474,2.349909
23555,1436609067449,1.1306617,9.859323,2.3145945
23556,1436609067475,1.1115081,10.003573,2.2852654
23557,1436609067488,1.1246762,10.059238,2.3385365
23558,1436609067510,1.1127052,10.0341,2.3714569
23559,1436609067530,1.0923545,9.985018,2.4103625
23560,1436609067550,1.0366893,9.905411,2.3582888
23561,1436609067571,1.0103531,9.883863,2.2667105
23562,1436609067591,1.0001777,9.894038,2.2816741
23563,1436609067611,0.99179804,9.90601,2.3175871
23564,1436609067630,0.96905315,9.895236,2.3648727
23565,1436609067650,0.9648633,9.990405,2.3511062
23566,1436609067671,0.9475053,10.029311,2.3750482
23567,1436609067690,0.9259575,10.03769,2.3648727
23568,1436609067709,0.92176765,9.962872,2.3235726
23569,1436609067730,0.91338795,9.842564,2.2984335
23570,1436609067749,0.9451111,9.800665,2.2948422
23571,1436609067771,1.0259154,9.789292,2.2613235
23572,1436609067791,1.1115081,9.78989,2.3056161
23573,1436609067810,1.1797429,9.814431,2.3708582
23574,1436609067830,1.1683705,9.855731,2.3810337
23575,1436609067851,1.1414356,9.88506,2.3678656
23576,1436609067871,1.1025299,9.907207,2.379238
23577,1436609067891,1.0702082,9.926959,2.3702598
23578,1436609067911,1.0462662,9.92636,2.3720553
23579,1436609067929,1.0019734,9.941922,2.349909
23580,1436609067949,0.96905315,9.982624,2.3469162
23581,1436609067969,0.9636662,9.985617,2.3331497
23582,1436609068043,0.9415198,9.959281,2.3415294
23583,1436609068044,0.89902276,9.983223,2.3349452
23584,1436609068045,0.8242039,9.958083,2.327164
23585,1436609068069,0.7356185,9.962274,2.2984335
23586,1436609068070,0.6769605,10.030508,2.2218192
23587,1436609068091,0.7212533,10.104729,2.1787236
23588,1436609068112,0.85173726,10.044274,2.255338
23589,1436609068129,0.99179804,9.956886,2.3517046
23590,1436609068148,1.074398,9.908403,2.355296
23591,1436609068170,1.0702082,9.871294,2.368464
23592,1436609068189,1.0319009,9.92636,2.3002293
23593,1436609068212,1.0007763,9.951499,2.2870612
23594,1436609068230,0.9139865,9.9790325,2.315193
23595,1436609068250,0.87208796,9.955689,2.356493
23596,1436609068270,0.81881696,9.983821,2.3535004
23597,1436609068292,0.7625532,9.932944,2.3169887
23598,1436609068312,0.7422025,9.9233675,2.3068132
23599,1436609068329,0.7284359,9.966463,2.2571337
23600,1436609068350,0.81402856,9.922769,2.2529438
23601,1436609068372,0.82719666,9.865907,2.285864
23602,1436609068390,0.8355764,9.903017,2.2649148
23603,1436609068410,0.8242039,9.915586,2.2750902
23604,1436609068432,0.86490536,9.956886,2.2990322
23605,1436609068451,0.95229375,9.964069,2.3373394
23606,1436609068469,1.0019734,10.007763,2.3451207
23607,1436609068492,1.021127,10.02572,2.332551
23608,1436609068509,1.0324994,10.003573,2.296638
23609,1436609068529,0.97384155,9.962274,2.3289597
23610,1436609068550,0.93254155,9.966463,2.3660698
23611,1436609068573,0.89782566,9.995792,2.3409307
23612,1436609068593,0.8822633,10.010756,2.349909
23613,1436609068614,0.8702923,9.981427,2.3116016
23614,1436609068630,0.81522566,10.097546,2.307412
23615,1436609068650,0.6937199,10.174759,2.231396
23616,1436609068669,0.61890113,10.030508,2.1583729
23617,1436609068691,0.6344634,9.929353,2.15538
23618,1436609068710,0.6985083,9.841366,2.1775265
23619,1436609068731,0.78529817,9.7563715,2.1817162
23620,1436609068777,0.9044097,9.794679,2.1799207
23621,1436609068778,1.062427,9.860519,2.2703018
23622,1436609068797,1.1354501,9.935937,2.356493
23623,1436609068810,1.1150994,10.089166,2.384625
23624,1436609068830,1.0342951,10.108319,2.3834279
23625,1436609068849,0.9139865,10.060435,2.3451207
23626,1436609068869,0.8643068,9.937134,2.3600843
23627,1436609068890,0.8643068,9.849147,2.343325
23628,1436609068910,0.90261406,9.859323,2.2768857
23629,1436609068931,0.99299514,9.872491,2.236783
23630,1436609068951,1.1055226,9.886257,2.2942438
23631,1436609068972,1.1707647,9.929353,2.3750482
23632,1436609068990,1.1749545,9.964667,2.432509
23633,1436609069012,1.1378443,9.996989,2.3930047
23634,1436609069031,1.1294646,10.01734,2.3720553
23635,1436609069051,1.0390835,10.001179,2.3307555
23636,1436609069075,0.93972415,9.94312,2.3397336
23637,1436609069092,0.8607155,9.89763,2.3505075
23638,1436609069110,0.83976626,9.914988,2.3038206
23639,1436609069131,0.8571242,9.900622,2.2756886
23640,1436609069151,0.9864111,9.882068,2.2661119
23641,1436609069172,1.0995371,9.932345,2.3050177
23642,1436609069190,1.1528081,10.012551,2.3523033
23643,1436609069213,1.1336545,9.973646,2.3295584
23644,1436609069231,1.115698,9.985617,2.3122003
23645,1436609069250,1.1019313,9.956287,2.3026235
23646,1436609069270,1.0791864,9.926959,2.3265655
23647,1436609069293,1.0636241,9.93893,2.3247697
23648,1436609069313,1.0546459,9.959281,2.3385365
23649,1436609069329,1.0121487,9.928156,2.331354
23650,1436609069350,0.98222125,9.914988,2.332551
23651,1436609069373,0.97264445,9.935339,2.3451207
23652,1436609069391,0.9828198,9.884461,2.3301568
23653,1436609069411,0.99299514,9.882666,2.3301568
23654,1436609069431,0.96426475,9.911995,2.3301568
23655,1436609069452,0.99060094,9.874885,2.3540988
23656,1436609069505,0.9959879,9.928156,2.3169887
23657,1436609069517,1.009156,9.940127,2.3002293
23658,1436609069518,1.0546459,9.89763,2.3139958
23659,1436609069530,1.0666169,9.883265,2.3331497
23660,1436609069553,1.0773908,9.853935,2.297835
23661,1436609069571,1.0959458,9.828198,2.2870612
23662,1436609069591,1.1133038,9.864111,2.3277626
23663,1436609069612,1.1300632,9.950901,2.4037786
23664,1436609069630,1.0839748,10.049662,2.4121583
23665,1436609069652,1.0384849,10.015544,2.4169466
23666,1436609069671,0.9828198,9.900024,2.3523033
23667,1436609069692,0.95708215,9.830592,2.3008277
23668,1436609069710,0.94570965,9.809643,2.3014264
23669,1436609069730,0.9187749,9.81922,2.3253684
23670,1436609069751,0.8762778,9.854534,2.393603
23671,1436609069773,0.84814596,9.812635,2.4959552
23672,1436609069793,0.82121116,9.81922,2.4947581
23673,1436609069813,0.7966706,9.900622,2.4953568
23674,1436609069831,0.724246,9.994595,2.456451
23675,1436609069853,0.623091,10.104729,2.379238
23676,1436609069873,0.56323594,10.074203,2.3660698
23677,1436609069892,0.5979519,9.986814,2.3983915
23678,1436609069910,0.7811083,9.900024,2.3888147
23679,1436609069930,0.99419224,9.844358,2.3840263
23680,1436609069950,1.1563994,9.824607,2.3780408
23681,1436609069973,1.2653356,9.849746,2.3253684
23682,1436609069991,1.3215994,9.897031,2.319383
23683,1436609070011,1.2862848,9.991602,2.3331497
23684,1436609070032,1.1881226,10.073604,2.3181858
23685,1436609070054,1.0366893,10.027515,2.3331497
23686,1436609070072,0.92296475,9.962274,2.3319526
23687,1436609070093,0.8265981,9.916184,2.3427265
23688,1436609070112,0.78290397,9.940725,2.292448
23689,1436609070131,0.7398083,10.012551,2.3145945
23690,1436609070152,0.777517,9.969456,2.3654714
23691,1436609070174,0.78649527,9.950302,2.397793
23692,1436609070244,0.80684596,9.938332,2.368464
23693,1436609070245,0.8714894,9.961675,2.3265655
23694,1436609070246,0.96306765,9.965266,2.3175871
23695,1436609070253,1.0522517,10.035296,2.2864625
23696,1436609070280,1.103727,9.856929,2.3942018
23697,1436609070292,1.1186907,9.869498,2.3989902
23698,1436609070310,1.021127,9.908403,2.405574
23699,1436609070333,0.90500826,9.937733,2.3636756
23700,1436609070350,0.7326257,9.949105,2.3930047
23701,1436609070372,0.635062,10.01734,2.35769
23702,1436609070391,0.6326678,10.016143,2.3475149
23703,1436609070420,0.7230489,9.953295,2.3301568
23704,1436609070433,0.8631097,9.937134,2.3259668
23705,1436609070454,0.9708488,9.8754835,2.3582888
23706,1436609070474,1.1133038,9.794081,2.3505075
23707,1436609070493,1.2389994,9.82341,2.3481133
23708,1436609070514,1.3257892,9.853337,2.32058
23709,1436609070531,1.3958195,9.808446,2.309806
23710,1436609070553,1.4161704,9.865907,2.3463178
23711,1436609070574,1.4083891,9.898827,2.3343468
23712,1436609070593,1.3742718,9.933543,2.3439236
23713,1436609070614,1.3694834,9.913791,2.3187842
23714,1436609070632,1.365892,9.900024,2.273893
23715,1436609070653,1.3347675,9.890448,2.271499
23716,1436609070676,1.2671312,9.879075,2.267309
23717,1436609070695,1.1671734,9.885659,2.2816741
23718,1436609070715,1.0708067,9.915586,2.2637177
23719,1436609070732,0.9923966,9.937134,2.2385786
23720,1436609070753,0.9498995,9.987412,2.231396
23721,1436609070773,0.9684546,9.987412,2.2421699
23722,1436609070792,1.0043676,9.9928,2.273893
23723,1436609070815,1.003769,10.00477,2.2930467
23724,1436609070836,1.0115502,9.980828,2.272696
23725,1436609070855,0.9684546,9.97604,2.2649148
23726,1436609070874,0.94690675,9.986814,2.285864
23727,1436609070894,0.90021986,9.964667,2.3133974
23728,1436609070963,0.88286185,9.952098,2.3116016
23729,1436609070964,0.8415619,10.001778,2.3223755
23730,1436609070965,0.80684596,10.099341,2.3056161
23731,1436609070973,0.7577648,10.09575,2.2619221
23732,1436609070991,0.75237787,10.030508,2.2679076
23733,1436609071015,0.76554596,9.910798,2.2397757
23734,1436609071031,0.75477207,9.869498,2.2343888
23735,1436609071053,0.7799112,9.8683,2.220622
23736,1436609071075,0.8098387,9.895236,2.2457612
23737,1436609071091,0.83856916,9.834782,2.280477
23738,1436609071112,0.9115923,9.911995,2.3056161
23739,1436609071138,0.9995792,9.948506,2.3211784
23740,1436609071151,1.0151415,9.938332,2.3493104
23741,1436609071176,1.0007763,9.990405,2.3780408
23742,1436609071216,0.89303726,10.042479,2.4181437
23743,1436609071217,0.7781156,10.00896,2.4301147
23744,1436609071235,0.64942724,10.019135,2.3642743
23745,1436609071254,0.57041854,9.952697,2.3199813
23746,1436609071275,0.6003461,9.873688,2.3008277
23747,1436609071295,0.6512229,9.88506,2.3349452
23748,1436609071315,0.7104794,9.916184,2.303222
23749,1436609071335,0.79367787,9.904813,2.3361423
23750,1436609071355,0.8050503,9.928156,2.344522
23751,1436609071372,0.81761986,9.929952,2.3529017
23752,1436609071396,0.85413146,9.970653,2.3181858
23753,1436609071417,0.878672,9.989806,2.3008277
23754,1436609071435,0.89423436,9.952697,2.3523033
23755,1436609071455,0.87807345,9.962872,2.3594859
23756,1436609071475,0.8242039,9.944916,2.3439236
23757,1436609071495,0.7751228,9.928755,2.3481133
23758,1436609071516,0.75596917,9.886856,2.3403323
23759,1436609071545,0.748188,9.912594,2.3469162
23760,1436609071552,0.700304,10.0029745,2.3247697
23761,1436609071572,0.65182143,10.016742,2.307412
23762,1436609071592,0.6727707,10.042479,2.3289597
23763,1436609071613,0.6991069,10.026319,2.333748
23764,1436609071632,0.7781156,9.993997,2.348712
23765,1436609071675,0.8870517,9.950302,2.3343468
23766,1436609071676,0.9487024,9.947908,2.3289597
23767,1436609071693,0.97025025,9.917382,2.333748
23768,1436609071712,1.0217255,9.890448,2.32058
23769,1436609071733,1.062427,9.876082,2.328361
23770,1436609071755,1.067814,9.859921,2.3427265
23771,1436609071772,1.0474633,9.858724,2.344522
23772,1436609071795,1.0474633,9.910199,2.295441
23773,1436609071813,1.0372878,9.982025,2.2709002
23774,1436609071835,1.0301052,9.967062,2.2655134
23775,1436609071853,1.0366893,9.938332,2.2774844
23776,1436609071873,1.0073603,9.935937,2.28347
23777,1436609071892,1.0420763,9.929353,2.28347
23778,1436609071916,1.0474633,9.907207,2.2786815
23779,1436609071937,1.0708067,9.886856,2.2930467
23780,1436609071955,1.1073183,9.882666,2.3026235
23781,1436609071975,1.0971429,9.943718,2.3104045
23782,1436609071995,1.0827777,9.935339,2.3397336
23783,1436609072016,1.0444705,9.990405,2.336741
23784,1436609072036,0.9600749,9.961675,2.303222
23785,1436609072055,0.908001,9.952098,2.2996306
23786,1436609072074,0.83138657,9.985018,2.2529438
23787,1436609072092,0.82480246,9.981427,2.2092497
23788,1436609072115,0.8900445,9.944916,2.231396
23789,1436609072135,0.9271546,9.912594,2.2703018
23790,1436609072155,0.99060094,9.954493,2.2493525
23791,1436609072175,1.0881647,9.918579,2.2583308
23792,1436609072195,1.1587936,9.936536,2.2589293
23793,1436609072245,1.2066777,9.926959,2.280477
23794,1436609072246,1.2443863,9.850943,2.27928
23795,1436609072255,1.2282255,9.909002,2.2421699
23796,1436609072276,1.192911,9.913192,2.2643163
23797,1436609072296,1.1354501,9.962274,2.2637177
23798,1436609072316,1.0636241,9.989806,2.255338
23799,1436609072335,0.98222125,10.038888,2.273893
23800,1436609072422,0.93493575,10.070611,2.236783
23801,1436609072423,0.8924387,10.059837,2.2278047
23802,1436609072424,0.9068039,10.030508,2.2439656
23803,1436609072425,0.92057055,9.9951935,2.267309
23804,1436609072435,0.92176765,9.97604,2.2720973
23805,1436609072454,0.95349085,9.929353,2.2529438
23806,1436609072473,0.95708215,9.850345,2.243367
23807,1436609072493,0.99060094,9.726444,2.2798786
23808,1436609072516,1.0229226,9.755774,2.3056161
23809,1436609072533,0.985214,9.882068,2.3110032
23810,1436609072556,0.93972415,9.976639,2.2786815
23811,1436609072575,0.908001,10.1226845,2.2301989
23812,1436609072594,0.87448215,10.218452,2.2038627
23813,1436609072613,0.9271546,10.278907,2.19249
23814,1436609072636,0.98461545,10.128671,2.2391772
23815,1436609072656,1.122282,9.975441,2.2014685
23816,1436609072676,1.2389994,9.991602,2.0769699
23817,1436609072696,1.4089876,10.019734,1.9895816
23818,1436609072716,1.5622166,9.853337,2.078167
23819,1436609072736,1.6759412,9.71986,2.236783
23820,1436609072756,1.6519991,9.660604,2.3463178
23821,1436609072776,1.4879963,9.665991,2.3020248
23822,1436609072796,1.2862848,9.694122,2.207454
23823,1436609072815,1.074398,9.77792,2.2397757
23824,1436609072836,0.8619126,9.953295,2.168548
23825,1436609072856,0.7332243,10.094553,2.1057005
23826,1436609072876,0.7254431,10.067618,2.207454
23827,1436609072896,0.87807345,10.111911,2.3463178
23828,1436609072916,0.97982705,10.0508585,2.4091654
23829,1436609072936,1.0289081,9.935937,2.3810337
23830,1436609072956,1.0570401,9.807249,2.3014264
23831,1436609072977,1.0989386,9.7803135,2.1859062
23832,1436609072996,1.134253,9.737817,2.2200236
23833,1436609073016,1.1665748,9.77792,2.2655134
23834,1436609073038,1.2413936,9.838972,2.3630772
23835,1436609073058,1.2892777,9.941922,2.3385365
23836,1436609073156,1.2629414,9.970653,2.273893
23837,1436609073157,1.2138603,9.96766,2.2158337
23838,1436609073158,1.1707647,10.011953,2.1571758
23839,1436609073159,1.1025299,9.923966,2.1817162
23840,1436609073160,1.0714053,9.838373,2.2643163
23841,1436609073175,1.067814,9.822811,2.3517046
23842,1436609073194,1.0342951,9.918579,2.3038206
23843,1436609073213,0.9876082,10.118495,2.255338
23844,1436609073233,0.83497787,10.063428,2.2547395
23845,1436609073255,0.7392098,10.016143,2.292448
23846,1436609073276,0.58777654,9.982025,2.3110032
23847,1436609073295,0.50278234,9.944916,2.2984335
23848,1436609073316,0.50517654,9.93893,2.2385786
23849,1436609073338,0.60094464,9.94312,2.2415714
23850,1436609073356,0.80445176,9.937134,2.2547395
23851,1436609073375,0.94092125,10.067019,2.2810757
23852,1436609073396,1.0324994,10.08318,2.2948422
23853,1436609073413,1.1073183,10.061633,2.3026235
23854,1436609073436,1.2138603,10.037092,2.27928
23855,1436609073456,1.258153,10.01315,2.2517467
23856,1436609073477,1.2395979,9.978435,2.2589293
23857,1436609073497,1.1432313,9.919776,2.2649148
23858,1436609073517,1.0217255,9.922769,2.2930467
23859,1436609073535,0.8714894,9.950302,2.2852654
23860,1436609073557,0.7469909,9.992201,2.2768857
23861,1436609073577,0.6464345,10.065224,2.2852654
23862,1436609073597,0.62249243,10.115502,2.2828712
23863,1436609073617,0.7254431,10.032902,2.3511062
23864,1436609073637,0.9151836,9.953894,2.3690627
23865,1436609073656,1.1013328,9.871294,2.3810337
23866,1436609073677,1.1671734,9.765948,2.3451207
23867,1436609073697,1.1815386,9.7084875,2.3594859
23868,1436609073717,1.1085154,9.719262,2.331354
23869,1436609073737,1.0977415,9.741408,2.3002293
23870,1436609073756,1.1558008,9.803658,2.3062148
23871,1436609073776,1.1755531,9.886257,2.3295584
23872,1436609073795,1.2060791,9.948506,2.2942438
23873,1436609073815,1.1917139,10.035296,2.2535424
23874,1436609073881,1.1761516,10.080188,2.2529438
23875,1436609073882,1.1887212,10.041881,2.2810757
23876,1436609073883,1.2216414,10.058042,2.2152352
23877,1436609073894,1.2132617,10.019135,2.1559787
23878,1436609073918,1.2437878,9.911396,2.195483
23879,1436609073936,1.2653356,9.89763,2.1948843
23880,1436609073956,1.2174516,9.874287,2.2098482
23881,1436609073977,1.0791864,9.947908,2.1721394
23882,1436609073995,0.9295488,10.0341,2.1571758
23883,1436609074017,0.8750807,10.089166,2.207454
23884,1436609074036,0.96546185,10.067618,2.2517467
23885,1436609074054,1.1641805,9.994595,2.3277626
23886,1436609074079,1.3976152,10.019734,2.355296
23887,1436609074095,1.5879543,10.028113,2.384625
23888,1436609074117,1.6334441,9.999982,2.348712
23889,1436609074137,1.6023195,9.877279,2.2942438
23890,1436609074157,1.6011224,9.774927,2.2780828
23891,1436609074178,1.6011224,9.667188,2.2541409
23892,1436609074197,1.6065093,9.68275,2.2296004
23893,1436609074218,1.590947,9.657013,2.1978772
23894,1436609074237,1.5975311,9.721656,2.191293
23895,1436609074258,1.5813702,9.846154,2.2631192
23896,1436609074275,1.5454572,9.910798,2.273893
23897,1436609074297,1.4580688,9.957485,2.3068132
23898,1436609074317,1.3485341,9.985617,2.3247697
23899,1436609074337,1.1869255,9.975441,2.2679076
23900,1436609074357,1.0803835,9.948506,2.2379801
23901,1436609074377,1.0654198,9.909601,2.2319946
23902,1436609074397,1.1007342,9.914988,2.2224178
23903,1436609074418,1.1450269,9.9233675,2.203264
23904,1436609074435,1.2318168,9.937134,2.2260091
23905,1436609074458,1.3186066,9.897031,2.2409728
23906,1436609074479,1.3455414,9.877877,2.2559366
23907,1436609074498,1.3359646,9.87668,2.259528
23908,1436609074517,1.2844892,9.88925,2.2744915
23909,1436609074537,1.2282255,9.968858,2.2385786
23910,1436609074590,1.1683705,10.025121,2.2756886
23911,1436609074591,1.1294646,10.063428,2.2697031
23912,1436609074606,1.0803835,10.09575,2.3038206
23913,1436609074615,0.985214,10.198102,2.28347
23914,1436609074639,0.8738836,10.211869,2.2457612
23915,1436609074656,0.7368156,10.037092,2.1691468
23916,1436609074677,0.7146692,9.923966,2.1272483
23917,1436609074697,0.8355764,9.903017,2.1517887
23918,1436609074716,0.8283938,10.064626,2.1015105
23919,1436609074736,0.6619968,10.134656,2.1242554
23920,1436609074756,0.6841431,10.044873,2.19668
23921,1436609074775,0.8900445,9.925163,2.2511482
23922,1436609074795,1.1522095,9.970653,2.195483
23923,1436609074818,1.4413095,10.005369,2.1811178
23924,1436609074838,1.7471687,9.937134,2.2439656
23925,1436609074858,1.8686744,9.883863,2.3187842
23926,1436609074878,1.87047,9.721058,2.2930467
23927,1436609074898,1.875857,9.662399,2.1769278
23928,1436609074918,1.9153614,9.642049,2.110489
23929,1436609074938,1.970428,9.6767645,2.1051018
23930,1436609074958,1.9003977,9.765948,2.1410148
23931,1436609074976,1.6394296,9.850943,2.1996727
23932,1436609074998,1.3371617,9.928156,2.2343888
23933,1436609075018,1.002572,10.015544,2.2810757
23934,1436609075037,0.7541735,9.983223,2.2870612
23935,1436609075055,0.6380547,9.89763,2.2643163
23936,1436609075082,0.62249243,9.844358,2.1984756
23937,1436609075099,0.7140707,9.821614,2.1877017
23938,1436609075118,0.86011696,9.883863,2.1829133
23939,1436609075138,0.9744401,9.904813,2.2762873
23940,1436609075158,1.0540473,9.970055,2.3301568
23941,1436609075178,1.1139023,10.003573,2.3505075
23942,1436609075199,1.1797429,9.966463,2.3349452
23943,1436609075217,1.2018893,9.935339,2.247557
23944,1436609075244,1.2078748,9.921572,2.1996727
23945,1436609075310,1.1827357,9.897031,2.1643584
23946,1436609075311,1.1671734,9.921572,2.1577742
23947,1436609075312,1.1414356,9.912594,2.1930888
23948,1436609075318,1.1109096,9.919776,2.1865046
23949,1436609075337,1.0672154,9.926959,2.220622
23950,1436609075356,0.9528923,9.998785,2.19249
23951,1436609075376,0.825401,10.061034,2.1841104
23952,1436609075396,0.6931214,10.067019,2.1493945
23953,1436609075422,0.60812724,10.031705,2.15538
23954,1436609075436,0.5506664,10.022727,2.1428106
23955,1436609075456,0.557849,10.023924,2.1667526
23956,1436609075482,0.6051345,10.055647,2.1703439
23957,1436609075499,0.6907272,10.098145,2.160767
23958,1436609075519,0.7667431,10.102334,2.1631613
23959,1436609075539,0.85054016,10.102933,2.1458032
23960,1436609075559,0.92416185,10.061633,2.1577742
23961,1436609075579,0.99419224,10.028113,2.1613655
23962,1436609075599,1.009156,9.983223,2.1440077
23963,1436609075619,1.0564415,9.972448,2.1254525
23964,1436609075639,1.0749966,9.935937,2.131438
23965,1436609075659,1.0953473,9.91798,2.171541
23966,1436609075678,1.0947487,9.935937,2.1990743
23967,1436609075699,1.0660183,9.991004,2.1984756
23968,1436609075717,1.0408791,10.020931,2.1481974
23969,1436609075738,1.0420763,9.982624,2.1799207
23970,1436609075759,1.0313023,9.989806,2.178125
23971,1436609075779,1.0384849,9.943718,2.1936872
23972,1436609075799,1.0378864,9.967062,2.1918917
23973,1436609075818,1.0307038,9.935339,2.2110453
23974,1436609075839,1.0450691,9.8916445,2.1984756
23975,1436609075859,1.0414777,9.883265,2.1865046
23976,1436609075879,1.0606314,9.866506,2.1583729
23977,1436609075899,1.1192893,9.91798,2.1649568
23978,1436609075919,1.1779473,9.964069,2.231396
23979,1436609075938,1.2389994,9.982624,2.2948422
23980,1436609075958,1.2378023,9.986216,2.28347
23981,1436609075976,1.1953052,9.959281,2.2481554
23982,1436609075999,1.1498153,9.940725,2.2469583
23983,1436609076101,1.1228806,9.907207,2.2469583
23984,1436609076102,1.0779893,9.909601,2.224812
23985,1436609076103,1.027711,9.873688,2.211644
23986,1436609076104,1.0289081,9.853935,2.231396
23987,1436609076105,1.1228806,9.877877,2.255338
23988,1436609076118,1.2018893,9.9550905,2.3265655
23989,1436609076136,1.2443863,10.00477,2.3451207
23990,1436609076156,1.2030864,10.011354,2.2182279
23991,1436609076177,1.1198878,9.935937,2.1410148
23992,1436609076200,1.0845734,9.859323,2.1392193
23993,1436609076218,1.0720038,9.809045,2.1739352
23994,1436609076238,1.06123,9.810242,2.2254105
23995,1436609076301,1.091756,9.8677025,2.2469583
23996,1436609076302,1.1390414,9.981427,2.2535424
23997,1436609076303,1.1767502,10.067019,2.2942438
23998,1436609076319,1.122282,10.122087,2.2996306
23999,1436609076339,1.0690111,10.074203,2.2750902
24000,1436609076360,0.9804256,9.968858,2.2331917
24001,1436609076379,0.97264445,9.929952,2.1787236
24002,1436609076400,1.0229226,9.874287,2.1386206
24003,1436609076421,1.1210849,9.838972,2.1709423
24004,1436609076440,1.2366052,9.874885,2.2451627
24005,1436609076460,1.3329718,9.932345,2.259528
24006,1436609076480,1.3557167,9.986814,2.2002714
24007,1436609076500,1.3916297,9.990405,2.1266496
24008,1436609076521,1.4119805,9.972448,2.1296425
24009,1436609076536,1.4077905,9.929353,2.1930888
24010,1436609076560,1.3545196,9.824008,2.224812
24011,1436609076578,1.2940661,9.812635,2.2164323
24012,1436609076597,1.2515689,9.836577,2.1679497
24013,1436609076617,1.2539631,9.855731,2.143409
24014,1436609076642,1.2797008,9.890448,2.1823149
24015,1436609076662,1.2725182,9.904214,2.2176294
24016,1436609076680,1.240795,9.959879,2.180519
24017,1436609076700,1.2240356,9.96766,2.1996727
24018,1436609076718,1.2348095,9.932944,2.1930888
24019,1436609076738,1.234211,9.910199,2.1739352
24020,1436609076758,1.2976574,9.913192,2.1410148
24021,1436609076779,1.3623008,9.907805,2.1212628
24022,1436609076877,1.4496891,9.906608,2.1440077
24023,1436609076878,1.4796166,9.917382,2.1751323
24024,1436609076879,1.4460979,9.969456,2.1649568
24025,1436609076880,1.4053963,9.992201,2.1505916
24026,1436609076881,1.371279,9.999383,2.1242554
24027,1436609076897,1.3162124,9.96347,2.1571758
24028,1436609076921,1.2773066,9.906608,2.183512
24029,1436609076937,1.2431892,9.874885,2.12246
24030,1436609076957,1.198298,9.920375,2.1272483
24031,1436609077005,1.1665748,10.00896,2.0871453
24032,1436609077006,1.1803415,10.024523,2.100912
24033,1436609077018,1.2012907,9.969456,2.1619642
24034,1436609077038,1.2306197,9.991004,2.2056582
24035,1436609077061,1.2210429,9.994595,2.1745336
24036,1436609077077,1.1779473,9.92636,2.1577742
24037,1436609077098,1.1569979,9.925761,2.1811178
24038,1436609077119,1.1025299,9.909601,2.1918917
24039,1436609077140,1.0779893,9.949704,2.1613655
24040,1436609077161,1.0480618,9.943718,2.1990743
24041,1436609077180,1.0851719,9.986814,2.232593
24042,1436609077200,1.0935516,9.975441,2.2391772
24043,1436609077220,1.0953473,9.968858,2.2110453
24044,1436609077242,1.1085154,9.938332,2.1481974
24045,1436609077259,1.1725603,9.961076,2.1122844
24046,1436609077281,1.2587515,9.9550905,2.1493945
24047,1436609077298,1.2952632,9.980229,2.1643584
24048,1436609077327,1.3281834,9.968259,2.1643584
24049,1436609077337,1.3605051,9.911396,2.1733365
24050,1436609077362,1.3377602,9.921572,2.1523874
24051,1436609077380,1.2737153,9.895236,2.134431
24052,1436609077399,1.2425907,9.87668,2.078167
24053,1436609077420,1.2306197,9.8683,2.0614076
24054,1436609077438,1.2761095,9.843162,2.0709844
24055,1436609077458,1.3204023,9.828796,2.083554
24056,1436609077490,1.4131776,9.855133,2.110489
24057,1436609077498,1.447295,9.901221,2.0530279
24058,1436609077552,1.501763,9.90601,2.1068976
24059,1436609077553,1.5394717,9.929353,2.100912
24060,1436609077563,1.5532384,9.937134,2.112883
24061,1436609077578,1.5526398,9.985617,2.0500352
24062,1436609077598,1.5765818,9.952697,2.087744
24063,1436609077630,1.5987282,9.997588,2.0470424
24064,1436609077640,1.6023195,9.91798,2.1230583
24065,1436609077658,1.5688007,9.919178,2.083554
24066,1436609077678,1.5646108,9.900024,2.0638018
24067,1436609077703,1.5376761,9.91439,2.0201077
24068,1436609077718,1.5221137,9.926959,2.0350714
24069,1436609077740,1.5143325,9.926959,2.079364
24070,1436609077758,1.4610616,9.937134,2.1242554
24071,1436609077779,1.38325,9.9951935,2.1057005
24072,1436609077798,1.3533225,10.010158,2.0691888
24073,1436609077818,1.3215994,10.000581,2.059612
24074,1436609077840,1.3257892,9.964069,2.123657
24075,1436609077860,1.2623428,9.932944,2.1296425
24076,1436609077880,1.2389994,9.886257,2.1092918
24077,1436609077901,1.2276269,9.947908,2.0428526
24078,1436609077920,1.258153,9.956886,2.0201077
24079,1436609077940,1.3084313,9.950901,2.078167
24080,1436609077960,1.2862848,9.918579,2.0410569
24081,1436609077980,1.3144168,9.877279,2.0015526
24082,1436609078001,1.3575124,9.871892,1.9500773
24083,1436609078021,1.38325,9.936536,1.8962077
24084,1436609078038,1.4209588,9.998785,1.8716671
24085,1436609078060,1.4293385,10.009559,1.8836381
24086,1436609078079,1.5197195,10.011953,1.905186
24087,1436609078102,1.5903485,9.972448,1.9752164
24088,1436609078121,1.6597804,9.92636,1.9752164
24089,1436609078141,1.7717092,9.950901,1.9614497
24090,1436609078160,1.8746599,9.974244,1.9393034
24091,1436609078181,1.9315223,10.048465,1.946486
24092,1436609078199,1.9015948,10.089166,1.9847932
24093,1436609078219,1.8154035,10.107721,1.9925743
24094,1436609078252,1.697489,10.067019,2.0135236
24095,1436609078304,1.5867572,9.968259,2.0667946
24096,1436609078306,1.4221559,9.930551,2.054225
24097,1436609078307,1.2485762,9.877279,2.0727801
24098,1436609078321,1.0720038,9.892242,2.088941
24099,1436609078339,0.93373865,9.97604,2.0644004
24100,1436609078359,0.8900445,10.09156,2.0290859
24101,1436609078378,0.90021986,10.038289,2.094328
24102,1436609078398,0.9403227,10.041282,2.147599
24103,1436609078420,0.97503865,10.014347,2.1428106
24104,1436609078442,0.9959879,10.00477,2.1092918
24105,1436609078461,0.98581254,10.038289,2.0655975
24106,1436609078479,1.0313023,10.022727,2.0207062
24107,1436609078499,1.0965444,10.019734,1.9967642
24108,1436609078519,1.1647792,9.965864,2.006341
24109,1436609078541,1.2443863,9.884461,2.100912
24110,1436609078560,1.2970588,9.863512,2.111686
24111,1436609078580,1.3078327,9.824607,2.1416135
24112,1436609078599,1.323395,9.866506,2.098518
24113,1436609078620,1.3431472,9.850345,2.100912
24114,1436609078641,1.3706805,9.831789,2.1051018
24115,1436609078661,1.3670892,9.885659,2.1440077
24116,1436609078680,1.3377602,9.949105,2.1212628
24117,1436609078701,1.3198037,10.006566,2.078167
24118,1436609078720,1.2976574,10.011953,2.0841527
24119,1436609078740,1.3132197,9.950302,2.1140802
24120,1436609078760,1.3096284,9.935339,2.0931308
24121,1436609078780,1.3682863,9.903017,2.094328
24122,1436609078800,1.3958195,9.895236,2.0410569
24123,1436609078820,1.3700819,9.982624,2.0254946
24124,1436609078842,1.3521254,10.022727,2.0242975
24125,1436609078862,1.3868413,9.967062,2.059612
24126,1436609078882,1.441908,9.886257,2.0727801
24127,1436609078901,1.5125369,9.895236,2.083554
24128,1436609078921,1.6310499,9.809045,2.055422
24129,1436609078941,1.7770962,9.789292,2.0691888
24130,1436609078959,1.9470845,9.836577,2.1200657
24131,1436609078983,2.0805612,9.796474,2.1745336
24132,1436609079076,2.148796,9.925761,2.1254525
24133,1436609079077,2.167351,9.983223,2.1589713
24134,1436609079079,2.0727801,9.990405,2.19249
24135,1436609079080,1.8770541,10.063428,2.1086931
24136,1436609079084,1.6741456,9.986216,2.0488381
24137,1436609079102,1.555034,9.861717,1.9931729
24138,1436609079124,1.4939818,9.809045,1.9961656
24139,1436609079139,1.4969746,9.845556,1.9213469
24140,1436609079166,1.5436616,9.860519,1.9416976
24141,1436609079179,1.6017209,9.838972,2.0428526
24142,1436609079199,1.6765398,9.956287,2.1134815
24143,1436609079221,1.6783354,9.964667,2.1799207
24144,1436609079239,1.6472107,10.057443,2.1308396
24145,1436609079262,1.5382746,10.048465,2.1051018
24146,1436609079280,1.4526819,9.998186,2.0260932
24147,1436609079302,1.4748282,9.96766,1.9853917
24148,1436609079321,1.5496471,9.933543,2.0081367
24149,1436609079340,1.6077064,9.861118,2.0290859
24150,1436609079362,1.6753427,9.877877,1.988983
24151,1436609079382,1.7016789,9.8916445,1.9482816
24152,1436609079400,1.7351977,9.9233675,1.9201498
24153,1436609079421,1.7441759,9.925761,1.9542671
24154,1436609079441,1.7429788,9.921572,2.010531
24155,1436609079462,1.6627731,9.956886,2.0470424
24156,1436609079483,1.5526398,9.9712515,2.0368671
24157,1436609079503,1.4808137,9.992201,1.9991584
24158,1436609079519,1.3640964,9.967062,1.9375077
24159,1436609079540,1.3024458,9.9473095,1.8866309
24160,1436609079562,1.299453,9.928755,1.9063832
24161,1436609079582,1.2898762,9.980828,1.922544
24162,1436609079603,1.2940661,9.958083,1.9494787
24163,1436609079620,1.2635399,9.999982,1.946486
24164,1436609079642,1.216853,9.976639,1.9512744
24165,1436609079662,1.1941081,9.9951935,1.9716251
24166,1436609079682,1.1498153,9.9790325,2.0039468
24167,1436609079701,1.1168951,9.953894,2.0057425
24168,1436609079720,1.0803835,9.986216,1.9967642
24169,1436609079767,1.0223241,10.01734,1.9806033
24170,1436609079768,0.98820674,10.0029745,1.988983
24171,1436609079786,0.99778354,9.96766,2.0231004
24172,1436609079800,1.0031705,9.9550905,2.0811598
24173,1436609079820,0.9552865,9.961076,2.0655975
24174,1436609079840,0.9259575,9.993398,2.054225
24175,1436609079860,0.9008184,10.0029745,2.0602105
24176,1436609079881,0.9068039,9.966463,2.0961237
24177,1436609079902,0.89303726,9.988011,2.154183
24178,1436609079921,0.86729956,9.982624,2.156577
24179,1436609079940,0.81163436,10.023325,2.1027076
24180,1436609079962,0.8110358,10.019135,2.1308396
24181,1436609079981,0.81283146,9.929952,2.1757307
24182,1436609080002,0.8098387,9.9790325,2.1721394
24183,1436609080021,0.8026561,9.927557,2.1841104
24184,1436609080043,0.83497787,9.969456,2.1948843
24185,1436609080061,0.89603,10.023325,2.231396
24186,1436609080083,0.89662856,10.004171,2.3187842
24187,1436609080102,0.8810662,10.015544,2.3540988
24188,1436609080120,0.8487445,9.998785,2.303222
24189,1436609080141,0.84694886,9.999982,2.1948843
24190,1436609080162,0.80564886,10.0029745,2.1398177
24191,1436609080182,0.7781156,9.986814,2.171541
24192,1436609080203,0.6901286,10.003573,2.1948843
24193,1436609080220,0.6572084,9.935937,2.2278047
24194,1436609080240,0.6691794,9.886856,2.2631192
24195,1436609080260,0.6757634,9.914988,2.2948422
24196,1436609080286,0.74998367,9.928755,2.2876596
24197,1436609080305,0.7553706,9.982624,2.2870612
24198,1436609080326,0.7637503,10.068216,2.2762873
24199,1436609080341,0.7715315,10.075399,2.319383
24200,1436609080360,0.80684596,10.098145,2.3517046
24201,1436609080380,0.789488,10.094553,2.3355439
24202,1436609080401,0.7505822,10.046669,2.3002293
24203,1436609080420,0.7278373,9.985018,2.2260091
24204,1436609080441,0.7248446,9.936536,2.1769278
24205,1436609080494,0.7505822,9.953894,2.1763294
24206,1436609080495,0.7673417,10.011953,2.171541
24207,1436609080501,0.8062474,10.14124,2.1404164
24208,1436609080520,0.8355764,10.108319,2.1517887
24209,1436609080543,0.83258367,10.065823,2.1667526
24210,1436609080562,0.8475474,10.01734,2.1865046
24211,1436609080580,0.8439561,9.9712515,2.1936872
24212,1436609080601,0.9008184,10.01315,2.1015105
24213,1436609080620,1.0121487,9.980828,2.1296425
24214,1436609080643,1.0905589,9.8677025,2.1751323
24215,1436609080661,1.1522095,9.877877,2.2050598
24216,1436609080683,1.1216835,9.924564,2.1787236
24217,1436609080701,1.0654198,10.001778,2.0799627
24218,1436609080723,1.0498575,9.98442,2.0679917
24219,1436609080743,1.1246762,9.97604,2.1027076
24220,1436609080763,1.1695676,9.943718,2.1021092
24221,1436609080783,1.2162545,9.932345,2.0685902
24222,1436609080803,1.2892777,9.998785,2.0308816
24223,1436609080823,1.3503298,10.02153,2.03148
24224,1436609080843,1.3497312,10.035895,2.0494366
24225,1436609080862,1.3467385,10.00477,2.0679917
24226,1436609080882,1.3443443,9.973047,2.0691888
24227,1436609080901,1.3796587,9.922171,2.0883424
24228,1436609080923,1.4107834,9.9473095,2.087744
24229,1436609080941,1.4706384,9.991004,2.0871453
24230,1436609080962,1.5185224,9.980828,2.0536265
24231,1436609080987,1.608305,9.949704,2.0805612
24232,1436609081022,1.6968905,9.941922,2.088941
24233,1436609081023,1.7794905,9.922769,2.0925324
24234,1436609081131,1.8297687,9.959879,2.087744
24235,1436609081132,1.8740613,9.98442,2.071583
24236,1436609081133,1.9183542,9.94312,2.1332338
24237,1436609081134,1.9847932,9.920973,2.1535845
24238,1436609081135,2.0135236,9.902418,2.167351
24239,1436609081171,2.0177135,9.911995,2.1613655
24240,1436609081172,2.0290859,9.88925,2.1823149
24241,1436609081289,2.0482395,9.85633,2.2284033
24242,1436609081290,2.0458453,9.813234,2.2493525
24243,1436609081291,2.0231004,9.780912,2.2170308
24244,1436609081292,2.0254946,9.745598,2.2146366
24245,1436609081293,2.0626047,9.775525,2.2547395
24246,1436609081294,2.095525,9.774927,2.2709002
24247,1436609081325,2.1086931,9.774328,2.2547395
24248,1436609081326,2.1841104,9.781511,2.2864625
24249,1436609081341,2.2296004,9.745598,2.3116016
24250,1436609081361,2.2505496,9.776124,2.2936451
24251,1436609081439,2.2469583,9.757569,2.2936451
24252,1436609081440,2.2158337,9.705495,2.2547395
24253,1436609081441,2.2170308,9.719262,2.259528
24254,1436609081442,2.2212207,9.729437,2.2840683
24255,1436609081462,2.1990743,9.716867,2.2732944
24256,1436609081482,2.190096,9.767744,2.295441
24257,1436609081509,2.1386206,9.817424,2.308609
24258,1436609081522,2.0919337,9.8198185,2.3355439
24259,1436609081541,2.078167,9.818622,2.3439236
24260,1436609081562,2.0248961,9.807249,2.3475149
24261,1436609081581,2.006341,9.773131,2.3247697
24262,1436609081601,1.9369092,9.743204,2.2888567
24263,1436609081621,1.8866309,9.738416,2.2385786
24264,1436609081640,1.8525136,9.747394,2.2122424
24265,1436609081660,1.8195933,9.736021,2.203264
24266,1436609081680,1.8321629,9.744401,2.2182279
24267,1436609081701,1.8124107,9.768942,2.2439656
24268,1436609081721,1.8339585,9.782708,2.248754
24269,1436609081741,1.8351556,9.835381,2.2439656
24270,1436609081761,1.785476,9.829993,2.2481554
24271,1436609081781,1.7250223,9.830592,2.232593
24272,1436609081801,1.6837224,9.846753,2.232593
24273,1436609081821,1.6190789,9.860519,2.2457612
24274,1436609081840,1.5358804,9.840768,2.255338
24275,1436609081860,1.4383167,9.840169,2.267309
24276,1436609081881,1.3724761,9.836577,2.2164323
24277,1436609081901,1.328782,9.818622,2.1853075
24278,1436609081921,1.3150153,9.812037,2.1775265
24279,1436609081941,1.2665327,9.815628,2.1859062
24280,1436609081961,1.2479776,9.909601,2.1906946
24281,1436609081983,1.2144588,9.920375,2.2026656
24282,1436609082001,1.1587936,9.955689,2.2080526
24283,1436609082021,1.0971429,9.932345,2.2296004
24284,1436609082041,1.0265139,9.929952,2.2230163
24285,1436609082071,0.919972,9.925761,2.1996727
24286,1436609082081,0.8523358,9.964069,2.2014685
24287,1436609082101,0.7745243,9.935937,2.2062569
24288,1436609082121,0.70509243,9.973047,2.1853075
24289,1436609082141,0.6697779,9.956886,2.1996727
24290,1436609082161,0.712275,9.96347,2.2254105
24291,1436609082181,0.7380127,10.007763,2.2373815
24292,1436609082201,0.7080852,10.003573,2.2541409
24293,1436609082221,0.6745663,9.998186,2.2601264
24294,1436609082245,0.59136784,9.973047,2.284667
24295,1436609082265,0.49919105,10.004171,2.2002714
24296,1436609082285,0.49919105,9.9790325,2.1936872
24297,1436609082315,0.55006784,9.96766,2.1996727
24298,1436609082322,0.7254431,9.982624,2.255338
24299,1436609082343,0.8230068,10.071808,2.304419
24300,1436609082362,0.83258367,10.107721,2.3175871
24301,1436609082395,0.78769237,10.098145,2.2457612
24302,1436609082402,0.75596917,10.084377,2.2002714
24303,1436609082426,0.75836337,10.075998,2.1918917
24304,1436609082445,0.7170634,10.073604,2.1775265
24305,1436609082465,0.7032967,10.0664215,2.2014685
24306,1436609082482,0.7206547,10.09156,2.2056582
24307,1436609082502,0.7248446,10.125079,2.2152352
24308,1436609082522,0.7667431,10.096349,2.1877017
24309,1436609082543,0.8098387,10.046669,2.1829133
24310,1436609082562,0.86131406,10.0748005,2.1577742
24311,1436609082582,0.8948329,10.113108,2.1146786
24312,1436609082613,0.89603,10.086173,2.107496
24313,1436609082628,0.90859956,10.074203,2.0973208
24314,1436609082643,0.88944596,10.029909,2.1254525
24315,1436609082662,0.87089086,10.029909,2.1272483
24316,1436609082682,0.86729956,10.049662,2.0973208
24317,1436609082702,0.9103952,10.1065235,2.0775685
24318,1436609082722,0.94930094,10.098145,2.0967221
24319,1436609082742,1.0073603,10.070611,2.1218612
24320,1436609082762,1.0432734,10.050261,2.1254525
24321,1436609082783,1.0444705,10.0664215,2.1170728
24322,1436609082806,1.0342951,10.096349,2.0626047
24323,1436609082825,1.0564415,10.038888,2.0189106
24324,1436609082846,1.1204864,9.973047,2.0578163
24325,1436609082866,1.1653777,9.983223,2.1051018
24326,1436609082886,1.1833342,9.985617,2.0811598
24327,1436609082904,1.1911154,9.970653,2.043451
24328,1436609082926,1.2054806,9.985617,2.0775685
24329,1436609082946,1.234211,9.980828,2.0769699
24330,1436609082966,1.2761095,9.96766,2.0733786
24331,1436609082986,1.311424,9.936536,2.0691888
24332,1436609083003,1.365892,9.958083,2.0895395
24333,1436609083027,1.401805,9.968858,2.1176715
24334,1436609083045,1.4024036,9.9473095,2.1643584
24335,1436609083066,1.3814543,9.998186,2.1811178
24336,1436609083087,1.352724,9.958682,2.195483
24337,1436609083104,1.335366,9.981427,2.2176294
24338,1436609083124,1.3239936,9.997588,2.2230163
24339,1436609083146,1.3281834,10.055049,2.212841
24340,1436609083167,1.335366,9.989806,2.2200236
24341,1436609083185,1.3455414,9.921572,2.2655134
24342,1436609083207,1.3551182,9.907805,2.2703018
24343,1436609083226,1.3880384,9.916184,2.2284033
24344,1436609083244,1.4323312,9.895834,2.2254105
24345,1436609083267,1.4969746,9.900024,2.2331917
24346,1436609083333,1.5472529,9.850943,2.2918496
24347,1436609083334,1.5227122,9.840169,2.3505075
24348,1436609083335,1.4951789,9.846154,2.3301568
24349,1436609083343,1.4652514,9.86471,2.3229742
24350,1436609083373,1.4562732,9.831789,2.3403323
24351,1436609083384,1.435324,9.85214,2.3732524
24352,1436609083406,1.4024036,9.853935,2.4157495
24353,1436609083427,1.353921,9.834782,2.3810337
24354,1436609083444,1.3694834,9.793482,2.3798366
24355,1436609083465,1.3784616,9.740809,2.397793
24356,1436609083484,1.3730747,9.760562,2.3882163
24357,1436609083507,1.353921,9.736021,2.3648727
24358,1436609083523,1.3449428,9.695918,2.3894134
24359,1436609083545,1.4119805,9.690532,2.4361002
24360,1436609083567,1.460463,9.726444,2.4253263
24361,1436609083587,1.5209166,9.701904,2.421735
24362,1436609083607,1.5652094,9.715671,2.420538
24363,1436609083627,1.5897499,9.736021,2.4600422
24364,1436609083647,1.5753847,9.821015,2.5067291
24365,1436609083667,1.5089456,9.828198,2.5067291
24366,1436609083687,1.4736311,9.812635,2.5312698
24367,1436609083705,1.46585,9.833585,2.517503
24368,1436609083727,1.4413095,9.806051,2.498948
24369,1436609083747,1.4401124,9.794081,2.5115175
24370,1436609083764,1.4089876,9.822811,2.5181017
24371,1436609083785,1.3192052,9.90601,2.5115175
24372,1436609083806,1.1976994,9.928755,2.5288756
24373,1436609083828,1.1085154,9.913192,2.5761611
24374,1436609083849,1.1174936,9.88506,2.5785553
24375,1436609083869,1.0935516,9.815628,2.5659857
24376,1436609083887,1.1192893,9.799467,2.534861
24377,1436609083903,1.0845734,9.793482,2.480393
24378,1436609083926,1.050456,9.776723,2.4265234
24379,1436609083945,1.0235212,9.727043,2.4384944
24380,1436609083966,1.0187328,9.79827,2.475006
24381,1436609083984,0.96067345,9.824607,2.4851813
24382,1436609084047,0.89543146,9.802461,2.4929626
24383,1436609084048,0.90141696,9.81503,2.4301147
24384,1436609084051,0.9403227,9.861717,2.416348
24385,1436609084079,0.9756372,9.834782,2.4546554
24386,1436609084087,0.9840169,9.927557,2.4588451
24387,1436609084105,0.9540894,9.932944,2.4450784
24388,1436609084125,0.89603,9.992201,2.4259248
24389,1436609084144,0.82719666,9.986216,2.405574
24390,1436609084170,0.7882909,9.991602,2.3953989
24391,1436609084185,0.7194576,10.123283,2.349909
24392,1436609084205,0.6805518,10.035895,2.3870192
24393,1436609084225,0.6607997,10.009559,2.3828292
24394,1436609084245,0.6362591,10.03769,2.349909
24395,1436609084265,0.66139823,10.019734,2.3062148
24396,1436609084288,0.7613561,9.999383,2.307412
24397,1436609084307,0.80564886,9.950901,2.297835
24398,1436609084327,0.87687635,9.917382,2.2876596
24399,1436609084347,0.9672575,9.883863,2.2583308
24400,1436609084367,1.0145429,9.962274,2.2583308
24401,1436609084388,1.0414777,10.010158,2.2290018
24402,1436609084407,1.0702082,9.999982,2.2559366
24403,1436609084427,1.1246762,9.938332,2.2619221
24404,1436609084447,1.1498153,9.958083,2.27928
24405,1436609084466,1.1941081,9.954493,2.2691047
24406,1436609084488,1.2072762,9.924564,2.211644
24407,1436609084507,1.2072762,9.925761,2.184709
24408,1436609084526,1.1869255,9.947908,2.1440077
24409,1436609084544,1.1468226,9.952697,2.1637597
24410,1436609084568,1.0630256,9.954493,2.1978772
24411,1436609084589,0.9552865,10.026319,2.2176294
24412,1436609084607,0.88525605,10.072407,2.1823149
24413,1436609084628,0.8487445,10.117896,2.190096
24414,1436609084648,0.8110358,10.031107,2.2068555
24415,1436609084668,0.7715315,10.055647,2.2301989
24416,1436609084686,0.7332243,10.013748,2.195483
24417,1436609084707,0.6769605,10.00896,2.1404164
24418,1436609084725,0.6745663,9.956287,2.1158757
24419,1436609084800,0.74399817,9.911396,2.1254525
24420,1436609084801,0.80086046,9.920973,2.1625626
24421,1436609084802,0.878672,9.995792,2.1817162
24422,1436609084805,0.93373865,9.985617,2.183512
24423,1436609084825,0.99419224,10.013748,2.19249
24424,1436609084845,0.9768343,10.122087,2.1763294
24425,1436609084865,0.9103952,10.21965,2.12246
24426,1436609084889,0.82779527,10.164583,2.0901382
24427,1436609084907,0.80086046,10.056845,2.1021092
24428,1436609084926,0.85173726,9.87668,2.1260512
24429,1436609084945,0.86011696,9.835381,2.1296425
24430,1436609084965,0.919972,9.927557,2.1068976
24431,1436609084988,0.9600749,9.987412,2.112883
24432,1436609085008,0.9056068,10.047267,2.219425
24433,1436609085029,0.8810662,10.081984,2.2882583
24434,1436609085047,0.8834604,10.088568,2.3014264
24435,1436609085070,0.80564886,10.026319,2.3331497
24436,1436609085086,0.8110358,9.9550905,2.2529438
24437,1436609085107,0.82240826,9.940725,2.1709423
24438,1436609085128,0.8810662,9.894038,2.1763294
24439,1436609085148,0.9451111,9.82341,2.1775265
24440,1436609085168,1.0169371,9.772532,2.1709423
24441,1436609085188,1.0654198,9.818023,2.19668
24442,1436609085205,1.0953473,9.895236,2.1936872
24443,1436609085228,1.1486182,10.023924,2.2152352
24444,1436609085249,1.1719618,10.133459,2.2176294
24445,1436609085268,1.2144588,10.064027,2.2541409
24446,1436609085288,1.1803415,9.965864,2.244564
24447,1436609085308,1.1779473,9.8754835,2.2361844
24448,1436609085327,1.1210849,9.873089,2.191293
24449,1436609085348,1.0372878,9.773131,2.1679497
24450,1436609085368,0.94690675,9.755774,2.212841
24451,1436609085389,0.9056068,9.890448,2.235586
24452,1436609085410,0.8415619,9.955689,2.2391772
24453,1436609085430,0.8062474,10.105327,2.231396
24454,1436609085449,0.8870517,10.089765,2.2852654
24455,1436609085471,0.96067345,9.961675,2.3157916
24456,1436609085531,1.0444705,9.976639,2.2499511
24457,1436609085532,1.086369,9.949704,2.1859062
24458,1436609085533,1.1258733,9.859323,2.1416135
24459,1436609085555,1.1629834,9.868899,2.083554
24460,1436609085568,1.1869255,9.7719345,2.0901382
24461,1436609085588,1.2336124,9.7563715,2.2104468
24462,1436609085606,1.1563994,9.803059,2.3600843
24463,1436609085629,1.0241197,9.9233675,2.4390929
24464,1436609085657,0.82779527,10.078392,2.3840263
24465,1436609085666,0.6338649,10.119692,2.4073699
24466,1436609085693,0.46387658,10.199898,2.4223335
24467,1436609085706,0.3226187,10.160394,2.4372973
24468,1436609085729,0.28670564,10.02572,2.432509
24469,1436609085749,0.37948096,9.905411,2.344522
24470,1436609085769,0.57400984,9.817424,2.2212207
24471,1436609085789,0.74519527,9.85633,2.1643584
24472,1436609085809,0.8002619,9.902418,2.1254525
24473,1436609085829,0.8122329,9.910798,2.124854
24474,1436609085849,0.76315176,9.915586,2.1972785
24475,1436609085869,0.6386533,9.879075,2.224812
24476,1436609085889,0.51834464,9.952098,2.1775265
24477,1436609085909,0.47285482,9.999982,2.1990743
24478,1436609085927,0.5686229,10.05864,2.2840683
24479,1436609085949,0.62728083,10.129269,2.3247697
24480,1436609085969,0.62249243,10.172364,2.3403323
24481,1436609085989,0.5434838,10.125079,2.303222
24482,1436609086008,0.53211135,10.05445,2.2469583
24483,1436609086028,0.5662287,9.972448,2.2691047
24484,1436609086051,0.6853402,10.057443,2.248754
24485,1436609086077,0.74399817,10.059238,2.2062569
24486,1436609086089,0.8086416,10.008362,2.1894975
24487,1436609086108,0.8655039,9.997588,2.1960814
24488,1436609086128,0.8900445,10.02572,2.1613655
24489,1436609086148,0.86729956,10.032902,2.119467
24490,1436609086168,0.7715315,9.989208,2.0919337
24491,1436609086187,0.7356185,10.020931,2.1350293
24492,1436609086209,0.6745663,10.041881,2.1643584
24493,1436609086272,0.6302736,10.01315,2.1721394
24494,1436609086273,0.62608373,9.993997,2.2080526
24495,1436609086274,0.57999533,9.964069,2.1517887
24496,1436609086287,0.5943606,9.968259,2.1057005
24497,1436609086308,0.60453594,9.90601,2.119467
24498,1436609086329,0.6548142,9.9473095,2.111686
24499,1436609086347,0.7230489,9.965266,2.11827
24500,1436609086367,0.79726917,9.923966,2.1188686
24501,1436609086387,0.87448215,9.917382,2.142212
24502,1436609086406,0.95827925,9.959281,2.1894975
24503,1436609086441,0.99538934,9.940127,2.1721394
24504,1436609086448,1.0342951,9.953894,2.1745336
24505,1436609086468,1.086369,9.973646,2.1775265
24506,1436609086486,1.0779893,9.961675,2.1667526
24507,1436609086510,1.0414777,9.965266,2.1643584
24508,1436609086530,1.0031705,9.9951935,2.1410148
24509,1436609086554,0.9792285,9.991602,2.1146786
24510,1436609086571,0.95708215,10.006566,2.0949266
24511,1436609086590,0.93732995,10.027515,2.0871453
24512,1436609086610,0.9127894,10.03769,2.0829554
24513,1436609086630,0.8900445,10.041282,2.067393
24514,1436609086650,0.9223662,10.065823,2.055422
24515,1436609086670,0.95827925,10.044873,2.0602105
24516,1436609086690,0.9876082,9.983821,2.0775685
24517,1436609086708,1.0247183,9.960478,2.0961237
24518,1436609086730,1.0001777,9.980229,2.0883424
24519,1436609086750,0.98222125,9.9712515,2.058415
24520,1436609086770,1.003769,9.97604,2.086547
24521,1436609086790,1.0163386,9.978435,2.1410148
24522,1436609086810,1.0259154,9.977836,2.1511903
24523,1436609086831,1.0127473,9.96766,2.1308396
24524,1436609086850,1.0348936,10.008362,2.1152773
24525,1436609086870,1.0600328,9.999982,2.124854
24526,1436609086890,1.0570401,9.982624,2.144606
24527,1436609086927,1.0336965,9.977836,2.1290438
24528,1436609086928,1.021127,9.987412,2.095525
24529,1436609086947,1.049259,9.939528,2.0871453
24530,1436609086967,1.0839748,9.891046,2.1398177
24531,1436609087101,1.0839748,9.8994255,2.1230583
24532,1436609087102,1.103727,9.882666,2.1027076
24533,1436609087103,1.1450269,9.892242,2.0901382
24534,1436609087104,1.2066777,9.911995,2.124854
24535,1436609087105,1.234211,9.873089,2.1380222
24536,1436609087106,1.2354081,9.889849,2.1039047
24537,1436609087131,1.2360066,9.901819,2.0871453
24538,1436609087132,1.2312182,9.905411,2.1039047
24539,1436609087187,1.2467805,9.904214,2.119467
24540,1436609087188,1.2174516,9.959879,2.1170728
24541,1436609087189,1.1947067,9.974843,2.095525
24542,1436609087209,1.1701661,9.992201,2.0751743
24543,1436609087234,1.1725603,9.982624,2.1003134
24544,1436609087247,1.1563994,9.927557,2.1027076
24545,1436609087267,1.1558008,9.93893,2.0883424
24546,1436609087288,1.1695676,9.958682,2.0632033
24547,1436609087308,1.2204443,9.989806,2.088941
24548,1436609087333,1.2354081,9.999383,2.0937295
24549,1436609087348,1.2090719,9.996989,2.100912
24550,1436609087369,1.1821371,9.99639,2.0745757
24551,1436609087388,1.1611878,9.996989,2.0374656
24552,1436609087435,1.1234791,9.97604,2.0745757
24553,1436609087436,1.1049241,10.002377,2.0883424
24554,1436609087451,1.0923545,10.027515,2.083554
24555,1436609087471,1.0965444,10.0269165,2.0871453
24556,1436609087489,1.1180922,9.990405,2.094328
24557,1436609087508,1.1115081,9.981427,2.0709844
24558,1436609087527,1.0594343,9.972448,2.0398598
24559,1436609087547,1.0600328,9.903017,2.0320787
24560,1436609087568,1.0773908,9.920375,2.0416555
24561,1436609087589,1.0767922,9.929952,2.0847511
24562,1436609087609,1.0570401,9.97185,2.0883424
24563,1436609087628,1.079785,9.991004,2.0847511
24564,1436609087650,1.0779893,9.962872,2.154183
24565,1436609087669,1.0360907,9.970653,2.1829133
24566,1436609087690,0.9900024,9.981427,2.1667526
24567,1436609087710,0.9211691,9.97185,2.112883
24568,1436609087732,0.91099375,10.028712,2.0685902
24569,1436609087750,0.9115923,10.074203,2.0859482
24570,1436609087771,0.9103952,10.029311,2.107496
24571,1436609087789,0.9247604,10.001179,2.1086931
24572,1436609087809,0.91697925,9.999383,2.088941
24573,1436609087839,0.90500826,9.996989,2.0638018
24574,1436609087908,0.88765025,10.001778,2.0260932
24575,1436609087909,0.90979666,9.993997,2.0578163
24576,1436609087910,0.931943,9.989806,2.058415
24577,1436609087911,0.92895025,9.965864,2.083554
24578,1436609087929,0.97384155,9.931149,2.1086931
24579,1436609087949,0.99658644,9.956287,2.1158757
24580,1436609087968,1.0247183,9.928755,2.1499932
24581,1436609087988,1.079785,9.868899,2.1260512
24582,1436609088010,1.0247183,9.89344,2.1511903
24583,1436609088030,0.9792285,9.921572,2.1613655
24584,1436609088051,0.88944596,9.959879,2.179322
24585,1436609088074,0.7727286,10.092158,2.1206641
24586,1436609088090,0.66020113,10.1544075,2.0548236
24587,1436609088109,0.5907693,10.092757,2.0404584
24588,1436609088131,0.5919664,10.072407,2.030283
24589,1436609088151,0.6967127,9.986216,2.0290859
24590,1436609088171,0.7697359,9.956886,2.030283
24591,1436609088191,0.89064306,10.149619,1.9949685
24592,1436609088211,0.94690675,10.086772,2.0272903
24593,1436609088230,1.0217255,10.080787,2.042254
24594,1436609088250,1.0390835,10.120291,1.9985598
24595,1436609088271,1.073201,10.131663,1.9381063
24596,1436609088299,1.2012907,10.09994,1.9369092
24597,1436609088326,1.3263878,10.057443,1.9620483
24598,1436609088329,1.4143747,10.033501,2.0308816
24599,1436609088348,1.4502877,9.959281,2.0548236
24600,1436609088368,1.4688427,9.924564,2.0201077
24601,1436609088390,1.4389153,9.918579,2.0392613
24602,1436609088408,1.3988123,9.904214,2.0260932
24603,1436609088431,1.3760674,9.925761,2.042254
24604,1436609088451,1.3257892,9.925761,2.0626047
24605,1436609088471,1.2521675,9.898229,2.0721815
24606,1436609088491,1.2108675,9.895834,2.0919337
24607,1436609088512,1.2162545,9.911396,2.0667946
24608,1436609088531,1.2354081,9.935937,2.0655975
24609,1436609088551,1.2826935,9.913192,2.0841527
24610,1436609088641,1.316811,9.903017,2.1254525
24611,1436609088642,1.30484,9.900024,2.1440077
24612,1436609088643,1.2850877,9.910199,2.1188686
24613,1436609088644,1.2665327,9.909002,2.1242554
24614,1436609088655,1.2138603,9.883863,2.1547816
24615,1436609088671,1.1953052,9.924564,2.1529858
24616,1436609088689,1.1486182,9.892242,2.1583729
24617,1436609088708,1.110311,9.872491,2.1745336
24618,1436609088729,1.1043255,9.892242,2.1649568
24619,1436609088748,1.1115081,9.91439,2.1739352
24620,1436609088769,1.1073183,9.932345,2.1577742
24621,1436609088796,1.1109096,9.935937,2.172738
24622,1436609088810,1.0869676,9.951499,2.1733365
24623,1436609088831,1.055843,9.952697,2.1823149
24624,1436609088852,1.0342951,9.966463,2.179322
24625,1436609088872,1.033098,9.932345,2.1511903
24626,1436609088892,1.0115502,9.902418,2.2092497
24627,1436609088913,0.98222125,9.89763,2.1942859
24628,1436609088931,0.92057055,9.919178,2.1990743
24629,1436609088952,0.87567925,9.976639,2.1936872
24630,1436609088972,0.8122329,10.047866,2.1853075
24631,1436609088992,0.79846627,10.081984,2.156577
24632,1436609089012,0.8098387,10.067019,2.220622
24633,1436609089030,0.82899237,10.007165,2.232593
24634,1436609089051,0.7589619,9.985617,2.2056582
24635,1436609089070,0.7368156,10.000581,2.167351
24636,1436609089090,0.694917,9.991602,2.1894975
24637,1436609089109,0.7015011,9.989208,2.1589713
24638,1436609089130,0.7870938,10.01734,2.1679497
24639,1436609089152,0.8774749,9.996989,2.1667526
24640,1436609089172,0.9756372,9.99639,2.2122424
24641,1436609089192,0.9947908,10.00896,2.1960814
24642,1436609089212,0.985214,9.981427,2.1865046
24643,1436609089229,0.91937345,9.962872,2.1631613
24644,1436609089250,0.92895025,9.995792,2.160767
24645,1436609089269,0.92296475,9.94312,2.1757307
24646,1436609089290,0.90021986,9.942521,2.1817162
24647,1436609089356,0.84335756,9.964069,2.19668
24648,1436609089357,0.80804306,9.974244,2.1655555
24649,1436609089358,0.8295909,10.0029745,2.183512
24650,1436609089377,0.83018947,9.986814,2.202067
24651,1436609089389,0.83378077,9.962872,2.2056582
24652,1436609089409,0.8451532,9.956287,2.1984756
24653,1436609089429,0.8511387,9.921572,2.1817162
24654,1436609089449,0.86370826,9.932944,2.1745336
24655,1436609089470,0.86969376,9.940127,2.1517887
24656,1436609089492,0.89184016,9.944916,2.1733365
24657,1436609089511,0.9175778,9.953894,2.178125
24658,1436609089530,0.93373865,9.980229,2.2014685
24659,1436609089550,0.9475053,10.010158,2.1984756
24660,1436609089572,0.9259575,10.005369,2.1865046
24661,1436609089589,0.8726865,10.020931,2.1883004
24662,1436609089610,0.8439561,10.012551,2.1404164
24663,1436609089634,0.83378077,9.986814,2.124854
24664,1436609089650,0.8451532,9.967062,2.1398177
24665,1436609089672,0.8762778,9.999982,2.1350293
24666,1436609089693,0.89064306,10.014946,2.1218612
24667,1436609089713,0.93732995,9.998785,2.1398177
24668,1436609089730,0.9379285,10.015544,2.148796
24669,1436609089751,0.93613285,10.01315,2.124854
24670,1436609089771,0.9223662,10.010158,2.1308396
24671,1436609089793,0.9115923,9.981427,2.1547816
24672,1436609089810,0.95588505,9.981427,2.1691468
24673,1436609089831,0.9451111,9.944916,2.1733365
24674,1436609089850,0.93373865,9.948506,2.1601684
24675,1436609089873,0.89423436,9.982025,2.1589713
24676,1436609089890,0.8798691,9.991602,2.1649568
24677,1436609089913,0.84814596,9.9928,2.2080526
24678,1436609089930,0.79966336,9.968259,2.1918917
24679,1436609089950,0.7787141,9.970653,2.1481974
24680,1436609089971,0.7870938,9.946113,2.0967221
24681,1436609089991,0.8265981,9.947908,2.1015105
24682,1436609090011,0.8834604,9.950901,2.1027076
24683,1436609090119,0.9463082,9.936536,2.1350293
24684,1436609090120,1.0127473,9.952697,2.172738
24685,1436609090121,1.0265139,9.998186,2.1745336
24686,1436609090122,1.0486604,9.783307,2.2697031
24687,1436609090123,1.0594343,9.667188,2.3277626
24688,1436609090148,1.0217255,9.715671,2.2942438
24689,1436609090151,0.94690675,9.79827,2.27928
24690,1436609090170,0.84575176,9.961076,2.1517887
24691,1436609090190,0.724246,10.090961,2.1122844
24692,1436609090215,0.6799533,10.231621,2.0679917
24693,1436609090230,0.6805518,10.255563,2.0482395
24694,1436609090251,0.7368156,10.3692875,1.9859903
24695,1436609090271,0.7906851,10.353127,1.9674352
24696,1436609090290,0.86490536,10.301053,1.9488802
24697,1436609090312,0.9415198,10.236409,1.9428947
24698,1436609090331,0.97623575,10.21965,1.8938135
24699,1436609090353,0.98940384,10.263344,1.8974048
24700,1436609090373,0.99538934,10.263943,1.9381063
24701,1436609090391,1.0175357,10.259753,2.0147207
24702,1436609090419,1.0163386,10.204686,2.0871453
24703,1436609090431,1.0031705,10.151415,2.1098902
24704,1436609090451,0.9923966,10.117896,2.1218612
24705,1436609090473,0.98940384,10.08737,2.1823149
24706,1436609090491,0.96306765,9.9951935,2.2709002
24707,1436609090513,0.93613285,9.928156,2.291251
24708,1436609090536,0.8888474,9.8916445,2.308609
24709,1436609090551,0.9187749,9.870096,2.3331497
24710,1436609090573,0.96546185,9.849147,2.4157495
24711,1436609090593,0.98700964,9.870096,2.484583
24712,1436609090613,1.0199299,9.883863,2.5198972
24713,1436609090631,1.0301052,9.80665,2.5809495
24714,1436609090650,1.0259154,9.793482,2.5953147
24715,1436609090672,0.9487024,9.746197,2.6084828
24716,1436609090690,0.87448215,9.672575,2.5845408
24717,1436609090714,0.82121116,9.57561,2.5713725
24718,1436609090730,0.8242039,9.5253315,2.5611973
24719,1436609090753,0.8242039,9.510367,2.545635
24720,1436609090772,0.84575176,9.479841,2.541445
24721,1436609090799,0.92416185,9.482236,2.5605986
24722,1436609090861,1.0696096,9.60015,2.5941176
24723,1436609090862,1.1192893,9.660604,2.5851393
24724,1436609090863,1.1791444,9.789292,2.5438392
24725,1436609090870,1.1833342,9.882068,2.504335
24726,1436609090911,1.1785458,9.923966,2.496554
24727,1436609090912,1.1707647,9.929353,2.5330653
24728,1436609090931,1.0833763,9.848549,2.6162639
24729,1436609090958,0.86849666,9.8042555,2.5785553
24730,1436609090971,0.6218939,9.888652,2.5252843
24731,1436609090991,0.49200845,9.861717,2.4863784
24732,1436609091011,0.45968673,9.856929,2.461838
24733,1436609091031,0.5189432,9.871294,2.504335
24734,1436609091051,0.60333884,9.919776,2.5605986
24735,1436609091071,0.6859388,9.965864,2.528277
24736,1436609091091,0.7799112,9.955689,2.586935
24737,1436609091111,0.83617496,9.939528,2.5965118
24738,1436609091131,0.82779527,9.917382,2.5432408
24739,1436609091151,0.81043726,9.933543,2.4905684
24740,1436609091171,0.7918822,9.946113,2.4355016
24741,1436609091191,0.82779527,9.964069,2.4013844
24742,1436609091211,0.87208796,10.051457,2.4001873
24743,1436609091230,0.9451111,10.100538,2.3768437
24744,1436609091250,0.96665895,10.1861315,2.3798366
24745,1436609091275,0.97862995,10.251373,2.3511062
24746,1436609091293,0.9403227,10.183737,2.3594859
24747,1436609091314,0.91697925,10.0825815,2.3630772
24748,1436609091332,0.91697925,10.035296,2.3822308
24749,1436609091353,0.9540894,9.9550905,2.3546975
24750,1436609091375,0.99060094,9.910798,2.3822308
24751,1436609091393,1.0546459,9.894637,2.4528596
24752,1436609091411,1.1043255,9.932345,2.528277
24753,1436609091432,1.1659763,9.995792,2.5809495
24754,1436609091451,1.1677719,9.998186,2.6156654
24755,1436609091474,1.1563994,9.974244,2.621651
24756,1436609091490,1.13964,9.856929,2.5923219
24757,1436609091514,1.1402385,9.771336,2.558803
24758,1436609091530,1.1204864,9.7402115,2.5252843
24759,1436609091555,1.127669,9.733028,2.5067291
24760,1436609091574,1.1330559,9.670779,2.5258827
24761,1436609091592,1.1318588,9.629479,2.4995465
24762,1436609091613,1.1959038,9.654019,2.496554
24763,1436609091631,1.2395979,9.700109,2.4839842
24764,1436609091654,1.2755109,9.733627,2.4887726
24765,1436609091676,1.3126211,9.733028,2.5133133
24766,1436609091695,1.3509283,9.770139,2.533664
24767,1436609091717,1.3826514,9.74859,2.5887306
24768,1436609091731,1.3670892,9.792884,2.5629928
24769,1436609091754,1.3413515,9.812037,2.5133133
24770,1436609091775,1.3545196,9.797672,2.4624364
24771,1436609091795,1.401805,9.720459,2.4361002
24772,1436609091815,1.4089876,9.7641535,2.4474726
24773,1436609091834,1.3377602,9.750386,2.432509
24774,1436609091856,1.2940661,9.774328,2.4025815
24775,1436609091875,1.2904748,9.780912,2.3942018
24776,1436609091897,1.2791022,9.793482,2.4115596
24777,1436609091916,1.216853,9.783905,2.4349031
24778,1436609091931,1.122282,9.803059,2.3870192
24779,1436609091951,1.0606314,9.879075,2.3241713
24780,1436609091971,1.0576386,9.921572,2.297835
24781,1436609091991,1.0857705,9.924564,2.429516
24782,1436609092011,1.0594343,9.994595,2.5007436
24783,1436609092031,0.95947635,9.955689,2.4552538
24784,1436609092051,0.8367735,9.941324,2.3169887
24785,1436609092071,0.7697359,9.894637,2.2403743
24786,1436609092092,0.7733272,9.862315,2.184709
24787,1436609092111,0.8242039,9.911995,2.207454
24788,1436609092136,0.85772276,9.904214,2.2667105
24789,1436609092152,0.91578215,9.987412,2.2936451
24790,1436609092173,0.9487024,10.052654,2.3295584
24791,1436609092193,0.96067345,10.047866,2.3678656
24792,1436609092215,0.93254155,10.035895,2.4265234
24793,1436609092231,0.8463503,10.020332,2.397793
24794,1436609092254,0.75596917,9.999982,2.3636756
24795,1436609092272,0.7272388,9.962274,2.3427265
24796,1436609092291,0.6727707,9.953894,2.3187842
24797,1436609092316,0.66259533,9.942521,2.3002293
24798,1436609092334,0.66020113,9.96347,2.2703018
24799,1436609092352,0.705691,9.986814,2.2385786
24800,1436609092375,0.741604,10.005967,2.2296004
24801,1436609092395,0.80804306,10.012551,2.2948422
24802,1436609092415,0.80445176,10.110714,2.2786815
24803,1436609092436,0.75357497,10.077793,2.2679076
24804,1436609092456,0.7505822,10.005967,2.2870612
24805,1436609092476,0.7870938,9.880871,2.3319526
24806,1436609092496,0.87089086,9.895236,2.373851
24807,1436609092511,0.9271546,9.88506,2.3469162
24808,1436609092536,0.96426475,9.958682,2.327164
24809,1436609092556,0.96306765,10.016742,2.3295584
24810,1436609092575,0.92535895,10.09994,2.3062148
24811,1436609092595,0.908001,10.166379,2.3529017
24812,1436609092615,0.89543146,10.171766,2.4121583
24813,1436609092635,0.83497787,10.166978,2.4265234
24814,1436609092655,0.724246,10.139444,2.3678656
24815,1436609092674,0.56802434,10.085575,2.3187842
24816,1436609092696,0.47465047,10.042479,2.2936451
24817,1436609092717,0.38845924,9.97604,2.2499511
24818,1436609092736,0.350152,9.952098,2.2278047
24819,1436609092755,0.37110126,10.033501,2.244564
24820,1436609092776,0.4417302,10.073604,2.2786815
24821,1436609092841,0.5327099,10.049662,2.3708582
24822,1436609092842,0.6218939,10.041282,2.3948002
24823,1436609092843,0.6781576,10.017939,2.3624785
24824,1436609092852,0.7230489,9.982624,2.3517046
24825,1436609092877,0.7691373,10.023924,2.3810337
24826,1436609092895,0.7469909,10.000581,2.4319103
24827,1436609092917,0.74519527,9.972448,2.4420857
24828,1436609092934,0.7326257,9.959879,2.4420857
24829,1436609092953,0.7505822,9.941922,2.3636756
24830,1436609092976,0.7386112,9.911396,2.3475149
24831,1436609092993,0.770933,9.83957,2.3361423
24832,1436609093015,0.83737206,9.7479925,2.3660698
24833,1436609093035,0.9391256,9.735423,2.3714569
24834,1436609093055,0.9792285,9.755774,2.372654
24835,1436609093079,0.99179804,9.866506,2.343325
24836,1436609093095,1.0223241,9.949704,2.384625
24837,1436609093116,1.0271125,10.028712,2.397793
24838,1436609093136,0.99658644,9.9550905,2.4378958
24839,1436609093156,0.94810385,9.928156,2.4468741
24840,1436609093176,0.89603,9.874287,2.421735
24841,1436609093196,0.88166475,9.853337,2.3756466
24842,1436609093217,0.8690952,9.879075,2.368464
24843,1436609093235,0.88405895,9.855133,2.3714569
24844,1436609093256,0.9415198,9.878476,2.3540988
24845,1436609093276,0.98700964,9.8994255,2.3995886
24846,1436609093295,1.0097545,9.93893,2.40318
24847,1436609093316,1.0456676,9.928755,2.4247277
24848,1436609093336,1.0456676,9.955689,2.4199393
24849,1436609093356,1.0235212,9.920375,2.4546554
24850,1436609093376,0.9923966,9.908403,2.4127567
24851,1436609093396,0.9540894,9.882666,2.3959973
24852,1436609093415,0.91817635,9.856929,2.4199393
24853,1436609093437,0.8996213,9.858724,2.40318
24854,1436609093455,0.90261406,9.866506,2.4037786
24855,1436609093475,0.92775315,9.907207,2.396596
24856,1436609093493,0.9636662,9.923966,2.384625
24857,1436609093564,1.0259154,9.944317,2.4241292
24858,1436609093565,0.99658644,9.952098,2.4522612
24859,1436609093566,0.9498995,9.927557,2.4115596
24860,1436609093573,0.91817635,9.915586,2.3768437
24861,1436609093605,0.8948329,9.91439,2.3786395
24862,1436609093613,0.9008184,9.888652,2.4037786
24863,1436609093633,0.87807345,9.910199,2.4361002
24864,1436609093653,0.87687635,9.964069,2.405574
24865,1436609093684,0.8900445,9.9790325,2.392406
24866,1436609093703,0.92057055,9.962872,2.3624785
24867,1436609093713,0.9576807,9.946711,2.4229321
24868,1436609093734,0.97743285,9.964069,2.44448
24869,1436609093753,0.98820674,9.937733,2.408567
24870,1436609093773,0.9451111,9.922171,2.373851
24871,1436609093796,0.9600749,9.868899,2.4019828
24872,1436609093816,0.95827925,9.910199,2.3690627
24873,1436609093837,0.89782566,9.93893,2.3630772
24874,1436609093857,0.88765025,9.988609,2.3295584
24875,1436609093877,0.91099375,9.977237,2.345719
24876,1436609093897,0.97743285,10.042479,2.379238
24877,1436609093917,0.97743285,9.986216,2.4139538
24878,1436609093937,0.99778354,9.952098,2.4067712
24879,1436609093955,0.99179804,9.930551,2.4462755
24880,1436609093977,0.95468795,9.922171,2.4277205
24881,1436609093997,0.92296475,9.841965,2.396596
24882,1436609094014,0.89184016,9.879673,2.3708582
24883,1436609094035,0.8702923,9.878476,2.380435
24884,1436609094055,0.89902276,9.880871,2.4079683
24885,1436609094076,0.908001,9.918579,2.3906105
24886,1436609094095,0.9576807,9.978435,2.3852234
24887,1436609094116,1.033098,9.960478,2.4067712
24888,1436609094136,1.0749966,9.972448,2.408567
24889,1436609094154,1.0540473,9.99639,2.4229321
24890,1436609094175,1.0043676,9.994595,2.3840263
24891,1436609094193,0.99898064,9.947908,2.397793
24892,1436609094216,0.9876082,9.903615,2.4091654
24893,1436609094234,0.95827925,9.886856,2.409764
24894,1436609094307,0.9552865,9.887454,2.3989902
24895,1436609094308,0.9828198,9.886257,2.4343045
24896,1436609094309,1.0067618,9.962872,2.4714148
24897,1436609094317,1.0205284,10.050261,2.4624364
24898,1436609094336,1.0271125,10.143634,2.429516
24899,1436609094355,1.01574,10.195109,2.397793
24900,1436609094374,1.0187328,10.171766,2.4061728
24901,1436609094398,1.0390835,10.174759,2.4127567
24902,1436609094415,1.074398,10.088568,2.4187422
24903,1436609094435,1.1007342,10.008362,2.4019828
24904,1436609094455,1.1719618,9.835381,2.3756466
24905,1436609094476,1.2210429,9.624092,2.3714569
24906,1436609094499,1.2779051,9.427768,2.384625
24907,1436609094517,1.3892355,9.400234,2.3983915
24908,1436609094537,1.5023615,9.442133,2.4486697
24909,1436609094557,1.5035586,9.727641,2.4145525
24910,1436609094577,1.340753,10.024523,2.4349031
24911,1436609094599,1.1318588,10.048465,2.516306
24912,1436609094617,1.0007763,10.0508585,2.4708161
24913,1436609094637,0.93254155,10.022128,2.484583
24914,1436609094657,0.98102415,9.873089,2.4492683
24915,1436609094677,1.1025299,9.727043,2.4241292
24916,1436609094695,1.1324574,9.6049385,2.4624364
24917,1436609094717,1.1414356,9.522339,2.4875755
24918,1436609094737,1.1839328,9.566033,2.4133554
24919,1436609094758,1.1917139,9.63726,2.4331074
24920,1436609094778,1.1420342,9.777321,2.4588451
24921,1436609094797,1.1258733,9.85214,2.5145104
24922,1436609094816,1.1168951,9.958682,2.542642
24923,1436609094836,1.1324574,9.968858,2.5899277
24924,1436609094856,1.1216835,9.917382,2.5701754
24925,1436609094878,1.0869676,9.864111,2.5270798
24926,1436609094898,1.021127,9.827001,2.4600422
24927,1436609094925,0.97862995,9.76954,2.4157495
24928,1436609094936,0.9211691,9.745598,2.4037786
24929,1436609094963,0.8690952,9.735423,2.3403323
24930,1436609095019,0.86251116,9.7863,2.3768437
24931,1436609095020,0.8002619,9.845556,2.4516625
24932,1436609095021,0.7212533,9.973047,2.4791958
24933,1436609095048,0.7380127,10.038888,2.4223335
24934,1436609095059,0.7356185,9.94312,2.509722
24935,1436609095077,0.6440403,10.061034,2.570774
24936,1436609095095,0.62009823,10.113108,2.456451
24937,1436609095117,0.60214174,10.0825815,2.420538
24938,1436609095135,0.56203884,10.009559,2.4504654
24939,1436609095159,0.6135142,10.043676,2.4851813
24940,1436609095176,0.76434886,9.954493,2.4672248
24941,1436609095195,0.88645315,9.743204,2.4121583
24942,1436609095216,0.9307459,9.7324295,2.3750482
24943,1436609095235,0.8936358,9.923966,2.3068132
24944,1436609095258,0.8158242,10.084377,2.3038206
24945,1436609095278,0.7326257,10.167576,2.4241292
24946,1436609095298,0.6194997,10.152613,2.492364
24947,1436609095318,0.439336,10.087969,2.5510218
24948,1436609095338,0.29747957,10.03769,2.469619
24949,1436609095358,0.21308395,10.056845,2.3834279
24950,1436609095378,0.21667525,10.047866,2.344522
24951,1436609095398,0.30765492,9.939528,2.3481133
24952,1436609095418,0.32920274,9.782708,2.44029
24953,1436609095438,0.2657564,9.719262,2.3451207
24954,1436609095456,0.2172738,9.753978,2.2170308
24955,1436609095478,0.23942018,9.82341,2.3199813
24956,1436609095498,0.17597382,10.068216,2.428319
24957,1436609095518,0.093972415,10.269928,2.472612
24958,1436609095537,0.047285482,10.357317,2.5318682
24959,1436609095558,0.13706805,10.410587,2.5378537
24960,1436609095578,0.26515785,10.353725,2.5037365
24961,1436609095598,0.37708676,10.2406,2.4061728
24962,1436609095619,0.44831428,10.059238,2.3319526
24963,1436609095638,0.47465047,9.940127,2.2774844
24964,1436609095658,0.47884035,9.892242,2.271499
24965,1436609095677,0.4141969,9.847352,2.3104045
24966,1436609095800,0.33758244,9.822811,2.4067712
24967,1436609095801,0.32022446,9.8042555,2.4133554
24968,1436609095802,0.3309984,9.801263,2.4779987
24969,1436609095803,0.4429273,9.85214,2.5187001
24970,1436609095804,0.5554548,9.92636,2.4851813
24971,1436609095805,0.64583594,9.938332,2.4504654
24972,1436609095840,0.705691,9.939528,2.4510639
24973,1436609095841,0.7116765,9.919776,2.492364
24974,1436609095867,0.7266402,9.878476,2.4821887
24975,1436609095906,0.7062895,9.848549,2.4271219
24976,1436609095907,0.6374562,9.815628,2.4540567
24977,1436609095930,0.5907693,9.854534,2.4187422
24978,1436609095936,0.5674258,9.959281,2.3834279
24979,1436609095961,0.55964464,10.044873,2.4091654
24980,1436609095979,0.5626374,10.089166,2.4223335
24981,1436609096000,0.5835867,9.998186,2.5121162
24982,1436609096019,0.6314707,9.90601,2.5342624
24983,1436609096039,0.6596026,9.832987,2.4528596
24984,1436609096059,0.66738373,9.774328,2.396596
24985,1436609096078,0.6901286,9.744401,2.3582888
24986,1436609096099,0.7529764,9.788095,2.3702598
24987,1436609096117,0.8367735,9.825804,2.3995886
24988,1436609096136,0.9271546,9.932345,2.4331074
24989,1436609096155,0.98102415,9.97185,2.4827871
24990,1436609096178,0.96905315,10.002377,2.5354595
24991,1436609096197,0.93732995,9.977836,2.528277
24992,1436609096218,0.8900445,9.973047,2.4522612
24993,1436609096238,0.86969376,9.968259,2.3918076
24994,1436609096256,0.8463503,9.881469,2.4366987
24995,1436609096293,0.81881696,9.846753,2.4438813
24996,1436609096296,0.7457938,9.865308,2.4229321
24997,1436609096526,0.7254431,9.8754835,2.3600843
24998,1436609096527,0.7314286,9.912594,2.3660698
24999,1436609096528,0.76075757,9.975441,2.4061728
25000,1436609096529,0.7691373,9.998186,2.396596
25001,1436609096530,0.8265981,9.97185,2.4109612
25002,1436609096531,0.90859956,9.915586,2.4079683
25003,1436609096532,0.9876082,9.931149,2.4528596
25004,1436609096533,0.9911995,9.983821,2.460641
25005,1436609096534,1.01574,9.979631,2.4349031
25006,1436609096558,1.021127,9.997588,2.3786395
25007,1436609096559,1.0648212,9.978435,2.4073699
25008,1436609096560,1.0737995,9.941922,2.4223335
25009,1436609096561,1.0181342,9.924564,2.4654293
25010,1436609096584,0.8822633,9.975441,2.4971523
25011,1436609096600,0.78170687,9.990405,2.4642322
25012,1436609096618,0.7200562,10.016742,2.429516
25013,1436609096636,0.7188591,9.977836,2.4462755
25014,1436609096656,0.7799112,9.979631,2.429516
25015,1436609096684,0.90021986,9.995792,2.360683
25016,1436609096706,1.0199299,10.070611,2.32058
25017,1436609096716,1.0791864,10.160394,2.3732524
25018,1436609096735,1.0151415,10.257359,2.5025394
25019,1436609096755,0.9600749,10.28549,2.6623523
25020,1436609096775,0.88944596,10.2657385,2.7473464
25021,1436609096796,0.79248077,10.168175,2.801216
25022,1436609096816,0.7278373,10.149021,2.8341362
25023,1436609096839,0.6847417,10.087969,2.8688521
25024,1436609096859,0.6607997,9.993997,2.8987796
25025,1436609096877,0.6757634,9.889849,2.903568
25026,1436609096895,0.7020996,9.740809,2.9430726
25027,1436609096917,0.75237787,9.60015,2.9203274
25028,1436609096937,0.82001406,9.475652,2.919729
25029,1436609096957,0.89662856,9.431359,2.8736405
25030,1436609096979,0.95349085,9.428367,2.9149406
25031,1436609097021,0.9498995,9.474455,2.9616275
25032,1436609097022,0.93014735,9.479841,2.9909565
25033,1436609097036,0.9768343,9.463082,3.0095115
25034,1436609097057,1.174356,9.473856,3.0442274
25035,1436609097077,1.3634979,9.515156,3.1094694
25036,1436609097095,1.4664485,9.510367,3.115455
25037,1436609097115,1.4269443,9.624691,3.1501708
25038,1436609097139,1.2270284,9.61691,3.132813
25039,1436609097157,0.95947635,9.552865,3.0801406
25040,1436609097176,0.7870938,9.660604,3.0011318
25041,1436609097197,0.7200562,9.492412,3.032855
25042,1436609097217,0.6937199,9.427768,3.064578
25043,1436609097266,0.61112,9.518747,3.0520086
25044,1436609097267,0.58298814,9.564238,3.0178912
25045,1436609097278,0.5746084,9.576807,3.0250738
25046,1436609097297,0.55844754,9.648633,3.0376434
25047,1436609097317,0.6194997,9.640852,3.0113072
25048,1436609097339,0.7613561,9.63726,3.0268695
25049,1436609097357,0.8343793,9.766547,3.0490158
25050,1436609097379,0.86370826,9.774328,2.9843724
25051,1436609097397,0.8924387,9.639056,2.9454668
25052,1436609097426,1.0235212,9.3343935,3.0142999
25053,1436609097440,1.1390414,9.48463,3.0071173
25054,1436609097458,1.0169371,9.722853,2.9406781
25055,1436609097479,0.7613561,9.955689,2.823961
25056,1436609097499,0.48602295,10.131064,2.8048072
25057,1436609097520,0.31483752,10.105327,2.8670566
25058,1436609097540,0.35793316,10.042479,2.8712463
25059,1436609097560,0.4878186,9.948506,2.818574
25060,1436609097580,0.51116204,9.928755,2.7790697
25061,1436609097600,0.5674258,9.8515415,2.7964275
25062,1436609097626,0.6967127,9.818023,2.742558
25063,1436609097637,0.80684596,9.85214,2.7407625
25064,1436609097675,0.85293436,9.859323,2.6641479
25065,1436609097677,0.8595184,9.85214,2.6180596
25066,1436609097698,0.8403648,9.853935,2.60968
25067,1436609097717,0.7661445,9.820416,2.6072857
25068,1436609097737,0.729633,9.7719345,2.5647886
25069,1436609097759,0.7739257,9.750386,2.5342624
25070,1436609097780,0.842759,9.833585,2.582745
25071,1436609097797,0.84455466,9.959879,2.5809495
25072,1436609097817,0.89064306,9.994595,2.6312277
25073,1436609097840,0.9564836,10.04607,2.6928782
25074,1436609097860,0.9756372,10.065823,2.7210102
25075,1436609097880,0.9271546,10.043676,2.6126726
25076,1436609097899,0.8655039,10.007165,2.5330653
25077,1436609097919,0.7553706,9.949105,2.4540567
25078,1436609097938,0.66858083,9.904214,2.3600843
25079,1436609097958,0.7038953,9.838373,2.3014264
25080,1436609098009,0.8122329,9.821015,2.256535
25081,1436609098022,0.86729956,9.816826,2.2349873
25082,1436609098023,0.9923966,9.869498,2.2798786
25083,1436609098038,1.049259,9.954493,2.2948422
25084,1436609098059,1.09834,9.962872,2.2900538
25085,1436609098091,1.1258733,10.020332,2.2631192
25086,1436609098123,1.1444284,10.052654,2.2188265
25087,1436609098124,1.1881226,10.052654,2.178125
25088,1436609098158,1.174356,10.022128,2.202067
25089,1436609098159,1.1186907,9.98442,2.1739352
25090,1436609098178,1.134253,9.961076,2.1709423
25091,1436609098198,1.1312603,10.0269165,2.1308396
25092,1436609098219,1.1019313,10.13286,2.107496
25093,1436609098241,1.0133458,10.210073,2.095525
25094,1436609098260,0.89423436,10.247183,2.087744
25095,1436609098280,0.8535329,10.238804,2.047641
25096,1436609098299,0.9187749,10.095152,2.018312
25097,1436609098320,1.0528502,10.023924,2.046444
25098,1436609098341,1.2204443,10.055049,2.0362685
25099,1436609098359,1.3826514,9.977836,2.018312
25100,1436609098381,1.4939818,9.879673,2.0213048
25101,1436609098400,1.5526398,9.778519,2.0332758
25102,1436609098421,1.5035586,9.83957,1.9602526
25103,1436609098441,1.4377182,9.9712515,1.8632874
25104,1436609098459,1.3204023,10.078392,1.7998412
25105,1436609098480,1.2132617,10.09575,1.9177556
25106,1436609098499,1.1031284,10.17835,2.006341
25107,1436609098520,0.92057055,10.129269,2.0895395
25108,1436609098540,0.825401,10.068216,2.042254
25109,1436609098561,0.7577648,9.952098,1.9572599
25110,1436609098580,0.8230068,9.948506,1.8351556
25111,1436609098601,0.97025025,9.853337,1.8555063
25112,1436609098618,1.146224,9.811439,2.010531
25113,1436609098640,1.3323733,9.913192,2.1098902
25114,1436609098659,1.3299791,10.01734,2.1392193
25115,1436609098686,1.1941081,10.14124,2.1392193
25116,1436609098758,1.0839748,10.199898,2.2421699
25117,1436609098759,0.8146271,10.286688,2.2768857
25118,1436609098760,0.53809685,10.21965,2.333748
25119,1436609098761,0.38067806,10.137649,2.3361423
25120,1436609098782,0.3357868,10.060435,2.2996306
25121,1436609098799,0.36511576,9.988609,2.231396
25122,1436609098818,0.43394905,9.976639,2.168548
25123,1436609098839,0.5267244,9.945514,2.1745336
25124,1436609098858,0.62249243,9.949105,2.1948843
25125,1436609098882,0.6835446,9.916184,2.2164323
25126,1436609098899,0.7206547,9.871294,2.224812
25127,1436609098922,0.75956047,9.841965,2.1906946
25128,1436609098940,0.8110358,9.764751,2.2212207
25129,1436609098960,0.84814596,9.759365,2.2768857
25130,1436609098981,0.89782566,9.867104,2.333748
25131,1436609099000,0.9091981,9.910199,2.3654714
25132,1436609099021,0.86131406,9.955689,2.3953989
25133,1436609099038,0.88286185,9.97604,2.4127567
25134,1436609099059,0.91338795,9.965864,2.3852234
25135,1436609099082,0.9935937,9.973646,2.4061728
25136,1436609099099,1.103727,10.024523,2.3636756
25137,1436609099119,1.1330559,9.99639,2.3690627
25138,1436609099140,1.1390414,9.979631,2.385822
25139,1436609099160,1.0468647,10.028712,2.3421278
25140,1436609099181,0.89902276,9.965864,2.3241713
25141,1436609099201,0.7170634,9.881469,2.3014264
25142,1436609099220,0.66738373,9.813234,2.2744915
25143,1436609099240,0.75357497,9.746197,2.2517467
25144,1436609099260,0.86969376,9.775525,2.27928
25145,1436609099280,1.0007763,9.874885,2.2984335
25146,1436609099299,1.067814,9.946711,2.3181858
25147,1436609099319,1.0582372,9.992201,2.3594859
25148,1436609099339,1.0085574,10.00896,2.3397336
25149,1436609099359,0.9175778,9.979631,2.2577322
25150,1436609099379,0.85772276,9.941324,2.2104468
25151,1436609099399,0.8331822,9.87668,2.2062569
25152,1436609099427,0.81761986,9.825205,2.2092497
25153,1436609099441,0.8415619,9.802461,2.2667105
25154,1436609099459,0.8900445,9.816227,2.292448
25155,1436609099480,0.95109665,9.8515415,2.3385365
25156,1436609099499,0.9552865,9.956886,2.392406
25157,1436609099519,0.90141696,10.058042,2.463035
25158,1436609099539,0.8523358,10.125677,2.4720132
25159,1436609099560,0.8158242,10.072407,2.4504654
25160,1436609099580,0.777517,10.044274,2.3930047
25161,1436609099600,0.7086837,9.937733,2.3678656
25162,1436609099623,0.6314707,9.79827,2.2798786
25163,1436609099640,0.60453594,9.81922,2.2278047
25164,1436609099662,0.6817489,9.822212,2.3122003
25165,1436609099680,0.7026982,9.868899,2.3756466
25166,1436609099700,0.76554596,9.925163,2.3708582
25167,1436609099720,0.777517,9.990405,2.4091654
25168,1436609099740,0.7811083,10.039486,2.4019828
25169,1436609099760,0.8218097,10.041282,2.420538
25170,1436609099780,0.80804306,9.9712515,2.432509
25171,1436609099800,0.76075757,9.959281,2.3840263
25172,1436609099822,0.7098808,9.940127,2.3247697
25173,1436609099842,0.700304,9.950302,2.28347
25174,1436609099865,0.682946,10.026319,2.2918496
25175,1436609099882,0.6913257,10.04607,2.2870612
25176,1436609099902,0.75237787,9.991602,2.3139958
25177,1436609099922,0.8206126,9.930551,2.3385365
25178,1436609099943,0.8643068,9.954493,2.2888567
25179,1436609099960,0.91817635,9.928156,2.247557
25180,1436609099980,0.9355343,9.949105,2.315193
25181,1436609100002,0.91099375,9.959879,2.405574
25182,1436609100021,0.8948329,10.003573,2.4779987
25183,1436609100043,0.8511387,10.042479,2.4426842
25184,1436609100062,0.80086046,10.0987425,2.396596
25185,1436609100082,0.7248446,10.028113,2.36188
25186,1436609100101,0.6955156,9.959879,2.3403323
25187,1436609100119,0.6943185,9.932944,2.3540988
25188,1436609100173,0.6925228,9.874885,2.327164
25189,1436609100182,0.76315176,9.849746,2.2972364
25190,1436609100183,0.7721301,9.895834,2.3511062
25191,1436609100200,0.7110779,9.8994255,2.397793
25192,1436609100220,0.6440403,9.916184,2.4211364
25193,1436609100240,0.60094464,9.910199,2.4265234
25194,1436609100260,0.62249243,9.917382,2.417545
25195,1436609100280,0.7068881,9.901819,2.433706
25196,1436609100300,0.8265981,9.885659,2.4271219
25197,1436609100320,0.92416185,9.868899,2.4450784
25198,1436609100341,0.9516952,9.870096,2.457648
25199,1436609100360,0.9271546,9.89344,2.4307132
25200,1436609100379,0.8535329,9.930551,2.3995886
25201,1436609100401,0.7637503,9.922769,2.3505075
25202,1436609100420,0.7200562,9.91439,2.3750482
25203,1436609100441,0.7380127,9.876082,2.4067712
25204,1436609100463,0.7990648,9.874287,2.397793
25205,1436609100483,0.80804306,9.935339,2.393603
25206,1436609100503,0.8110358,9.94312,2.4193408
25207,1436609100523,0.8487445,9.911396,2.445677
25208,1436609100540,0.8595184,9.896433,2.4504654
25209,1436609100561,0.8822633,9.958682,2.4486697
25210,1436609100582,0.82899237,9.96347,2.3834279
25211,1436609100600,0.825401,9.978435,2.373851
25212,1436609100624,0.8343793,9.942521,2.3840263
25213,1436609100641,0.83976626,9.935937,2.3930047
25214,1436609100661,0.8463503,9.898229,2.4049757
25215,1436609100680,0.84216046,9.949704,2.3888147
25216,1436609100701,0.8523358,9.94312,2.4139538
25217,1436609100724,0.82779527,9.907207,2.4492683
25218,1436609100741,0.78170687,9.927557,2.4744074
25219,1436609100763,0.7966706,9.943718,2.4516625
25220,1436609100781,0.8074445,9.954493,2.4211364
25221,1436609100801,0.86251116,9.948506,2.4271219
25222,1436609100821,0.8900445,9.953295,2.4211364
25223,1436609100841,0.9223662,9.9233675,2.4133554
25224,1436609100865,0.9307459,9.934141,2.3540988
25225,1436609100933,0.9283517,9.956287,2.337938
25226,1436609100934,0.9403227,9.9473095,2.3355439
25227,1436609100935,0.93134445,9.883265,2.3475149
25228,1436609100943,0.90620536,9.911995,2.369661
25229,1436609100962,0.8936358,9.931747,2.3529017
25230,1436609100981,0.86849666,9.950302,2.3654714
25231,1436609101000,0.8798691,9.962872,2.4349031
25232,1436609101027,0.80445176,9.961675,2.484583
25233,1436609101043,0.724246,9.956886,2.4797945
25234,1436609101067,0.6931214,9.9233675,2.480393
25235,1436609101083,0.7260417,9.957485,2.469619
25236,1436609101100,0.7751228,9.953894,2.4756045
25237,1436609101122,0.84096336,9.858126,2.5486276
25238,1436609101141,0.84216046,9.954493,2.5839422
25239,1436609101163,0.8535329,10.02153,2.5474305
25240,1436609101184,0.9624691,9.982025,2.556409
25241,1436609101204,0.9888053,10.001778,2.5683799
25242,1436609101223,0.86131406,10.056246,2.5258827
25243,1436609101242,0.66379243,10.02153,2.416348
25244,1436609101264,0.50876784,9.912594,2.3020248
25245,1436609101283,0.46267948,9.834782,2.2002714
25246,1436609101304,0.5494693,9.812037,2.1158757
25247,1436609101323,0.7128736,9.685743,2.1039047
25248,1436609101384,0.87208796,9.719262,2.1350293
25249,1436609101385,0.97264445,9.78989,2.1984756
25250,1436609101386,1.0007763,9.895236,2.280477
25251,1436609101403,0.89662856,9.944317,2.3768437
25252,1436609101423,0.7763199,10.044274,2.4319103
25253,1436609101443,0.6727707,10.184934,2.4037786
25254,1436609101463,0.6476316,10.243592,2.4474726
25255,1436609101483,0.7020996,10.150817,2.5121162
25256,1436609101503,0.8655039,10.004171,2.516306
25257,1436609101523,0.9947908,9.774927,2.4654293
25258,1436609101543,1.0684125,9.658808,2.3888147
25259,1436609101578,1.1947067,9.5732155,2.2451627
25260,1436609101581,1.2731167,9.584588,2.1380222
25261,1436609101609,1.3263878,9.718064,2.143409
25262,1436609101648,1.2629414,9.887454,2.1769278
25263,1436609101649,1.0989386,9.97604,2.2942438
25264,1436609101706,0.9175778,10.061034,2.3594859
25265,1436609101707,0.74399817,10.142437,2.3612814
25266,1436609101708,0.6919243,10.064027,2.380435
25267,1436609101723,0.7469909,9.969456,2.345719
25268,1436609101741,0.8439561,9.844358,2.2822728
25269,1436609101761,0.9696517,9.831789,2.2511482
25270,1436609101781,1.0737995,9.865308,2.2260091
25271,1436609101805,1.0223241,10.000581,2.2062569
25272,1436609101821,0.7942764,10.098145,2.1709423
25273,1436609101842,0.52971715,10.111312,2.1410148
25274,1436609101861,0.35913026,10.078392,2.1613655
25275,1436609101881,0.3405752,10.057443,2.2421699
25276,1436609101902,0.4758476,10.028712,2.3259668
25277,1436609101921,0.62967503,10.102933,2.3475149
25278,1436609101941,0.7577648,10.1304655,2.3511062
25279,1436609101978,0.7990648,10.028113,2.3008277
25280,1436609101982,0.82480246,10.002377,2.231396
25281,1436609102001,0.8367735,9.919178,2.220622
25282,1436609102022,0.81343,9.888053,2.1380222
25283,1436609102046,0.8038532,9.859323,2.1601684
25284,1436609102061,0.7793127,9.978435,2.1589713
25285,1436609102085,0.83976626,9.931149,2.220622
25286,1436609102102,0.9343372,9.9233675,2.2457612
25287,1436609102126,1.0175357,10.011953,2.2535424
25288,1436609102146,1.0935516,10.062231,2.2134395
25289,1436609102166,1.115698,10.088568,2.2158337
25290,1436609102186,1.0761937,10.111312,2.2134395
25291,1436609102202,0.9355343,10.128671,2.2092497
25292,1436609102224,0.8122329,10.0508585,2.1751323
25293,1436609102245,0.724246,10.001778,2.1643584
25294,1436609102265,0.7260417,9.997588,2.1667526
25295,1436609102285,0.7661445,9.948506,2.2212207
25296,1436609102304,0.8343793,9.968858,2.2218192
25297,1436609102325,0.90021986,9.932944,2.2427685
25298,1436609102342,0.9516952,9.953894,2.2415714
25299,1436609102374,0.90261406,9.98442,2.271499
25300,1436609102382,0.8702923,9.999383,2.3050177
25301,1436609102407,0.79966336,9.939528,2.2655134
25302,1436609102424,0.78649527,9.944916,2.267309
25303,1436609102442,0.83617496,9.978435,2.295441
25304,1436609102461,0.8984242,9.905411,2.2894554
25305,1436609102483,0.9768343,9.913192,2.243367
25306,1436609102504,1.0570401,9.836577,2.2307975
25307,1436609102522,1.1641805,9.809643,2.2164323
25308,1436609102546,1.2366052,9.776124,2.2230163
25309,1436609102565,1.2850877,9.755774,2.2182279
25310,1436609102587,1.3096284,9.803059,2.202067
25311,1436609102605,1.3748703,9.801862,2.2307975
25312,1436609102625,1.3760674,9.843162,2.2667105
25313,1436609102645,1.34195,9.88506,2.291251
25314,1436609102665,1.299453,9.910199,2.2649148
25315,1436609102685,1.2557588,9.909601,2.2385786
25316,1436609102705,1.1851299,9.918579,2.2266076
25317,1436609102726,1.1061212,9.895236,2.243367
25318,1436609102743,1.0205284,9.901819,2.2242134
25319,1436609102765,0.92775315,9.896433,2.2140381
25320,1436609102786,0.8774749,9.953894,2.1625626
25321,1436609102805,0.8714894,9.953295,2.147599
25322,1436609102825,0.88405895,9.96766,2.1362264
25323,1436609102845,0.919972,10.005967,2.1625626
25324,1436609102863,0.943914,10.039486,2.1709423
25325,1436609102884,0.98222125,10.096947,2.1703439
25326,1436609102903,1.0307038,10.059238,2.160767
25327,1436609102926,1.0761937,10.019734,2.143409
25328,1436609102945,1.0779893,10.018537,2.1164744
25329,1436609102965,1.103727,9.970653,2.1122844
25330,1436609102984,1.0941502,9.966463,2.111686
25331,1436609103012,1.0929531,9.988011,2.1033063
25332,1436609103023,1.0899603,9.982624,2.11827
25333,1436609103103,1.067814,9.996989,2.083554
25334,1436609103104,1.0576386,10.056845,2.0931308
25335,1436609103118,1.0307038,10.0903635,2.0626047
25336,1436609103124,1.0588357,10.070611,2.0883424
25337,1436609103125,1.0803835,10.039486,2.0973208
25338,1436609103143,1.0313023,10.033501,2.1134815
25339,1436609103163,1.0055647,9.991004,2.1164744
25340,1436609103182,1.0019734,9.928156,2.1200657
25341,1436609103207,0.99778354,9.922171,2.1098902
25342,1436609103222,1.0540473,9.914988,2.1140802
25343,1436609103245,1.0893618,9.92636,2.088941
25344,1436609103264,1.1258733,9.993997,2.098518
25345,1436609103284,1.1306617,10.019135,2.1308396
25346,1436609103303,1.1049241,10.030508,2.1380222
25347,1436609103326,1.1121067,10.00896,2.142212
25348,1436609103346,1.1204864,10.011354,2.1003134
25349,1436609103366,1.1073183,9.961076,2.0979192
25350,1436609103386,1.103727,9.900024,2.0883424
25351,1436609103406,1.1007342,9.962274,2.0775685
25352,1436609103426,1.0941502,9.931149,2.1320367
25353,1436609103446,1.0648212,9.981427,2.098518
25354,1436609103466,1.033098,9.989806,2.0931308
25355,1436609103487,1.0378864,10.016742,2.0805612
25356,1436609103505,1.0755951,10.044873,2.086547
25357,1436609103526,1.1246762,9.999383,2.1374235
25358,1436609103543,1.1133038,9.964667,2.1517887
25359,1436609103563,1.0899603,9.926959,2.1278467
25360,1436609103583,1.0402806,9.93474,2.087744
25361,1436609103606,1.062427,9.962274,2.0841527
25362,1436609103626,1.0809821,10.00477,2.1170728
25363,1436609103643,1.0803835,10.025121,2.1440077
25364,1436609103666,1.0546459,10.027515,2.183512
25365,1436609103685,0.99898064,10.016143,2.2002714
25366,1436609103704,0.97623575,10.005369,2.184709
25367,1436609103723,0.96546185,9.964667,2.1188686
25368,1436609103745,1.0271125,10.001778,2.1200657
25369,1436609103763,1.0971429,10.014946,2.1362264
25370,1436609103820,1.1258733,9.980229,2.1906946
25371,1436609103821,1.1402385,9.949704,2.2098482
25372,1436609103834,1.0726024,9.940127,2.1960814
25373,1436609103843,1.0193313,9.946711,2.1529858
25374,1436609103865,0.99419224,9.917382,2.146402
25375,1436609103886,1.0097545,9.922769,2.1547816
25376,1436609103903,1.0516531,9.914988,2.1535845
25377,1436609103928,1.1133038,9.903615,2.1266496
25378,1436609103944,1.1701661,9.927557,2.134431
25379,1436609103963,1.18094,9.940127,2.1619642
25380,1436609103984,1.1731589,9.96766,2.231396
25381,1436609104004,1.1115081,9.915586,2.244564
25382,1436609104026,1.0480618,9.941922,2.160767
25383,1436609104046,0.99538934,9.922171,2.0757728
25384,1436609104066,0.9259575,9.870695,2.0284874
25385,1436609104092,0.91458505,9.879673,1.9746178
25386,1436609104103,0.95827925,9.885659,2.0362685
25387,1436609104126,1.0169371,9.941324,2.0739772
25388,1436609104146,1.0702082,9.9790325,2.1122844
25389,1436609104167,1.0696096,9.996989,2.12246
25390,1436609104187,1.0773908,10.047267,2.1452048
25391,1436609104207,1.09834,9.970653,2.1511903
25392,1436609104225,1.1007342,9.988609,2.1284454
25393,1436609104247,1.1001357,9.969456,2.107496
25394,1436609104267,1.0947487,9.937134,2.0620062
25395,1436609104287,1.0953473,9.950901,2.0350714
25396,1436609104307,1.0857705,10.019734,2.070386
25397,1436609104327,1.146224,9.991004,2.0829554
25398,1436609104346,1.1965023,10.028113,2.043451
25399,1436609104367,1.2509704,10.016143,2.0518308
25400,1436609104387,1.2467805,10.00477,2.0410569
25401,1436609104407,1.2419921,10.017939,2.0482395
25402,1436609104427,1.2072762,9.952098,2.079364
25403,1436609104446,1.1522095,9.917382,2.0691888
25404,1436609104467,1.1653777,9.956886,2.0410569
25405,1436609104486,1.1701661,9.958083,2.034473
25406,1436609104505,1.1575965,10.016742,2.0518308
25407,1436609104588,1.1575965,10.068216,2.0667946
25408,1436609104589,1.1755531,10.096349,2.0141222
25409,1436609104590,1.163582,10.067618,2.018312
25410,1436609104591,1.1671734,10.040085,2.0691888
25411,1436609104608,1.1252748,10.017939,2.0925324
25412,1436609104626,1.0510546,10.031107,2.0925324
25413,1436609104646,1.0049661,10.079589,2.043451
25414,1436609104664,0.95827925,10.056246,2.0045455
25415,1436609104699,0.8870517,10.056845,2.042254
25416,1436609104716,0.7625532,10.046669,2.094328
25417,1436609104724,0.61411273,10.019135,2.130241
25418,1436609104744,0.5129577,10.018537,2.1332338
25419,1436609104764,0.50038815,10.012551,2.0859482
25420,1436609104786,0.61112,10.020332,2.0937295
25421,1436609104808,0.80924016,10.009559,2.167351
25422,1436609104827,0.99419224,10.028712,2.1865046
25423,1436609104847,1.1959038,10.070611,2.1392193
25424,1436609104867,1.4000094,10.018537,2.1092918
25425,1436609104887,1.5191209,9.837176,2.160767
25426,1436609104907,1.5891514,9.780912,2.1362264
25427,1436609104927,1.5879543,9.791088,2.098518
25428,1436609104947,1.5975311,9.7958765,2.054225
25429,1436609104966,1.5819688,9.840768,2.0883424
25430,1436609104985,1.5867572,9.86471,2.1643584
25431,1436609105007,1.5179238,9.945514,2.2092497
25432,1436609105028,1.4748282,9.956886,2.224812
25433,1436609105045,1.3892355,9.924564,2.2278047
25434,1436609105067,1.2755109,9.876082,2.1883004
25435,1436609105095,1.1941081,9.843162,2.11827
25436,1436609105110,1.1121067,9.8683,2.0189106
25437,1436609105125,1.115698,9.898229,1.9901801
25438,1436609105148,1.0696096,9.937733,2.0177135
25439,1436609105165,0.973243,9.999982,2.070386
25440,1436609105185,0.86370826,9.993997,2.1218612
25441,1436609105205,0.79008657,9.911995,2.2008698
25442,1436609105226,0.79726917,9.916184,2.1906946
25443,1436609105245,0.79248077,9.909002,2.243367
25444,1436609105297,0.83976626,9.820416,2.3050177
25445,1436609105298,0.8726865,9.889849,2.2960393
25446,1436609105313,0.8595184,10.143036,2.1906946
25447,1436609105326,0.878672,10.278308,2.119467
25448,1436609105345,1.0067618,10.224439,2.2104468
25449,1436609105365,1.1288661,10.1304655,2.3319526
25450,1436609105386,1.1677719,9.888652,2.3558946
25451,1436609105408,1.283292,9.654019,2.2307975
25452,1436609105426,1.353921,9.58818,2.0524294
25453,1436609105447,1.4251486,9.598354,2.0207062
25454,1436609105465,1.4879963,9.716867,2.0129251
25455,1436609105488,1.5059528,9.850345,2.1152773
25456,1436609105505,1.4496891,10.055049,2.2224178
25457,1436609105528,1.3335704,10.191518,2.3427265
25458,1436609105548,1.1647792,10.314221,2.3983915
25459,1436609105568,0.9451111,10.231621,2.4121583
25460,1436609105588,0.6985083,10.163984,2.3331497
25461,1436609105608,0.5363012,10.135254,2.2218192
25462,1436609105628,0.5129577,9.949704,2.123657
25463,1436609105651,0.6536171,9.780912,2.1045034
25464,1436609105669,0.8122329,9.707291,2.1068976
25465,1436609105689,0.9696517,9.726444,2.1278467
25466,1436609105708,1.09834,9.774328,2.1410148
25467,1436609105728,1.1575965,9.920973,2.190096
25468,1436609105746,1.2150574,10.016742,2.2631192
25469,1436609105767,1.2126632,10.080188,2.307412
25470,1436609105786,1.1923125,10.05445,2.3020248
25471,1436609105810,1.1617863,10.0341,2.2744915
25472,1436609105831,1.1552023,9.997588,2.248754
25473,1436609105851,1.1480197,9.988011,2.1906946
25474,1436609105868,1.0755951,9.9473095,2.220622
25475,1436609105886,1.0516531,9.915586,2.2744915
25476,1436609105905,0.97503865,9.925163,2.2499511
25477,1436609105928,0.9331401,9.91439,2.1841104
25478,1436609105947,0.97743285,9.869498,2.15957
25479,1436609105966,1.027711,9.892242,2.2026656
25480,1436609106021,0.97982705,9.937733,2.2511482
25481,1436609106039,0.89303726,9.967062,2.2523453
25482,1436609106040,0.8678981,9.961675,2.259528
25483,1436609106055,0.9211691,9.883265,2.1984756
25484,1436609106067,1.0169371,9.921572,2.1092918
25485,1436609106108,1.146224,9.926959,2.1266496
25486,1436609106109,1.2545617,10.015544,2.1787236
25487,1436609106125,1.3581109,10.092757,2.292448
25488,1436609106153,1.3688848,10.196905,2.3612814
25489,1436609106168,1.283292,10.184934,2.4109612
25490,1436609106188,1.1486182,10.15381,2.372654
25491,1436609106212,0.9127894,10.089765,2.2331917
25492,1436609106227,0.7194576,9.962872,2.110489
25493,1436609106249,0.63206923,9.841366,2.071583
25494,1436609106269,0.6895301,9.828198,2.0991163
25495,1436609106289,0.7637503,9.916184,2.1134815
25496,1436609106309,0.8571242,9.929952,2.1577742
25497,1436609106329,0.9888053,9.913192,2.1170728
25498,1436609106349,1.1288661,9.988609,2.0811598
25499,1436609106369,1.2797008,9.9951935,2.0991163
25500,1436609106389,1.3623008,9.986814,2.1051018
25501,1436609106408,1.3509283,9.826403,2.2266076
25502,1436609106456,1.2886791,9.830592,2.2774844
25503,1436609106457,1.0600328,9.753978,2.211644
25504,1436609106472,0.88166475,9.774927,2.1027076
25505,1436609106489,0.7769185,9.870096,2.0751743
25506,1436609106511,0.7068881,10.031107,1.9949685
25507,1436609106532,0.7104794,10.035895,2.0638018
25508,1436609106552,0.7721301,10.036493,2.1152773
25509,1436609106569,0.8888474,10.083779,2.1930888
25510,1436609106586,0.9756372,10.183139,2.171541
25511,1436609106606,1.021127,10.052654,2.2457612
25512,1436609106626,0.99898064,9.943718,2.3169887
25513,1436609106655,0.9151836,9.88506,2.3026235
25514,1436609106675,0.85413146,9.859323,2.2571337
25515,1436609106692,0.82240826,9.924564,2.2397757
25516,1436609106708,0.8295909,9.99639,2.2828712
25517,1436609106728,0.83617496,10.011953,2.2864625
25518,1436609106801,0.7930793,10.014946,2.27928
25519,1436609106802,0.79966336,10.0987425,2.2349873
25520,1436609106806,0.7745243,10.094553,2.180519
25521,1436609106807,0.83737206,10.175956,2.0991163
25522,1436609106828,0.97623575,10.155605,2.1068976
25523,1436609106849,1.1228806,9.964667,2.235586
25524,1436609106866,1.2395979,9.93474,2.2296004
25525,1436609106891,1.1558008,10.052654,2.19249
25526,1436609106908,0.93493575,10.001778,2.154183
25527,1436609106928,0.8355764,9.981427,2.1045034
25528,1436609106948,0.79846627,9.874885,2.147599
25529,1436609106967,0.7954735,9.91439,2.1122844
25530,1436609106990,0.7942764,10.008362,2.0207062
25531,1436609107042,0.83737206,9.980229,2.0260932
25532,1436609107043,0.89603,9.931747,2.0608091
25533,1436609107046,0.95947635,10.016143,2.0679917
25534,1436609107069,1.039682,9.986216,2.0500352
25535,1436609107092,1.1629834,9.862914,2.078167
25536,1436609107108,1.3090298,9.859323,2.0111294
25537,1436609107126,1.477821,9.910199,2.006341
25538,1436609107150,1.6328455,9.894637,2.0242975
25539,1436609107170,1.7489643,9.858724,2.1122844
25540,1436609107190,1.7741034,10.01734,2.124854
25541,1436609107208,1.6873137,10.095152,2.0709844
25542,1436609107229,1.6220716,10.063428,2.0440497
25543,1436609107250,1.6077064,10.032304,2.0697873
25544,1436609107269,1.532289,9.977836,2.1296425
25545,1436609107290,1.4502877,9.850345,2.123657
25546,1436609107310,1.4012065,9.782708,2.0518308
25547,1436609107330,1.4377182,9.598354,2.0853498
25548,1436609107349,1.5227122,9.555858,2.1440077
25549,1436609107370,1.5897499,9.634268,2.119467
25550,1436609107390,1.5520413,9.738416,2.0392613
25551,1436609107410,1.5275006,9.79827,2.0667946
25552,1436609107431,1.4407109,9.907805,2.111686
25553,1436609107450,1.3856442,10.007165,2.110489
25554,1436609107492,1.3120226,10.0825815,2.1176715
25555,1436609107493,1.2060791,10.101735,2.0853498
25556,1436609107537,1.1438298,10.029311,2.1242554
25557,1436609107538,1.1420342,9.968259,2.088941
25558,1436609107548,1.1270704,9.911396,2.0428526
25559,1436609107567,1.1552023,9.857527,2.0099323
25560,1436609107587,1.2294226,9.797073,2.0087352
25561,1436609107607,1.3317747,9.813833,1.9716251
25562,1436609107627,1.407192,9.939528,1.9698294
25563,1436609107648,1.4191631,10.040085,2.059612
25564,1436609107667,1.3982137,10.165182,2.0979192
25565,1436609107689,1.2940661,10.159795,2.1906946
25566,1436609107714,1.134253,10.073005,2.2493525
25567,1436609107729,1.039682,10.030508,2.2062569
25568,1436609107750,0.96546185,9.921572,2.1374235
25569,1436609107770,0.9816227,9.926959,2.0811598
25570,1436609107790,1.049259,9.876082,2.0829554
25571,1436609107810,1.13964,9.922769,2.0991163
25572,1436609107830,1.1683705,9.937733,2.134431
25573,1436609107850,1.1695676,9.986814,2.106299
25574,1436609107870,1.1306617,10.059238,2.0709844
25575,1436609107890,1.0289081,10.134057,2.0320787
25576,1436609107910,0.91578215,10.125677,2.0506337
25577,1436609107930,0.7763199,10.0341,2.111686
25578,1436609107947,0.7356185,10.007763,2.1158757
25579,1436609107970,0.6931214,9.968259,2.1080947
25580,1436609107990,0.7116765,10.007165,2.0338743
25581,1436609108009,0.8535329,10.088568,2.010531
25582,1436609108030,1.1091139,10.019734,2.094328
25583,1436609108050,1.3275849,9.983821,2.203264
25584,1436609108071,1.4802152,9.951499,2.2631192
25585,1436609108094,1.5071499,9.900622,2.3050177
25586,1436609108111,1.4047978,9.871892,2.273893
25587,1436609108128,1.240795,9.927557,2.2146366
25588,1436609108149,1.0941502,9.938332,2.1769278
25589,1436609108169,0.9947908,9.980828,2.1493945
25590,1436609108189,0.8702923,10.029909,2.1386206
25591,1436609108208,0.7733272,9.892242,2.2301989
25592,1436609108230,0.7200562,9.88506,2.231396
25593,1436609108293,0.7529764,9.887454,2.1859062
25594,1436609108294,0.8912416,9.850943,2.143409
25595,1436609108295,1.1258733,9.903017,2.079364
25596,1436609108308,1.4269443,9.925761,2.0697873
25597,1436609108329,1.6065093,9.862914,2.119467
25598,1436609108347,1.7292122,9.920375,2.1721394
25599,1436609108368,1.6819267,9.929952,2.2254105
25600,1436609108390,1.5879543,9.931747,2.2535424
25601,1436609108409,1.4616601,9.940725,2.2451627
25602,1436609108429,1.3640964,9.952098,2.1906946
25603,1436609108448,1.3245921,9.89344,2.1894975
25604,1436609108471,1.3491327,9.882666,2.208651
25605,1436609108489,1.3443443,9.932345,2.166154
25606,1436609108511,1.3311762,9.944317,2.1170728
25607,1436609108531,1.2330139,9.929952,2.119467
25608,1436609108550,1.1228806,9.949704,2.1290438
25609,1436609108571,1.0336965,9.928755,2.0829554
25610,1436609108591,1.0648212,9.954493,2.0260932
25611,1436609108611,1.1665748,10.005967,2.0278888
25612,1436609108631,1.2779051,9.958682,2.1320367
25613,1436609108650,1.2946646,9.910798,2.134431
25614,1436609108671,1.2611457,9.85214,2.1649568
25615,1436609108688,1.1492168,9.850943,2.1703439
25616,1436609108710,1.0223241,9.860519,2.154183
25617,1436609108728,0.93373865,9.849746,2.070386
25618,1436609108748,0.931943,9.956287,2.078167
25619,1436609108768,0.99898064,10.067618,2.0284874
25620,1436609108793,1.0684125,10.187927,2.0159178
25621,1436609108812,1.1133038,10.207081,2.0638018
25622,1436609108833,1.1402385,10.278308,2.0745757
25623,1436609108851,1.1294646,10.311228,2.011728
25624,1436609108868,1.122282,10.171766,1.9847932
25625,1436609108889,1.0360907,10.102933,1.9476831
25626,1436609108908,0.9959879,10.014347,1.9560628
25627,1436609108930,0.99419224,9.91439,1.9841946
25628,1436609108951,1.0881647,9.82341,1.9788077
25629,1436609108997,1.4000094,9.703699,1.7926586
25630,1436609109000,1.8417397,9.74859,1.8285716
25631,1436609109016,2.156577,10.263943,2.3289597
25632,1436609109030,1.9452889,10.733206,3.0735564
25633,1436609109054,1.4149733,10.500969,3.103484
25634,1436609109077,1.0929531,10.245986,2.6300306
25635,1436609109090,0.82719666,9.986814,2.2188265
25636,1436609109135,0.7164649,9.774927,1.8962077
25637,1436609109136,0.8110358,9.535507,1.8614918
25638,1436609109150,0.95708215,9.494805,1.9835961
25639,1436609109169,1.0929531,9.611523,2.1649568
25640,1436609109199,1.2264298,9.610924,2.321777
25641,1436609109209,1.2802993,9.4972,2.3900118
25642,1436609109231,1.1785458,9.500791,2.404377
25643,1436609109252,0.97743285,9.634268,2.36188
25644,1436609109270,0.9451111,9.779117,2.3558946
25645,1436609109290,1.091756,9.910798,2.4079683
25646,1436609109312,1.2258313,10.004171,2.4881742
25647,1436609109332,1.441908,10.065224,2.4492683
25648,1436609109350,1.7136499,10.053253,2.4067712
25649,1436609109370,1.775899,9.945514,2.4109612
25650,1436609109390,1.7782934,9.922769,2.463035
25651,1436609109410,1.6298528,9.925761,2.468422
25652,1436609109430,1.4933833,9.886856,2.3953989
25653,1436609109450,1.4269443,9.809643,2.3343468
25654,1436609109472,1.389834,9.750386,2.2780828
25655,1436609109489,1.3006501,9.860519,2.2984335
25656,1436609109510,1.1468226,9.952098,2.32058
25657,1436609109532,1.0372878,9.916184,2.2517467
25658,1436609109550,1.0067618,9.859921,2.2008698
25659,1436609109572,1.0935516,9.800066,2.1428106
25660,1436609109592,1.2629414,9.813234,2.1230583
25661,1436609109612,1.4634558,9.832987,2.099715
25662,1436609109632,1.5951369,9.873688,2.1529858
25663,1436609109650,1.7202339,9.983223,2.1571758
25664,1436609109670,1.8171991,10.085575,2.1936872
25665,1436609109698,1.8267759,10.0664215,2.2391772
25666,1436609109764,1.7555484,10.071808,2.344522
25667,1436609109765,1.5915456,10.108918,2.384625
25668,1436609109766,1.4305356,10.081984,2.3409307
25669,1436609109770,1.2216414,9.974843,2.2457612
25670,1436609109789,1.0935516,9.818622,2.2296004
25671,1436609109812,1.0301052,9.782109,2.2098482
25672,1436609109829,0.9900024,9.825804,2.1667526
25673,1436609109849,1.0145429,9.846753,2.094328
25674,1436609109870,1.1336545,9.880871,2.119467
25675,1436609109890,1.2880806,9.959879,2.2080526
25676,1436609109910,1.3760674,10.000581,2.27928
25677,1436609109930,1.3814543,9.9928,2.3582888
25678,1436609109950,1.2982559,10.079589,2.3505075
25679,1436609109970,1.1109096,10.107721,2.3493104
25680,1436609109991,0.95947635,10.043077,2.2984335
25681,1436609110012,0.86131406,9.894038,2.3056161
25682,1436609110031,0.8810662,9.820416,2.3110032
25683,1436609110051,0.89902276,9.783905,2.3343468
25684,1436609110069,0.94451255,9.755774,2.3319526
25685,1436609110093,0.9475053,9.858724,2.297835
25686,1436609110109,0.9259575,9.909601,2.2349873
25687,1436609110131,0.8762778,9.962274,2.247557
25688,1436609110152,0.88286185,10.078392,2.2691047
25689,1436609110173,0.9151836,10.0341,2.3307555
25690,1436609110193,1.0127473,10.092757,2.268506
25691,1436609110210,1.1025299,10.0341,2.2349873
25692,1436609110229,1.2030864,9.889849,2.3062148
25693,1436609110250,1.2455834,9.865907,2.373851
25694,1436609110285,1.1629834,9.863512,2.4103625
25695,1436609110289,1.0319009,9.904813,2.3612814
25696,1436609110309,0.91099375,9.949704,2.319383
25697,1436609110329,0.79367787,10.011953,2.3409307
25698,1436609110349,0.6961141,10.023924,2.3959973
25699,1436609110370,0.6099229,10.160394,2.3774424
25700,1436609110390,0.6206968,10.29387,2.3247697
25701,1436609110426,0.7667431,10.216658,2.3828292
25702,1436609110473,1.050456,9.977237,2.5755625
25703,1436609110474,1.3838485,9.950901,2.641403
25704,1436609110475,1.7004818,9.895236,2.7497406
25705,1436609110503,1.9656396,9.871892,2.7736826
25706,1436609110510,2.0470424,9.759963,2.8820202
25707,1436609110530,1.910573,9.800665,2.8449101
25708,1436609110552,1.6651673,9.841965,2.7018566
25709,1436609110570,1.6304513,9.710283,2.7162218
25710,1436609110590,1.6364368,9.546281,2.765303
25711,1436609110610,1.6633717,9.318831,2.7647045
25712,1436609110631,1.7363948,9.127894,2.7281928
25713,1436609110653,1.5855601,9.445126,2.7102363
25714,1436609110674,1.3587095,9.77373,2.8508956
25715,1436609110690,1.1360487,9.722255,3.1974564
25716,1436609110711,0.8475474,9.881469,3.6260185
25717,1436609110733,0.37948096,9.778519,3.7457285
25718,1436609110753,0.1945289,9.710882,3.5984852
25719,1436609110773,0.13946225,9.664195,3.4889505
25720,1436609110790,0.26635495,9.735423,3.594894
25721,1436609110811,0.362123,9.551667,3.6457705
25722,1436609110831,0.45549688,9.3260145,3.4231098
25723,1436609110853,0.45908818,9.190144,3.3033998
25724,1436609110873,0.29987377,9.422979,3.321955
25725,1436609110891,0.089184016,9.490616,3.3141737
25726,1436609110911,-0.22744916,9.384672,3.406949
25727,1436609110933,-0.5201403,9.264962,3.4566288
25728,1436609110951,-0.65182143,9.399037,3.3913867
25729,1436609110970,-0.41299978,9.580399,3.052607
25730,1436609110991,-0.10654198,9.727043,3.151368
25731,1436609111011,0.053869538,10.222044,3.691859
25732,1436609111031,0.034715924,10.125677,4.220978
25733,1436609111058,-0.14544775,10.0341,4.158728
25734,1436609111070,-0.24720132,10.247782,3.8899791
25735,1436609111098,-0.22625206,9.968858,3.7696705
25736,1436609111111,0.0664391,9.7007065,3.8444893
25737,1436609111130,0.46746787,9.762956,3.7942111
25738,1436609111151,0.74399817,9.709086,3.5775359
25739,1436609111172,0.85054016,9.653421,3.6487634
25740,1436609111218,0.7918822,9.645041,3.6834793
25741,1436609111219,0.6314707,9.646238,3.7672763
25742,1436609111239,0.43754035,9.462483,3.6685154
25743,1436609111250,0.34117374,9.111135,3.5194764
25744,1436609111271,0.38486794,9.23264,3.4290953
25745,1436609111290,0.43514615,9.427169,3.3722332
25746,1436609111310,0.58418524,9.330204,3.2902317
25747,1436609111332,0.87208796,9.389461,3.318962
25748,1436609111351,1.086369,9.573814,3.4500446
25749,1436609111372,1.2012907,9.509171,3.655946
25750,1436609111440,1.3670892,9.3026705,3.6086605
25751,1436609111441,1.6723499,9.36492,3.5206735
25752,1436609111442,1.7375919,9.658808,3.5583823
25753,1436609111452,1.7782934,9.8198185,3.6565444
25754,1436609111473,1.8632874,9.800665,3.803788
25755,1436609111492,2.03148,9.539098,3.8762126
25756,1436609111513,2.0626047,9.522339,3.7427359
25757,1436609111534,1.9506758,9.562442,3.5452142
25758,1436609111553,1.5382746,9.573814,3.3560722
25759,1436609111574,1.1085154,9.578603,3.0310593
25760,1436609111594,1.0007763,9.240421,2.949058
25761,1436609111613,1.2198458,9.118916,2.956839
25762,1436609111634,1.4036007,9.167996,3.0639796
25763,1436609111654,1.6472107,9.242217,3.1603463
25764,1436609111680,1.9381063,9.244612,3.1866825
25765,1436609111693,2.2888567,9.249998,3.208829
25766,1436609111714,2.5372553,9.2547865,3.3530796
25767,1436609111733,2.665345,9.484032,3.3482912
25768,1436609111754,2.4756045,9.597756,3.3979707
25769,1436609111775,2.148796,9.589975,3.3854012
25770,1436609111791,1.8596961,9.484032,3.1914709
25771,1436609111819,1.6106992,9.458294,2.7844565
25772,1436609111831,1.6879122,9.414599,2.6078842
25773,1436609111851,1.9045875,9.321226,2.8048072
25774,1436609111879,2.1170728,9.493608,2.955642
25775,1436609111891,2.307412,9.543288,3.098097
25776,1436609111911,2.3403323,9.624092,3.1370027
25777,1436609111931,2.2655134,9.835979,3.1280246
25778,1436609111951,2.1906946,9.8916445,3.0897174
25779,1436609111993,2.100912,9.880871,2.9975405
25780,1436609111994,2.0201077,9.905411,2.9724014
25781,1436609112014,1.8914193,9.907805,3.0663738
25782,1436609112035,1.8722657,9.91439,3.0699651
25783,1436609112051,1.8908207,9.939528,3.1160536
25784,1436609112071,1.8567034,9.970055,3.0986955
25785,1436609112093,1.934515,9.975441,3.0681696
25786,1436609112111,2.094328,9.872491,3.1262288
25787,1436609112134,2.12246,9.734225,3.1310172
25788,1436609112151,2.0913353,9.665392,3.095703
25789,1436609112182,2.0655975,9.677363,2.9137435
25790,1436609112192,1.958457,9.704897,2.8987796
25791,1436609112241,1.7435774,9.694721,3.056797
25792,1436609112242,1.5616181,9.598354,3.1585505
25793,1436609112271,1.4969746,9.564238,3.0364463
25794,1436609112272,1.5801731,9.609727,2.9514523
25795,1436609112291,1.7399861,9.59177,3.007716
25796,1436609112311,1.7423803,9.412206,3.1675289
25797,1436609112331,1.8596961,9.3822775,3.1920695
25798,1436609112351,1.9955671,9.396643,3.2411506
25799,1436609112372,1.9416976,9.487024,3.3063924
25800,1436609112391,1.87047,9.572617,3.466804
25801,1436609112410,1.9231426,9.61691,3.4398694
25802,1436609112435,1.9554642,9.370906,3.2585084
25803,1436609112451,1.958457,9.219472,3.0532057
25804,1436609112473,1.9021933,9.176376,2.9592333
25805,1436609112496,1.8435353,9.138668,2.9945478
25806,1436609112512,1.8890251,9.264962,3.0460231
25807,1436609112533,2.030283,9.290101,3.1172507
25808,1436609112552,2.1164744,9.698313,3.0615854
25809,1436609112572,2.2014685,10.164583,3.208829
25810,1436609112593,2.4355016,9.931149,3.7008374
25811,1436609112615,2.5611973,9.710882,3.9522285
25812,1436609112631,2.554613,9.51336,3.9067385
25813,1436609112651,2.4426842,9.476849,3.5619736
25814,1436609112672,2.3624785,9.46009,3.120842
25815,1436609112695,2.3122003,9.207501,3.019687
25816,1436609112715,2.285864,8.99322,3.1016884
25817,1436609112735,2.2092497,8.902839,3.052607
25818,1436609112751,2.0470424,8.77834,2.77069
25819,1436609112771,1.99437,8.956709,2.6372132
25820,1436609112800,1.9788077,9.190144,2.6270378
25821,1436609112816,1.8022354,9.329007,2.7814639
25822,1436609112831,1.7238252,9.215282,2.9975405
25823,1436609112851,1.7399861,9.102755,3.0137014
25824,1436609112872,1.9536686,9.123704,2.813187
25825,1436609112892,2.2002714,9.361329,2.695871
25826,1436609112913,2.4714148,9.655217,2.747945
25827,1436609112936,2.5139117,9.739014,2.895787
25828,1436609112956,2.4881742,9.801263,2.932897
25829,1436609112975,2.3666685,9.806051,2.8395233
25830,1436609112992,2.3870192,9.781511,2.6743233
25831,1436609113016,2.468422,9.78989,2.554613
25832,1436609113035,2.574964,9.857527,2.4408886
25833,1436609113055,2.5839422,9.753379,2.4875755
25834,1436609113075,2.457648,9.719262,2.4779987
25835,1436609113095,2.3876176,9.750985,2.3439236
25836,1436609113115,2.2750902,9.672575,2.167351
25837,1436609113139,2.1978772,9.68694,2.055422
25838,1436609113154,2.2146366,9.864111,2.1015105
25839,1436609113176,2.1613655,10.002377,2.191293
25840,1436609113196,2.1362264,10.040684,2.268506
25841,1436609113216,2.0871453,10.047866,2.356493
25842,1436609113236,2.0727801,9.964667,2.3834279
25843,1436609113255,2.0739772,9.882666,2.3241713
25844,1436609113275,1.9973627,9.794679,2.1547816
25845,1436609113294,1.8890251,9.759963,1.9764135
25846,1436609113315,1.7657237,9.981427,1.8656816
25847,1436609113336,1.714847,10.064626,1.8375498
25848,1436609113355,1.650802,9.980828,1.9596541
25849,1436609113373,1.6154876,10.010158,2.0685902
25850,1436609113406,1.6478093,9.931747,2.166154
25851,1436609113475,1.7040731,10.026319,2.095525
25852,1436609113476,1.7914615,10.110115,2.0326772
25853,1436609113477,1.946486,10.096349,2.0512323
25854,1436609113478,1.9955671,10.031705,2.1404164
25855,1436609113496,1.8686744,9.993997,2.1799207
25856,1436609113514,1.6232687,10.022128,2.0919337
25857,1436609113533,1.3682863,10.088568,1.8920178
25858,1436609113554,1.2617443,10.081385,1.8100165
25859,1436609113573,1.09834,10.034698,1.7986441
25860,1436609113597,1.0642227,9.947908,1.905186
25861,1436609113617,1.0995371,9.820416,2.0231004
25862,1436609113633,1.1839328,9.7803135,2.0691888
25863,1436609113658,1.3180081,9.892841,2.0913353
25864,1436609113678,1.3760674,9.918579,2.1170728
25865,1436609113697,1.3934253,10.00896,2.1122844
25866,1436609113716,1.3389573,10.099341,2.0697873
25867,1436609113736,1.2808979,10.039486,2.0727801
25868,1436609113756,1.2677298,9.991602,2.110489
25869,1436609113776,1.2473791,9.855731,2.19668
25870,1436609113797,1.2060791,9.7958765,2.1948843
25871,1436609113816,1.1420342,9.794081,2.1458032
25872,1436609113836,1.1402385,9.894637,2.1140802
25873,1436609113853,1.1605892,9.97604,2.1242554
25874,1436609113876,1.1324574,9.977836,2.2134395
25875,1436609113897,1.0354922,9.9951935,2.27928
25876,1436609113916,0.91937345,10.001778,2.2619221
25877,1436609113936,0.830788,10.068216,2.1338322
25878,1436609113956,0.8595184,10.075998,2.0811598
25879,1436609113976,1.0007763,9.946113,2.1398177
25880,1436609113996,1.0684125,9.929952,2.2469583
25881,1436609114016,1.1061212,9.882068,2.2762873
25882,1436609114039,1.0941502,9.871294,2.2559366
25883,1436609114059,1.073201,9.885659,2.2038627
25884,1436609114078,1.0684125,9.922769,2.2122424
25885,1436609114093,1.0941502,9.919178,2.2140381
25886,1436609114117,1.0821792,9.919178,2.2637177
25887,1436609114176,1.13964,9.934141,2.243367
25888,1436609114177,1.1731589,9.886257,2.2272062
25889,1436609114178,1.1935096,9.928156,2.2026656
25890,1436609114193,1.1869255,9.895236,2.172738
25891,1436609114214,1.1575965,9.862315,2.1529858
25892,1436609114234,1.1540052,9.889849,2.135628
25893,1436609114253,1.1671734,9.883863,2.1817162
25894,1436609114277,1.2545617,9.83957,2.2224178
25895,1436609114293,1.3790601,9.87668,2.303222
25896,1436609114314,1.3796587,9.933543,2.2319946
25897,1436609114337,1.3000516,9.980229,2.178125
25898,1436609114355,1.2797008,10.068815,2.0979192
25899,1436609114373,1.2437878,10.043676,2.0602105
25900,1436609114397,1.1971009,9.903615,2.0859482
25901,1436609114417,1.1845313,9.844358,2.0931308
25902,1436609114437,1.2814964,9.807249,2.0667946
25903,1436609114456,1.3485341,9.7863,2.0685902
25904,1436609114476,1.3700819,9.813833,2.1332338
25905,1436609114496,1.3479356,9.907805,2.202067
25906,1436609114517,1.2880806,9.919178,2.2337902
25907,1436609114537,1.2563573,9.948506,2.172738
25908,1436609114556,1.2761095,9.950901,2.1170728
25909,1436609114576,1.283292,9.935339,2.0931308
25910,1436609114597,1.204882,10.001778,2.0733786
25911,1436609114617,1.2018893,9.947908,2.0135236
25912,1436609114636,1.2958617,9.973047,1.8890251
25913,1436609114657,1.3305776,10.031107,1.9506758
25914,1436609114675,1.3060371,10.152613,2.0147207
25915,1436609114696,1.1947067,10.207081,2.0272903
25916,1436609114717,1.0588357,10.188525,1.9955671
25917,1436609114738,1.0103531,10.15381,1.9728222
25918,1436609114757,0.95708215,10.094553,2.0045455
25919,1436609114777,0.96067345,10.116699,2.0841527
25920,1436609114796,0.9780314,10.037092,2.1990743
25921,1436609114817,1.0378864,9.92636,2.2200236
25922,1436609114835,1.1019313,9.970055,2.0458453
25923,1436609114854,1.1965023,10.00896,1.9027919
25924,1436609114899,1.3305776,10.068815,1.7926586
25925,1436609114900,1.4203602,9.98442,1.8441339
25926,1436609114920,1.4508862,9.964069,1.9363106
25927,1436609114936,1.4891934,10.045472,1.9895816
25928,1436609114957,1.4688427,10.052056,2.0213048
25929,1436609114976,1.4431051,10.068815,2.0159178
25930,1436609114994,1.4077905,10.022727,2.079364
25931,1436609115016,1.4041992,9.882068,2.1529858
25932,1436609115036,1.4814123,9.774328,2.1308396
25933,1436609115054,1.6382325,9.788095,2.0751743
25934,1436609115077,1.7872716,9.827001,2.0829554
25935,1436609115101,1.9063832,9.820416,2.1404164
25936,1436609115115,1.970428,9.8754835,2.1775265
25937,1436609115137,1.9871874,9.915586,2.1865046
25938,1436609115157,1.9135658,9.801263,2.1470003
25939,1436609115177,1.8106151,9.735423,2.0482395
25940,1436609115197,1.6651673,9.613917,2.058415
25941,1436609115217,1.5298948,9.526528,2.0488381
25942,1436609115237,1.4167689,9.485229,2.0494366
25943,1436609115257,1.3443443,9.643246,2.0254946
25944,1436609115277,1.2743138,9.768942,2.0015526
25945,1436609115298,1.2557588,9.84795,2.0524294
25946,1436609115318,1.2844892,9.99639,2.0332758
25947,1436609115335,1.2868834,10.127473,2.0608091
25948,1436609115358,1.3293805,10.119094,2.0721815
25949,1436609115375,1.4203602,9.938332,2.095525
25950,1436609115396,1.4251486,9.790489,2.0655975
25951,1436609115414,1.3748703,9.8683,1.9434932
25952,1436609115440,1.2958617,9.99639,1.8830396
25953,1436609115471,1.1994951,10.085575,1.8908207
25954,1436609115475,1.0726024,10.305841,1.8836381
25955,1436609115494,0.919972,10.50875,1.8908207
25956,1436609115515,0.84216046,10.663176,1.8746599
25957,1436609115536,0.80684596,10.749966,1.822586
25958,1436609115556,0.7541735,10.738593,1.8860323
25959,1436609115576,0.7930793,10.729615,1.929128
25960,1436609115595,0.8523358,10.599131,1.9381063
25961,1436609115652,0.86131406,10.463859,1.922544
25962,1436609115665,0.85173726,10.317214,1.9710265
25963,1436609115666,0.8750807,10.283096,1.9752164
25964,1436609115676,0.8972271,10.237606,1.9554642
25965,1436609115697,0.97862995,10.146626,1.9363106
25966,1436609115717,1.0977415,10.080188,1.988983
25967,1436609115736,1.1731589,10.147225,2.0392613
25968,1436609115758,1.2378023,10.137649,2.0979192
25969,1436609115775,1.276708,10.057443,2.1296425
25970,1436609115795,1.3455414,9.978435,2.2170308
25971,1436609115817,1.436521,9.919776,2.331354
25972,1436609115839,1.4957775,9.779117,2.3762453
25973,1436609115856,1.477821,9.690532,2.408567
25974,1436609115878,1.4622587,9.64983,2.3930047
25975,1436609115898,1.4927847,9.566631,2.3403323
25976,1436609115918,1.5693992,9.339182,2.331354
25977,1436609115938,1.6705543,9.247005,2.3582888
25978,1436609115958,1.7172412,9.22426,2.3834279
25979,1436609115977,1.7040731,9.230247,2.344522
25980,1436609115998,1.7124528,9.25359,2.3570917
25981,1436609116018,1.7447745,9.294291,2.429516
25982,1436609116038,1.75076,9.364322,2.4732103
25983,1436609116055,1.7010803,9.450513,2.4702177
25984,1436609116087,1.5831659,9.500791,2.4654293
25985,1436609116095,1.4401124,9.518148,2.4528596
25986,1436609116117,1.3018472,9.548077,2.4067712
25987,1436609116138,1.2156559,9.532514,2.3822308
25988,1436609116158,1.1994951,9.586384,2.3295584
25989,1436609116178,1.2378023,9.654618,2.315193
25990,1436609116197,1.3108255,9.745,2.321777
25991,1436609116217,1.3497312,9.792285,2.355296
25992,1436609116237,1.3251907,9.840169,2.3834279
25993,1436609116258,1.2749124,10.00896,2.307412
25994,1436609116278,1.216853,10.141838,2.2218192
25995,1436609116299,1.192911,10.072407,2.2583308
25996,1436609116316,1.1617863,10.128671,2.333748
25997,1436609116347,1.1677719,10.229825,2.3259668
25998,1436609116395,1.1498153,10.216059,2.2756886
25999,1436609116396,1.1061212,10.16578,2.2122424
26000,1436609116397,1.1079168,10.209475,2.2062569
26001,1436609116415,1.1366472,10.251373,2.171541
26002,1436609116439,1.146224,10.251971,2.1338322
26003,1436609116458,1.1492168,10.216059,2.1080947
26004,1436609116476,1.1372458,10.229825,2.1577742
26005,1436609116496,1.0726024,10.216059,2.1571758
26006,1436609116515,0.9900024,10.175357,2.131438
26007,1436609116537,0.9307459,10.171766,2.1134815
26008,1436609116569,0.96546185,10.101735,2.098518
26009,1436609116577,1.0259154,10.035296,2.1015105
26010,1436609116604,1.1007342,10.048465,2.0919337
26011,1436609116617,1.1677719,9.960478,2.071583
26012,1436609116638,1.2294226,10.022727,2.0021513
26013,1436609116659,1.2707225,9.91798,2.0129251
26014,1436609116677,1.3359646,9.857527,2.0620062
26015,1436609116702,1.3634979,9.873089,2.110489
26016,1436609116719,1.388637,9.882068,2.148796
26017,1436609116739,1.4431051,9.904813,2.1086931
26018,1436609116759,1.4867992,9.920973,2.1284454
26019,1436609116779,1.4850036,9.909002,2.1571758
26020,1436609116799,1.4640543,9.870695,2.172738
26021,1436609116819,1.4407109,9.770139,2.1811178
26022,1436609116837,1.377863,9.780912,2.15538
26023,1436609116858,1.3940239,9.857527,2.1230583
26024,1436609116879,1.388637,10.018537,2.1021092
26025,1436609116898,1.3569138,10.071808,2.134431
26026,1436609116917,1.3760674,10.032902,2.1703439
26027,1436609116937,1.3227965,9.988609,2.1410148
26028,1436609116959,1.2354081,10.0029745,2.0937295
26029,1436609116979,1.1444284,10.048465,1.9907787
26030,1436609116999,1.1384429,9.90601,2.0763714
26031,1436609117062,1.1468226,9.909002,2.1290438
26032,1436609117063,1.1216835,9.84795,2.1697452
26033,1436609117064,1.1534066,9.841965,2.142212
26034,1436609117078,1.1815386,9.778519,2.1146786
26035,1436609117111,1.2898762,9.685144,2.1416135
26036,1436609117150,1.3557167,9.762956,2.1547816
26037,1436609117151,1.3395559,9.877279,2.123657
26038,1436609117172,1.3329718,9.96766,2.0458453
26039,1436609117177,1.3305776,10.065823,2.0039468
26040,1436609117196,1.3509283,10.14124,2.0153193
26041,1436609117217,1.3760674,10.167576,2.0015526
26042,1436609117237,1.3437457,10.061034,1.9758149
26043,1436609117256,1.3365631,10.032304,1.9027919
26044,1436609117278,1.3551182,10.016742,1.894412
26045,1436609117296,1.3916297,9.989806,1.8938135
26046,1436609117317,1.412579,9.973646,1.9327193
26047,1436609117339,1.395221,9.962274,1.9776106
26048,1436609117358,1.3443443,9.93893,1.9764135
26049,1436609117380,1.3192052,9.903615,1.9578584
26050,1436609117400,1.3551182,9.892841,1.970428
26051,1436609117420,1.4089876,9.985617,1.9764135
26052,1436609117440,1.448492,10.060435,1.9608512
26053,1436609117460,1.4706384,10.135254,1.9596541
26054,1436609117480,1.5233108,10.140641,1.9877859
26055,1436609117500,1.5658079,10.043676,2.0404584
26056,1436609117520,1.5490485,9.956886,2.0428526
26057,1436609117541,1.5155296,9.895236,2.011728
26058,1436609117561,1.4915876,9.891046,1.9782091
26059,1436609117579,1.4610616,9.911995,1.9524715
26060,1436609117600,1.472434,9.86471,1.9710265
26061,1436609117620,1.5191209,9.860519,2.0033484
26062,1436609117699,1.5292963,9.883265,2.0320787
26063,1436609117700,1.536479,9.909002,2.0536265
26064,1436609117701,1.5556326,9.920375,1.9931729
26065,1436609117702,1.6244658,9.898229,1.9554642
26066,1436609117718,1.7064673,9.904214,1.9728222
26067,1436609117741,1.726818,9.895834,1.988983
26068,1436609117757,1.7250223,9.894038,1.9859903
26069,1436609117778,1.7118542,9.880272,1.9853917
26070,1436609117797,1.6729485,9.880272,2.0009542
26071,1436609117819,1.6938977,9.853337,1.9315223
26072,1436609117840,1.7585411,9.904813,1.8992004
26073,1436609117918,1.7980455,9.896433,1.9063832
26074,1436609117919,1.8177977,9.909002,1.9554642
26075,1436609117920,1.7764976,9.909002,2.0254946
26076,1436609117921,1.7070658,9.944916,2.0033484
26077,1436609117937,1.6681601,9.892841,2.0045455
26078,1436609117957,1.6424223,9.8683,2.0572178
26079,1436609117977,1.5933412,9.840768,2.0847511
26080,1436609117996,1.5472529,9.894637,2.058415
26081,1436609118016,1.484405,9.880871,2.0590134
26082,1436609118036,1.5197195,9.898827,2.0512323
26083,1436609118058,1.5813702,9.941324,2.0398598
26084,1436609118076,1.678934,9.932944,2.0632033
26085,1436609118097,1.7567455,9.997588,2.0608091
26086,1436609118116,1.816002,10.053851,2.0081367
26087,1436609118137,1.881244,9.991602,1.9440918
26088,1436609118157,1.9440918,9.862914,1.9829975
26089,1436609118179,2.0129251,9.796474,1.9716251
26090,1436609118198,1.9937714,9.776124,1.9339164
26091,1436609118220,1.9542671,9.835979,1.8896236
26092,1436609118240,1.9560628,9.8515415,1.875857
26093,1436609118260,1.9357121,9.8754835,1.9458874
26094,1436609118280,1.8980033,9.846154,2.005144
26095,1436609118301,1.8596961,9.846154,2.0081367
26096,1436609118321,1.8219875,9.871294,1.9991584
26097,1436609118338,1.8136078,9.900622,1.9818004
26098,1436609118358,1.8261774,9.914988,1.9788077
26099,1436609118377,1.8710686,9.905411,1.9895816
26100,1436609118400,1.8285716,9.862315,2.0171149
26101,1436609118420,1.8058267,9.85633,2.042254
26102,1436609118441,1.7483658,9.853935,1.9985598
26103,1436609118460,1.7465701,9.824607,1.9847932
26104,1436609118478,1.7280151,9.832987,1.9752164
26105,1436609118498,1.6980876,9.83957,1.9818004
26106,1436609118518,1.6861166,9.858724,1.982399
26107,1436609118537,1.7052702,9.866506,1.9865888
26108,1436609118560,1.7316064,9.90601,1.9488802
26109,1436609118610,1.7914615,9.942521,1.9524715
26110,1436609118611,1.8100165,9.952098,1.9901801
26111,1436609118625,1.7483658,9.916783,2.0518308
26112,1436609118638,1.7070658,9.877877,2.019509
26113,1436609118658,1.6436194,9.907805,1.9620483
26114,1436609118678,1.6394296,9.904214,1.9446903
26115,1436609118698,1.608305,9.892242,1.965041
26116,1436609118720,1.5334862,9.815628,2.0320787
26117,1436609118739,1.4873978,9.801862,2.0189106
26118,1436609118758,1.4772224,9.828796,1.9758149
26119,1436609118779,1.4999673,9.898827,1.958457
26120,1436609118800,1.5652094,9.884461,2.005144
26121,1436609118819,1.5394717,9.908403,2.0201077
26122,1436609118840,1.4814123,9.910199,2.0320787
26123,1436609118860,1.4359225,9.950901,1.9734207
26124,1436609118880,1.4437037,9.940127,1.9883845
26125,1436609118900,1.4143747,9.909002,2.0446482
26126,1436609118920,1.4377182,9.920375,2.0506337
26127,1436609118939,1.4077905,9.881469,2.0416555
26128,1436609118962,1.3970166,9.873688,2.0254946
26129,1436609118980,1.4197617,9.886856,2.0254946
26130,1436609119001,1.4185646,9.861118,2.0667946
26131,1436609119019,1.3431472,9.900622,2.086547
26132,1436609119038,1.2922704,9.954493,2.0925324
26133,1436609119059,1.2114661,10.012551,2.0506337
26134,1436609119078,1.151611,10.045472,2.0129251
26135,1436609119102,1.1707647,10.016742,2.0727801
26136,1436609119118,1.1899183,10.043676,2.1021092
26137,1436609119142,1.1869255,10.049063,2.0763714
26138,1436609119163,1.1935096,10.049063,2.071583
26139,1436609119181,1.1851299,10.063428,2.0853498
26140,1436609119198,1.1402385,10.073604,2.0931308
26141,1436609119219,1.1174936,10.049063,2.110489
26142,1436609119239,1.1025299,10.040085,2.12246
26143,1436609119258,1.067814,10.056845,2.1260512
26144,1436609119281,1.0546459,10.0508585,2.136825
26145,1436609119344,1.009156,9.998186,2.166154
26146,1436609119350,0.9828198,9.972448,2.2182279
26147,1436609119351,0.94331545,10.01734,2.1829133
26148,1436609119358,0.9307459,10.058042,2.143409
26149,1436609119379,0.9343372,10.045472,2.1625626
26150,1436609119399,0.89423436,10.050261,2.1745336
26151,1436609119418,0.8619126,10.019734,2.1667526
26152,1436609119440,0.8559271,10.04607,2.1601684
26153,1436609119459,0.84694886,10.065224,2.1416135
26154,1436609119480,0.8726865,10.065823,2.1146786
26155,1436609119499,0.9516952,9.994595,2.1757307
26156,1436609119520,0.9768343,10.020931,2.1625626
26157,1436609119540,0.98341835,10.019135,2.1523874
26158,1436609119562,1.003769,9.991602,2.1871033
26159,1436609119582,0.9475053,9.986216,2.2092497
26160,1436609119602,0.8714894,9.977836,2.2134395
26161,1436609119622,0.79487497,9.995792,2.190096
26162,1436609119640,0.79607207,10.076596,2.167351
26163,1436609119660,0.86969376,10.078392,2.1613655
26164,1436609119679,0.9343372,10.028712,2.2122424
26165,1436609119701,0.9864111,10.019135,2.2589293
26166,1436609119721,1.0007763,9.992201,2.203264
26167,1436609119739,0.9888053,9.999982,2.1859062
26168,1436609119760,0.98222125,9.995792,2.1877017
26169,1436609119781,0.98341835,10.01734,2.1888988
26170,1436609119800,0.96546185,9.956886,2.1990743
26171,1436609119820,0.97743285,9.949704,2.2110453
26172,1436609119840,0.97862995,9.965266,2.2026656
26173,1436609119860,0.9864111,9.964667,2.172738
26174,1436609119880,1.01574,9.995792,2.1577742
26175,1436609119900,1.039682,9.9951935,2.1613655
26176,1436609119920,1.0606314,9.934141,2.179322
26177,1436609119939,1.0785879,9.930551,2.1799207
26178,1436609119960,1.0881647,9.922769,2.154183
26179,1436609119986,1.1318588,9.916783,2.1481974
26180,1436609120054,1.1240777,9.967062,2.1583729
26181,1436609120055,1.122282,9.956886,2.2385786
26182,1436609120056,1.1456255,10.003573,2.3110032
26183,1436609120062,1.1725603,10.04607,2.3421278
26184,1436609120082,1.1498153,10.088568,2.2218192
26185,1436609120099,1.1887212,10.090961,2.1188686
26186,1436609120119,1.2599486,9.916184,2.043451
26187,1436609120142,1.2952632,9.7803135,2.0207062
26188,1436609120159,1.3072342,9.737218,2.0679917
26189,1436609120179,1.292869,9.720459,2.110489
26190,1436609120200,1.3371617,9.710283,2.1470003
26191,1436609120220,1.4395138,9.739613,2.171541
26192,1436609120239,1.5945383,9.845556,2.1823149
26193,1436609120260,1.6932992,9.934141,2.1697452
26194,1436609120282,1.6382325,9.980828,2.166154
26195,1436609120302,1.5179238,10.028113,2.1619642
26196,1436609120322,1.4053963,10.003573,2.1386206
26197,1436609120340,1.3676877,9.89344,2.0787656
26198,1436609120360,1.4215573,9.7563715,2.0446482
26199,1436609120382,1.5095441,9.697116,2.0069396
26200,1436609120402,1.6376339,9.683948,2.03148
26201,1436609120420,1.7902644,9.730036,2.0709844
26202,1436609120441,1.8908207,9.758167,2.1134815
26203,1436609120463,1.9321208,9.807249,2.1470003
26204,1436609120481,1.9249382,9.883265,2.1410148
26205,1436609120500,1.8974048,9.884461,2.1068976
26206,1436609120523,1.8369513,9.922769,2.0691888
26207,1436609120539,1.8171991,9.940725,2.059612
26208,1436609120560,1.8076223,9.908403,2.0763714
26209,1436609120580,1.7896658,9.857527,2.083554
26210,1436609120602,1.7830818,9.871294,2.067393
26211,1436609120637,1.8010383,9.873089,2.0488381
26212,1436609120642,1.8375498,9.850345,2.0338743
26213,1436609120659,1.8351556,9.882666,2.042254
26214,1436609120679,1.8471266,9.879673,2.0536265
26215,1436609120701,1.8722657,9.879075,2.0147207
26216,1436609120720,1.869273,9.901819,2.0111294
26217,1436609120740,1.9363106,9.910798,2.0536265
26218,1436609120759,1.9746178,9.900024,2.0679917
26219,1436609120790,1.9752164,9.903017,2.0691888
26220,1436609120804,1.9662381,9.871294,2.0290859
26221,1436609120820,1.9578584,9.858724,2.0171149
26222,1436609120842,1.9057846,9.842564,2.0326772
26223,1436609120860,1.851915,9.866506,2.0272903
26224,1436609120880,1.7866731,9.859323,2.0123265
26225,1436609120900,1.7812861,9.85633,2.006341
26226,1436609120921,1.8273745,9.873089,2.0021513
26227,1436609120940,1.8734628,9.878476,2.034473
26228,1436609120961,1.9087774,9.873688,2.0536265
26229,1436609120980,1.9333179,9.850345,2.1015105
26230,1436609121000,1.939902,9.879673,2.0847511
26231,1436609121022,1.929128,9.913791,2.058415
26232,1436609121043,1.8842367,9.868899,2.0721815
26233,1436609121061,1.8028339,9.831789,2.0961237
26234,1436609121083,1.7567455,9.855731,2.0560207
26235,1436609121101,1.7256209,9.850943,2.006341
26236,1436609121123,1.7663223,9.865308,2.0207062
26237,1436609121141,1.7591397,9.855731,2.0883424
26238,1436609121163,1.7681179,9.880871,2.1092918
26239,1436609121183,1.7274165,9.853337,2.1057005
26240,1436609121201,1.6633717,9.917382,2.0913353
26241,1436609121222,1.644218,9.919776,2.0739772
26242,1436609121241,1.6208745,9.876082,2.0937295
26243,1436609121263,1.6220716,9.892841,2.0745757
26244,1436609121284,1.5831659,9.92636,2.0404584
26245,1436609121301,1.6065093,9.898827,2.0440497
26246,1436609121323,1.6478093,9.898827,2.0260932
26247,1436609121344,1.6514006,9.882666,2.0697873
26248,1436609121363,1.6747441,9.882666,2.0829554
26249,1436609121381,1.6843209,9.91439,2.0266917
26250,1436609121402,1.7106571,9.8754835,2.0500352
26251,1436609121422,1.7142484,9.919178,2.1080947
26252,1436609121441,1.6759412,9.925761,2.1027076
26253,1436609121490,1.6089035,9.874287,2.1039047
26254,1436609121491,1.5783775,9.849147,2.0590134
26255,1436609121510,1.5586253,9.857527,2.0141222
26256,1436609121567,1.5658079,9.840768,2.023699
26257,1436609121568,1.5622166,9.889849,2.0458453
26258,1436609121569,1.5005659,9.907805,2.1068976
26259,1436609121580,1.4634558,9.922769,2.107496
26260,1436609121600,1.400608,9.898229,2.1122844
26261,1436609121624,1.3611037,9.911995,2.1493945
26262,1436609121640,1.2898762,9.885659,2.1045034
26263,1436609121660,1.2779051,9.894637,2.0667946
26264,1436609121682,1.2533646,9.887454,2.079364
26265,1436609121713,1.2814964,9.90601,2.083554
26266,1436609121720,1.3581109,9.900622,2.0620062
26267,1436609121751,1.3730747,9.914988,2.082357
26268,1436609121771,1.3994108,9.925761,2.1110873
26269,1436609121781,1.3401544,9.912594,2.1290438
26270,1436609121800,1.2677298,9.905411,2.123657
26271,1436609121821,1.2246342,9.8994255,2.11827
26272,1436609121841,1.1749545,9.90601,2.1206641
26273,1436609121861,1.151611,9.937733,2.142212
26274,1436609121881,1.1055226,9.9790325,2.1583729
26275,1436609121901,1.0690111,10.040085,2.144606
26276,1436609121927,1.0839748,10.040684,2.1601684
26277,1436609121941,1.0791864,10.031705,2.1823149
26278,1436609121961,1.0534488,10.04607,2.19668
26279,1436609121981,1.003769,10.060435,2.2254105
26280,1436609122000,0.9516952,10.077195,2.219425
26281,1436609122024,0.9391256,10.095152,2.1948843
26282,1436609122041,0.92296475,10.0664215,2.2098482
26283,1436609122065,0.9211691,10.069414,2.2379801
26284,1436609122080,0.92775315,10.080188,2.220622
26285,1436609122105,0.91458505,10.075998,2.2284033
26286,1436609122121,0.90381116,10.03769,2.2415714
26287,1436609122145,0.8643068,10.009559,2.2667105
26288,1436609122160,0.81642276,9.958682,2.2637177
26289,1436609122185,0.79367787,9.975441,2.2224178
26290,1436609122201,0.75716627,9.968259,2.1829133
26291,1436609122221,0.7787141,9.96766,2.2026656
26292,1436609122241,0.8122329,9.958083,2.2643163
26293,1436609122261,0.83976626,9.985617,2.2535424
26294,1436609122280,0.84934306,9.989806,2.2242134
26295,1436609122301,0.8846575,10.01315,2.2391772
26296,1436609122320,0.95588505,9.977237,2.272696
26297,1436609122340,0.97623575,9.9928,2.2703018
26298,1436609122360,0.95588505,9.956287,2.2505496
26299,1436609122380,0.9888053,9.952098,2.2242134
26300,1436609122400,1.049259,9.977836,2.2505496
26301,1436609122420,1.0923545,9.968858,2.256535
26302,1436609122445,1.1569979,9.933543,2.3127987
26303,1436609122465,1.1456255,9.952098,2.285864
26304,1436609122483,1.1240777,10.0029745,2.2756886
26305,1436609122506,1.0881647,9.987412,2.2505496
26306,1436609122525,1.0791864,9.965864,2.2589293
26307,1436609122543,1.0516531,9.940725,2.2709002
26308,1436609122563,1.0432734,9.928156,2.2643163
26309,1436609122585,1.0115502,9.943718,2.2307975
26310,1436609122603,0.997185,9.935339,2.2301989
26311,1436609122627,0.9888053,9.894038,2.2619221
26312,1436609122645,0.99778354,9.904214,2.27928
26313,1436609122666,0.99778354,9.908403,2.2762873
26314,1436609122686,0.985214,9.941922,2.2254105
26315,1436609122704,1.0229226,9.903615,2.243367
26316,1436609122725,1.0510546,9.8916445,2.2517467
26317,1436609122742,1.0875661,9.916184,2.2439656
26318,1436609122762,1.0773908,9.97185,2.2008698
26319,1436609122781,1.0977415,9.989806,2.171541
26320,1436609122806,1.146224,9.949105,2.1883004
26321,1436609122827,1.1887212,9.882068,2.2158337
26322,1436609122843,1.1935096,9.83957,2.2038627
26323,1436609122864,1.163582,9.898229,2.1769278
26324,1436609122881,1.1498153,9.967062,2.15538
26325,1436609122915,1.1378443,9.959281,2.1841104
26326,1436609122921,1.1067197,9.946113,2.2038627
26327,1436609122949,1.0851719,9.973646,2.2176294
26328,1436609122967,1.0971429,9.997588,2.1865046
26329,1436609122983,1.1444284,9.961076,2.1948843
26330,1436609123002,1.1899183,9.973646,2.244564
26331,1436609123029,1.1923125,9.956886,2.2266076
26332,1436609123043,1.1779473,9.955689,2.1859062
26333,1436609123062,1.151611,9.944317,2.1918917
26334,1436609123085,1.1210849,9.980229,2.190096
26335,1436609123102,1.1079168,9.970653,2.1906946
26336,1436609123122,1.0827777,9.973646,2.1745336
26337,1436609123142,1.1246762,9.994595,2.1440077
26338,1436609123165,1.1947067,9.97604,2.1601684
26339,1436609123185,1.2623428,9.977237,2.1990743
26340,1436609123206,1.2731167,9.951499,2.1643584
26341,1436609123225,1.2844892,9.920375,2.1547816
26342,1436609123245,1.2467805,9.933543,2.1625626
26343,1436609123266,1.1833342,9.940127,2.1811178
26344,1436609123285,1.1061212,9.938332,2.171541
26345,1436609123305,1.0845734,9.916783,2.1811178
26346,1436609123324,1.0654198,9.921572,2.195483
26347,1436609123343,1.0564415,9.962274,2.1769278
26348,1436609123366,1.0570401,9.949105,2.1823149
26349,1436609123384,1.1079168,9.948506,2.1679497
26350,1436609123404,1.1797429,9.941922,2.1745336
26351,1436609123423,1.2605472,9.920375,2.1493945
26352,1436609123443,1.3533225,9.908403,2.1547816
26353,1436609123465,1.4257472,9.915586,2.1392193
26354,1436609123486,1.4634558,9.910798,2.1386206
26355,1436609123505,1.4856021,9.903615,2.134431
26356,1436609123524,1.4820108,9.87668,2.131438
26357,1436609123543,1.4808137,9.873089,2.1110873
26358,1436609123564,1.4951789,9.8683,2.1039047
26359,1436609123585,1.5191209,9.853337,2.1152773
26360,1436609123606,1.4981717,9.872491,2.1278467
26361,1436609123657,1.4856021,9.853337,2.1272483
26362,1436609123658,1.4730326,9.901221,2.111686
26363,1436609123666,1.4347254,9.941922,2.0775685
26364,1436609123682,1.412579,9.940725,2.0649989
26365,1436609123705,1.3796587,9.932345,2.0799627
26366,1436609123724,1.3652935,9.904214,2.087744
26367,1436609123743,1.3862427,9.989208,2.0386627
26368,1436609123767,1.400608,9.965864,2.0386627
26369,1436609123783,1.4389153,9.965266,2.071583
26370,1436609123803,1.4676456,9.964667,2.1092918
26371,1436609123824,1.4335283,9.991602,2.1033063
26372,1436609123844,1.4047978,9.991004,2.112883
26373,1436609123868,1.3880384,10.056845,2.1230583
26374,1436609123885,1.4437037,10.147824,2.0961237
26375,1436609123906,1.4275428,10.047267,2.0787656
26376,1436609123926,1.4478935,10.038289,2.0398598
26377,1436609123946,1.4562732,10.023924,2.0883424
26378,1436609123966,1.3736732,9.929353,2.005144
26379,1436609123986,1.3096284,9.859323,1.9267339
26380,1436609124006,1.3377602,9.807847,1.9859903
26381,1436609124029,1.3796587,9.774328,2.0482395
26382,1436609124047,1.3976152,9.869498,2.12246
26383,1436609124063,1.3940239,9.924564,2.135628
26384,1436609124086,1.2964603,9.968259,2.147599
26385,1436609124103,1.2096704,9.988609,2.0512323
26386,1436609124124,1.1540052,9.9928,2.0147207
26387,1436609124143,1.1731589,9.844358,2.0159178
26388,1436609124166,1.2336124,9.818023,1.9764135
26389,1436609124186,1.3311762,9.837775,1.941099
26390,1436609124206,1.4227544,9.79827,2.0404584
26391,1436609124226,1.4903905,9.940725,2.055422
26392,1436609124243,1.4826094,10.047267,2.1098902
26393,1436609124263,1.3880384,9.9550905,2.0937295
26394,1436609124284,1.2455834,9.8994255,2.0739772
26395,1436609124305,1.2132617,9.942521,2.018312
26396,1436609124324,1.2276269,9.952098,2.0099323
26397,1436609124381,1.1749545,10.016742,2.059612
26398,1436609124394,1.1587936,10.049662,2.0973208
26399,1436609124395,1.1402385,10.090961,2.0590134
26400,1436609124403,1.110311,10.151415,1.988983
26401,1436609124426,1.1085154,10.193314,1.9829975
26402,1436609124447,1.1414356,10.134656,2.0123265
26403,1436609124463,1.1869255,9.999982,2.0536265
26404,1436609124491,1.204882,9.949704,2.030283
26405,1436609124506,1.1935096,9.852738,1.9919758
26406,1436609124525,1.1953052,9.859921,1.9303252
26407,1436609124545,1.1528081,9.862315,1.917157
26408,1436609124564,1.1079168,9.825804,2.006341
26409,1436609124584,1.0977415,9.915586,2.0326772
26410,1436609124606,1.1180922,9.99639,2.0614076
26411,1436609124627,1.1791444,9.9951935,2.071583
26412,1436609124646,1.2270284,10.032902,2.0931308
26413,1436609124667,1.2665327,10.139444,2.0799627
26414,1436609124687,1.2521675,10.135853,2.0859482
26415,1436609124706,1.1899183,10.055647,2.070386
26416,1436609124727,1.1270704,9.966463,2.0907366
26417,1436609124745,1.06123,9.892242,2.0733786
26418,1436609124767,1.0648212,9.870695,2.0410569
26419,1436609124787,0.99658644,9.866506,2.0512323
26420,1436609124804,0.9696517,9.900622,2.0524294
26421,1436609124827,0.96187055,9.937134,2.0602105
26422,1436609124845,1.0007763,9.988011,2.0991163
26423,1436609124865,1.0103531,10.093954,2.0901382
26424,1436609124886,1.0151415,10.081984,2.0937295
26425,1436609124908,1.0468647,10.017939,2.0644004
26426,1436609124929,1.0702082,9.939528,2.083554
26427,1436609124949,1.0839748,9.894637,2.0913353
26428,1436609124968,1.1348516,9.8994255,2.0374656
26429,1436609124986,1.1731589,9.920375,2.007538
26430,1436609125003,1.2563573,9.883863,2.0548236
26431,1436609125029,1.2695254,9.907805,2.0620062
26432,1436609125047,1.234211,9.9951935,2.0578163
26433,1436609125151,1.1653777,10.031107,2.0392613
26434,1436609125152,1.0935516,10.020931,2.0721815
26435,1436609125153,0.97623575,10.016143,2.0428526
26436,1436609125154,0.85473,10.056845,2.0332758
26437,1436609125155,0.777517,10.069414,2.0368671
26438,1436609125166,0.7667431,10.041881,2.0231004
26439,1436609125184,0.8086416,9.997588,2.0614076
26440,1436609125206,0.9032126,9.902418,2.1086931
26441,1436609125226,1.0354922,9.828796,2.144606
26442,1436609125247,1.1569979,9.812037,2.1212628
26443,1436609125264,1.2413936,9.838972,2.106299
26444,1436609125285,1.3431472,9.850345,2.1068976
26445,1436609125305,1.389834,9.8916445,2.1320367
26446,1436609125328,1.3575124,9.972448,2.099715
26447,1436609125345,1.3227965,9.990405,2.1057005
26448,1436609125367,1.2228385,10.00896,2.0638018
26449,1436609125387,1.1121067,10.018537,2.0751743
26450,1436609125407,1.0019734,9.982025,2.0925324
26451,1436609125427,0.84934306,10.024523,2.0440497
26452,1436609125447,0.7649474,10.020332,2.0566192
26453,1436609125467,0.7009025,10.040684,2.0260932
26454,1436609125487,0.6733692,10.078392,2.0326772
26455,1436609125507,0.6392518,10.002377,2.0697873
26456,1436609125528,0.61411273,9.919776,2.1003134
26457,1436609125546,0.5710171,9.995792,2.0512323
26458,1436609125567,0.5793968,10.024523,2.0392613
26459,1436609125587,0.6183026,10.105926,2.0488381
26460,1436609125606,0.6500258,10.21965,2.0560207
26461,1436609125626,0.6332663,10.21965,2.0638018
26462,1436609125648,0.66498953,10.157999,2.0500352
26463,1436609125668,0.6967127,10.15381,2.0219033
26464,1436609125687,0.8002619,10.121488,2.0231004
26465,1436609125707,0.87567925,10.0508585,2.046444
26466,1436609125726,0.9451111,9.999982,2.0614076
26467,1436609125749,0.9744401,10.018537,2.0296845
26468,1436609125767,1.0235212,9.993997,1.9931729
26469,1436609125786,1.0474633,9.94312,2.0027497
26470,1436609125806,1.0528502,9.920375,2.0697873
26471,1436609125876,1.0588357,9.9473095,2.066196
26472,1436609125877,1.021127,9.97185,2.11827
26473,1436609125878,0.98341835,9.993997,2.1416135
26474,1436609125886,0.94092125,10.035895,2.190096
26475,1436609125915,0.9115923,10.05445,2.231396
26476,1436609125929,0.82899237,10.034698,2.1823149
26477,1436609125946,0.79367787,10.019734,2.135628
26478,1436609125965,0.8086416,9.933543,2.1362264
26479,1436609125987,0.85293436,9.958682,2.1691468
26480,1436609126005,0.8996213,9.931747,2.1374235
26481,1436609126027,0.98102415,10.008362,2.087744
26482,1436609126046,1.0582372,9.964667,2.111686
26483,1436609126071,1.0714053,9.979631,2.1350293
26484,1436609126085,1.0426749,9.988011,2.1146786
26485,1436609126106,1.0163386,10.005369,2.0805612
26486,1436609126125,1.0295067,9.988609,2.1164744
26487,1436609126148,1.0432734,9.987412,2.1499932
26488,1436609126168,1.0313023,9.960478,2.1655555
26489,1436609126188,1.0061632,9.937134,2.1392193
26490,1436609126208,1.0480618,9.964069,2.0937295
26491,1436609126228,1.1121067,9.949105,2.088941
26492,1436609126248,1.1959038,9.941922,2.111686
26493,1436609126266,1.2024878,9.976639,2.1631613
26494,1436609126288,1.1994951,10.013748,2.154183
26495,1436609126308,1.2126632,10.028712,2.1254525
26496,1436609126328,1.2282255,9.974244,2.1272483
26497,1436609126348,1.1988965,9.935339,2.146402
26498,1436609126368,1.1773487,9.98442,2.1230583
26499,1436609126388,1.127669,9.974843,2.1230583
26500,1436609126408,1.1007342,9.989208,2.0907366
26501,1436609126428,1.1007342,10.0269165,2.0961237
26502,1436609126448,1.0875661,9.995792,2.1440077
26503,1436609126468,1.0941502,9.980229,2.1308396
26504,1436609126487,1.09834,9.993398,2.0979192
26505,1436609126506,1.1336545,9.9928,2.0428526
26506,1436609126647,1.22224,9.977836,2.0727801
26507,1436609126648,1.2761095,9.999982,2.0979192
26508,1436609126649,1.2707225,10.02153,2.1134815
26509,1436609126650,1.3144168,9.9951935,2.0727801
26510,1436609126651,1.352724,9.951499,2.0817583
26511,1436609126652,1.3928268,9.937733,2.0805612
26512,1436609126653,1.4012065,9.916783,2.083554
26513,1436609126666,1.3808558,9.917382,2.059612
26514,1436609126691,1.411382,9.9712515,2.0937295
26515,1436609126705,1.4311341,9.988011,2.0961237
26516,1436609126725,1.4514848,9.983821,2.131438
26517,1436609126752,1.4514848,9.958682,2.107496
26518,1436609126765,1.4437037,9.93474,2.0470424
26519,1436609126789,1.395221,9.968259,1.9907787
26520,1436609126806,1.3299791,9.904813,1.9871874
26521,1436609126828,1.2683283,9.812635,2.0159178
26522,1436609126849,1.2096704,9.738416,2.0446482
26523,1436609126869,1.1749545,9.726444,2.03567
26524,1436609126889,1.1821371,9.7402115,2.0231004
26525,1436609126909,1.2378023,9.802461,2.042254
26526,1436609126929,1.2838906,9.9233675,2.1015105
26527,1436609126949,1.2749124,10.031107,2.1392193
26528,1436609126970,1.252766,10.113707,2.1410148
26529,1436609126990,1.2755109,10.138845,2.15957
26530,1436609127009,1.2611457,10.123283,2.1511903
26531,1436609127068,1.1917139,10.058042,2.0679917
26532,1436609127069,1.1258733,9.916783,2.0093338
26533,1436609127070,1.1168951,9.862315,1.9315223
26534,1436609127087,1.1043255,9.89763,1.9446903
26535,1436609127116,1.1097125,9.913791,2.0410569
26536,1436609127126,1.1378443,9.992201,2.0482395
26537,1436609127149,1.1851299,10.093954,2.0853498
26538,1436609127166,1.2617443,10.125677,2.1266496
26539,1436609127187,1.2880806,10.119094,2.1571758
26540,1436609127207,1.2395979,10.047267,2.1338322
26541,1436609127232,1.2198458,9.968259,2.0787656
26542,1436609127249,1.1953052,9.916184,2.0260932
26543,1436609127273,1.2611457,9.834184,2.0254946
26544,1436609127287,1.2838906,9.817424,2.0536265
26545,1436609127313,1.3054385,9.795278,2.0135236
26546,1436609127380,1.2880806,9.818622,1.9967642
26547,1436609127381,1.3144168,9.919178,2.0326772
26548,1436609127382,1.3341689,10.004171,2.078167
26549,1436609127390,1.3347675,10.059238,2.086547
26550,1436609127409,1.2814964,10.079589,2.0769699
26551,1436609127439,1.2497733,10.0341,2.0655975
26552,1436609127447,1.2425907,9.954493,2.0739772
26553,1436609127468,1.2563573,9.883265,2.0853498
26554,1436609127488,1.2551602,9.879075,2.0524294
26555,1436609127507,1.2605472,9.8916445,2.0069396
26556,1436609127528,1.3239936,9.903017,1.9955671
26557,1436609127548,1.3958195,9.883265,2.0219033
26558,1436609127567,1.4748282,9.8916445,2.0751743
26559,1436609127586,1.4975731,9.878476,2.0811598
26560,1436609127608,1.5616181,9.887454,2.0572178
26561,1436609127630,1.5753847,9.903017,2.0488381
26562,1436609127650,1.5376761,9.910798,2.0506337
26563,1436609127670,1.4556746,9.901221,2.0326772
26564,1436609127690,1.4047978,9.913192,2.030283
26565,1436609127710,1.3700819,9.970055,2.0266917
26566,1436609127730,1.3395559,10.02153,2.0626047
26567,1436609127750,1.2880806,10.041282,2.088941
26568,1436609127769,1.2174516,10.051457,2.1272483
26569,1436609127788,1.1587936,10.03769,2.1068976
26570,1436609127810,1.1330559,10.022128,2.0991163
26571,1436609127829,1.1133038,10.030508,2.0500352
26572,1436609127848,1.1318588,9.995792,2.0733786
26573,1436609127868,1.1695676,9.9790325,2.047641
26574,1436609127890,1.1839328,9.952697,2.047641
26575,1436609127910,1.2354081,9.996989,2.082357
26576,1436609127930,1.2354081,9.990405,2.0817583
26577,1436609127950,1.1671734,9.990405,2.1134815
26578,1436609127968,1.1121067,10.001778,2.0979192
26579,1436609127990,1.0456676,10.0508585,2.1122844
26580,1436609128009,0.98341835,10.043077,2.1440077
26581,1436609128027,0.9139865,10.026319,2.19668
26582,1436609128051,0.86490536,10.029311,2.1948843
26583,1436609128148,0.8607155,9.977237,2.1637597
26584,1436609128149,0.93254155,9.931747,2.166154
26585,1436609128150,1.0420763,9.921572,2.1272483
26586,1436609128151,1.1288661,9.932944,2.094328
26587,1436609128152,1.234211,9.954493,2.0757728
26588,1436609128169,1.3611037,9.956287,2.0751743
26589,1436609128187,1.3958195,9.874885,2.1338322
26590,1436609128207,1.423353,9.845556,2.1613655
26591,1436609128227,1.3910311,9.87668,2.1404164
26592,1436609128249,1.3569138,9.89763,2.1284454
26593,1436609128268,1.3623008,9.922171,2.1158757
26594,1436609128289,1.3688848,9.928156,2.1015105
26595,1436609128308,1.340753,9.909601,2.180519
26596,1436609128329,1.3198037,9.894038,2.1817162
26597,1436609128348,1.276708,9.866506,2.168548
26598,1436609128370,1.2677298,9.849746,2.1086931
26599,1436609128390,1.2719196,9.853935,2.088941
26600,1436609128410,1.3060371,9.8276,2.098518
26601,1436609128430,1.3628993,9.858724,2.0931308
26602,1436609128450,1.4514848,9.942521,2.1015105
26603,1436609128470,1.5035586,9.994595,2.1613655
26604,1436609128490,1.4221559,10.068216,2.2056582
26605,1436609128510,1.2737153,10.072407,2.1811178
26606,1436609128531,1.1671734,10.061034,2.1679497
26607,1436609128548,1.1097125,10.040085,2.1643584
26608,1436609128570,1.0642227,10.001778,2.1643584
26609,1436609128588,1.0821792,9.96766,2.1176715
26610,1436609128609,1.0672154,9.920375,2.0709844
26611,1436609128629,1.1504139,9.939528,2.011728
26612,1436609128651,1.2401965,9.892841,2.0494366
26613,1436609128670,1.340753,9.919178,2.0721815
26614,1436609128690,1.4030021,9.983821,2.0524294
26615,1436609128711,1.4790181,9.973646,2.0506337
26616,1436609128729,1.5400703,9.973646,2.0614076
26617,1436609128750,1.536479,9.977836,2.1039047
26618,1436609128767,1.46585,10.010756,2.0667946
26619,1436609128788,1.335366,9.980828,2.0278888
26620,1436609128810,1.2677298,10.011953,2.0290859
26621,1436609128872,1.2228385,10.002377,2.0991163
26622,1436609128873,1.2018893,10.01734,2.0967221
26623,1436609128874,1.1115081,10.067019,2.099715
26624,1436609128888,1.0450691,10.014946,2.0937295
26625,1436609128909,0.98461545,9.972448,2.0775685
26626,1436609128927,0.9696517,9.915586,2.0907366
26627,1436609128948,0.98820674,9.937134,2.0452468
26628,1436609128969,1.0247183,9.965864,1.9674352
26629,1436609128988,1.0773908,9.940127,2.0123265
26630,1436609129009,1.1785458,9.988011,2.0380642
26631,1436609129029,1.2384008,9.8994255,2.0787656
26632,1436609129051,1.2635399,9.912594,2.1039047
26633,1436609129069,1.2378023,9.961675,2.0691888
26634,1436609129093,1.1701661,9.98442,2.0386627
26635,1436609129109,1.1839328,9.983223,2.019509
26636,1436609129128,1.1528081,9.924564,2.0440497
26637,1436609129150,1.1061212,9.898827,2.0721815
26638,1436609129171,1.0809821,9.941324,2.055422
26639,1436609129191,1.0666169,9.9712515,2.0679917
26640,1436609129211,1.0468647,10.027515,2.1272483
26641,1436609129231,1.027711,10.073604,2.136825
26642,1436609129250,0.9959879,10.090961,2.1122844
26643,1436609129271,0.9816227,10.077195,2.1033063
26644,1436609129291,0.96187055,10.02153,2.086547
26645,1436609129311,0.9744401,9.988011,2.1080947
26646,1436609129330,1.0169371,9.959879,2.0757728
26647,1436609129350,1.0821792,9.938332,2.0757728
26648,1436609129369,1.1372458,9.935339,2.0153193
26649,1436609129391,1.2156559,9.944317,1.9949685
26650,1436609129412,1.2665327,9.953894,2.0667946
26651,1436609129432,1.2797008,10.028712,2.1601684
26652,1436609129450,1.2503718,9.9928,2.248754
26653,1436609129470,1.1899183,10.043676,2.2038627
26654,1436609129489,1.0857705,10.028113,2.15957
26655,1436609129509,1.0271125,9.991602,2.1470003
26656,1436609129529,0.9888053,9.861717,2.1260512
26657,1436609129609,0.9720459,9.880871,2.123657
26658,1436609129610,0.9684546,9.877877,2.12246
26659,1436609129611,1.0235212,9.956287,2.1122844
26660,1436609129612,1.0911574,9.980229,2.1170728
26661,1436609129628,1.1180922,9.994595,2.1416135
26662,1436609129649,1.1013328,9.980828,2.154183
26663,1436609129669,1.0714053,9.998785,2.1529858
26664,1436609129689,1.0354922,9.988609,2.1667526
26665,1436609129711,0.97982705,9.979631,2.154183
26666,1436609129730,0.91458505,9.909601,2.1583729
26667,1436609129751,0.84694886,9.944916,2.1571758
26668,1436609129773,0.8218097,9.968259,2.166154
26669,1436609129790,0.86490536,10.018537,2.1589713
26670,1436609129812,0.96785605,10.035895,2.1877017
26671,1436609129832,1.0169371,10.055647,2.2080526
26672,1436609129852,1.06123,10.027515,2.195483
26673,1436609129872,1.0827777,9.96347,2.156577
26674,1436609129890,1.1121067,9.9233675,2.1751323
26675,1436609129910,1.13964,9.877279,2.166154
26676,1436609129932,1.198298,9.850943,2.1643584
26677,1436609129952,1.2449849,9.831789,2.1452048
26678,1436609129972,1.2785037,9.862315,2.1284454
26679,1436609129989,1.3012487,9.917382,2.1601684
26680,1436609130010,1.276708,9.9473095,2.1859062
26681,1436609130031,1.2378023,9.967062,2.2056582
26682,1436609130051,1.192911,9.98442,2.2212207
26683,1436609130069,1.1091139,10.000581,2.1517887
26684,1436609130091,1.06123,9.962274,2.1272483
26685,1436609130109,1.0313023,9.878476,2.1230583
26686,1436609130133,1.0001777,9.872491,2.1146786
26687,1436609130152,1.0845734,9.850345,2.146402
26688,1436609130173,1.192911,9.872491,2.1763294
26689,1436609130192,1.2868834,9.907207,2.1859062
26690,1436609130211,1.3802572,9.975441,2.1350293
26691,1436609130229,1.4377182,9.985617,2.15957
26692,1436609130250,1.3880384,9.993398,2.1871033
26693,1436609130270,1.2731167,9.988609,2.171541
26694,1436609130291,1.13964,9.952098,2.144606
26695,1436609130354,1.055843,9.919776,2.0991163
26696,1436609130355,1.0408791,9.929353,2.1098902
26697,1436609130356,1.049259,9.928156,2.12246
26698,1436609130369,1.0229226,9.941922,2.1547816
26699,1436609130391,0.98940384,10.015544,2.1667526
26700,1436609130409,0.94331545,10.065823,2.1410148
26701,1436609130429,0.90141696,10.032902,2.123657
26702,1436609130451,0.8762778,9.993398,2.132635
26703,1436609130469,0.86011696,10.007165,2.095525
26704,1436609130490,0.908001,9.994595,2.1170728
26705,1436609130514,0.9498995,10.007763,2.1176715
26706,1436609130530,0.96067345,9.977237,2.1643584
26707,1436609130550,0.9792285,10.005369,2.183512
26708,1436609130570,0.98222125,10.047866,2.168548
26709,1436609130592,0.97862995,10.029311,2.132635
26710,1436609130612,0.9498995,10.0748005,2.0895395
26711,1436609130630,0.91099375,10.0269165,2.0895395
26712,1436609130651,0.8403648,9.941324,2.1218612
26713,1436609130675,0.8583213,9.947908,2.1039047
26714,1436609130690,0.8523358,10.019135,2.0697873
26715,1436609130712,0.84934306,10.061633,2.099715
26716,1436609130732,0.87208796,10.02572,2.1505916
26717,1436609130751,0.8499416,9.986216,2.1458032
26718,1436609130776,0.82001406,9.973047,2.1440077
26719,1436609130790,0.866701,10.003573,2.1452048
26720,1436609130810,0.9475053,9.993398,2.1631613
26721,1436609130832,0.98341835,9.937134,2.1410148
26722,1436609130850,0.9816227,9.903017,2.1763294
26723,1436609130872,1.0887632,9.918579,2.1589713
26724,1436609130891,1.1731589,9.9550905,2.123657
26725,1436609130910,1.2084733,9.989208,2.1296425
26726,1436609130933,1.2126632,10.093954,2.0949266
26727,1436609130953,1.1994951,10.07121,2.071583
26728,1436609130969,1.1881226,10.064027,2.058415
26729,1436609130992,1.2186487,10.14124,2.0099323
26730,1436609131020,1.2779051,10.184336,1.8728642
26731,1436609131139,1.4784195,10.354323,1.751957
26732,1436609131140,1.7705121,10.439318,1.8046296
26733,1436609131141,1.887828,10.105327,2.2290018
26734,1436609131142,1.6879122,9.849147,2.6024973
26735,1436609131143,1.4466964,9.779716,2.64679
26736,1436609131144,0.89603,9.575011,2.4762032
26737,1436609131150,0.41958386,9.346365,2.167351
26738,1436609131170,0.15322891,9.512762,1.8106151
26739,1436609131190,0.11671733,9.642648,1.6484078
26740,1436609131212,0.27593175,9.838373,1.6011224
26741,1436609131230,0.6194997,10.22384,1.6543933
26742,1436609131251,1.1623849,10.323798,1.9045875
26743,1436609131271,1.6160861,10.094553,2.1733365
26744,1436609131290,1.8734628,9.94312,2.3038206
26745,1436609131311,1.8561049,9.77373,2.3080103
26746,1436609131333,1.7124528,9.698911,2.0536265
26747,1436609131351,1.5532384,9.685144,1.8746599
26748,1436609131373,1.4664485,9.825804,1.8662802
26749,1436609131393,1.4161704,9.979631,1.9608512
26750,1436609131413,1.4030021,10.08737,2.1547816
26751,1436609131433,1.3096284,10.19092,2.2026656
26752,1436609131451,1.0941502,10.23222,2.2278047
26753,1436609131473,0.82599956,10.122087,2.1380222
26754,1436609131491,0.6871359,9.974843,2.0147207
26755,1436609131512,0.7314286,9.898827,1.9273324
26756,1436609131560,0.89603,9.829993,1.9351135
26757,1436609131561,1.0971429,9.828198,1.9764135
26758,1436609131570,1.2575544,9.896433,2.0093338
26759,1436609131591,1.3880384,9.982025,1.9853917
26760,1436609131618,1.4335283,10.003573,2.0518308
26761,1436609131630,1.4425066,10.1161,2.0602105
26762,1436609131650,1.4215573,10.1065235,2.0811598
26763,1436609131670,1.3934253,9.998186,2.0494366
26764,1436609131690,1.3108255,9.924564,2.0566192
26765,1436609131711,1.2425907,9.931747,2.070386
26766,1436609131731,1.1318588,9.874885,2.03567
26767,1436609131751,1.0594343,9.883863,1.9973627
26768,1436609131774,1.055843,9.93474,1.9728222
26769,1436609131845,1.0833763,9.946113,2.0278888
26770,1436609131846,1.1264719,9.953295,2.0494366
26771,1436609131847,1.1492168,10.019734,2.1003134
26772,1436609131858,1.1845313,10.080188,2.1122844
26773,1436609131873,1.1665748,10.1161,2.0171149
26774,1436609131893,1.1869255,10.065823,2.0272903
26775,1436609131910,1.2599486,10.020332,1.9788077
26776,1436609131936,1.4688427,9.990405,1.9794062
26777,1436609131962,2.058415,9.871892,2.0829554
26778,1436609131972,3.4129345,9.753379,2.5504234
26779,1436609132003,4.1258082,10.226234,2.908955
26780,1436609132012,3.3979707,10.659584,3.2836475
26781,1436609132034,2.5408466,10.455479,2.782661
26782,1436609132053,1.7423803,10.144233,2.2523453
26783,1436609132077,0.90141696,9.698313,2.1428106
26784,1436609132094,0.19632454,9.311649,1.9249382
26785,1436609132114,-0.12569559,9.077017,1.8010383
26786,1436609132133,-0.011971008,9.083601,1.9381063
26787,1436609132154,0.45429978,9.249998,2.2930467
26788,1436609132173,1.127669,9.407417,2.472612
26789,1436609132194,1.7842789,9.57142,2.5300727
26790,1436609132214,2.1511903,9.67856,2.5767596
26791,1436609132233,2.2343888,9.848549,2.6018987
26792,1436609132252,2.1212628,9.8276,2.6132712
26793,1436609132274,1.9381063,9.715671,2.6479871
26794,1436609132291,1.8016368,9.69951,2.6521769
26795,1436609132311,1.8555063,9.772532,2.504335
26796,1436609132331,1.946486,9.829993,2.44448
26797,1436609132353,2.0907366,9.76954,2.565387
26798,1436609132377,2.2499511,9.812037,2.677316
26799,1436609132393,2.3104045,9.810242,2.6192567
26800,1436609132414,2.271499,9.807249,2.4654293
26801,1436609132431,2.154183,9.85214,2.3169887
26802,1436609132451,1.9081788,9.820416,2.3080103
26803,1436609132471,1.644218,9.718663,2.2403743
26804,1436609132492,1.3934253,9.689334,2.1296425
26805,1436609132512,1.2575544,9.673173,2.0817583
26806,1436609132604,1.2198458,9.697116,2.0751743
26807,1436609132605,1.2252327,9.75697,2.1667526
26808,1436609132606,1.2725182,9.870096,2.3116016
26809,1436609132607,1.328782,10.005967,2.3415294
26810,1436609132618,1.3575124,10.158598,2.2906525
26811,1436609132636,1.3688848,10.195109,2.2894554
26812,1436609132652,1.3365631,10.231023,2.2655134
26813,1436609132671,1.3377602,10.147824,2.2158337
26814,1436609132692,1.3599066,10.041881,2.142212
26815,1436609132712,1.4389153,9.980229,2.0649989
26816,1436609132736,1.5239093,9.929952,2.095525
26817,1436609132755,1.5855601,9.920375,2.1320367
26818,1436609132772,1.5089456,9.954493,2.1470003
26819,1436609132791,1.3820529,10.01315,2.1380222
26820,1436609132811,1.1893197,9.88925,2.1517887
26821,1436609132834,1.0313023,9.911995,2.1535845
26822,1436609132855,0.9391256,9.909601,2.1918917
26823,1436609132875,0.997185,9.9790325,2.2284033
26824,1436609132894,1.0923545,10.052056,2.3241713
26825,1436609132915,1.1348516,10.125079,2.3546975
26826,1436609132935,1.09834,10.121488,2.3110032
26827,1436609132955,1.0696096,10.078392,2.1763294
26828,1436609132978,1.0115502,9.962872,2.1296425
26829,1436609132991,0.99898064,9.877877,2.1134815
26830,1436609133015,0.97862995,9.8276,2.1505916
26831,1436609133037,0.9864111,9.8515415,2.1769278
26832,1436609133059,1.0402806,9.822212,2.160767
26833,1436609133075,1.1025299,9.811439,2.2002714
26834,1436609133094,1.1959038,9.86471,2.2146366
26835,1436609133114,1.2862848,9.843162,2.2224178
26836,1436609133135,1.3239936,9.915586,2.1757307
26837,1436609133155,1.3371617,10.031107,2.146402
26838,1436609133175,1.2791022,10.023325,2.1691468
26839,1436609133196,1.2354081,10.084377,2.15538
26840,1436609133216,1.1139023,10.056246,2.191293
26841,1436609133236,1.06123,10.016742,2.1308396
26842,1436609133255,0.943914,9.998186,2.1033063
26843,1436609133305,0.8487445,9.958083,2.0799627
26844,1436609133306,0.81761986,9.990405,2.123657
26845,1436609133313,0.83976626,9.965266,2.1691468
26846,1436609133332,0.89184016,9.991602,2.112883
26847,1436609133354,0.98700964,9.933543,2.0709844
26848,1436609133375,1.1121067,9.872491,2.1290438
26849,1436609133392,1.2042835,9.859323,2.0991163
26850,1436609133413,1.2862848,9.787497,2.0919337
26851,1436609133432,1.3682863,9.804854,2.0458453
26852,1436609133455,1.4443022,9.77792,2.067393
26853,1436609133473,1.4688427,9.8916445,2.066196
26854,1436609133492,1.4478935,9.92636,2.0733786
26855,1436609133517,1.3611037,10.01734,2.0805612
26856,1436609133536,1.2455834,10.107721,2.0991163
26857,1436609133556,1.1384429,10.14124,2.1278467
26858,1436609133575,1.0851719,10.220248,2.0111294
26859,1436609133595,1.0516531,10.152613,1.9901801
26860,1436609133616,1.0935516,10.047267,1.9841946
26861,1436609133635,1.1168951,9.943718,1.9692309
26862,1436609133655,1.1749545,9.874885,1.946486
26863,1436609133676,1.1941081,9.840169,1.922544
26864,1436609133696,1.2360066,9.852738,1.9488802
26865,1436609133715,1.2946646,9.9473095,1.9692309
26866,1436609133735,1.3718776,10.019135,1.9847932
26867,1436609133753,1.4580688,10.0987425,1.9937714
26868,1436609133773,1.5221137,10.09994,2.0614076
26869,1436609133796,1.5915456,10.103531,2.1033063
26870,1436609133817,1.6047137,10.070012,2.1188686
26871,1436609133837,1.5310919,10.062231,2.0506337
26872,1436609133858,1.4431051,10.108319,1.9853917
26873,1436609133875,1.2976574,10.121488,1.9069817
26874,1436609133893,1.1444284,10.125677,1.9195513
26875,1436609133914,1.0019734,10.120291,1.9021933
26876,1436609133932,0.92176765,10.117298,1.9033904
26877,1436609133956,0.93014735,10.107721,1.894412
26878,1436609133974,1.0229226,10.096349,1.8806454
26879,1436609134103,1.2066777,10.115502,1.8531121
26880,1436609134104,1.4167689,10.070611,1.893215
26881,1436609134108,1.5340848,10.005369,2.0111294
26882,1436609134109,1.541866,9.941324,2.030283
26883,1436609134110,1.4957775,9.920973,1.951873
26884,1436609134111,1.4694413,9.905411,1.8764555
26885,1436609134147,1.4939818,9.849746,1.8956091
26886,1436609134148,1.5041572,9.805453,1.9728222
26887,1436609134154,1.5514427,9.826403,1.9979613
26888,1436609134173,1.6017209,9.808446,2.0147207
26889,1436609134198,1.6897079,9.81084,2.0338743
26890,1436609134213,1.7980455,9.768343,2.0470424
26891,1436609134236,1.8980033,9.70789,2.0817583
26892,1436609134258,1.9476831,9.680955,2.0919337
26893,1436609134274,2.0207062,9.625888,2.1140802
26894,1436609134295,2.1200657,9.618107,2.0937295
26895,1436609134316,2.1733365,9.670779,2.0649989
26896,1436609134336,2.1871033,9.721656,2.0500352
26897,1436609134356,2.168548,9.779716,2.0308816
26898,1436609134378,2.0709844,9.834782,2.0536265
26899,1436609134393,1.9261353,9.859921,2.0817583
26900,1436609134416,1.7699136,9.822212,2.0608091
26901,1436609134436,1.638831,9.848549,2.0033484
26902,1436609134456,1.5454572,9.859921,1.9925743
26903,1436609134478,1.4951789,9.790489,2.0482395
26904,1436609134493,1.4688427,9.817424,2.0883424
26905,1436609134516,1.4915876,9.904813,2.0721815
26906,1436609134536,1.5005659,10.005967,2.0590134
26907,1436609134556,1.5592239,10.129868,2.055422
26908,1436609134576,1.5520413,9.98442,2.0919337
26909,1436609134593,1.5251064,9.922171,2.0847511
26910,1436609134616,1.4502877,9.865308,2.0572178
26911,1436609134636,1.3922282,9.847352,1.9668367
26912,1436609134656,1.3634979,9.868899,1.9476831
26913,1436609134677,1.3581109,10.003573,1.8842367
26914,1436609134697,1.4047978,9.965864,1.99437
26915,1436609134717,1.4401124,9.908403,2.1188686
26916,1436609134736,1.4251486,9.930551,2.1709423
26917,1436609134756,1.30484,9.959281,2.0883424
26918,1436609134811,1.287482,9.98442,1.9985598
26919,1436609134827,1.3251907,9.947908,2.0506337
26920,1436609134828,1.3126211,9.986814,2.1200657
26921,1436609134835,1.2910733,10.040085,2.0859482
26922,1436609134856,1.3335704,10.043077,2.0937295
26923,1436609134877,1.3706805,10.039486,2.1146786
26924,1436609134893,1.3676877,9.950302,2.1338322
26925,1436609134918,1.3269863,9.912594,2.1206641
26926,1436609134935,1.3030443,9.916783,2.067393
26927,1436609134955,1.2988545,9.979631,2.0787656
26928,1436609134974,1.3263878,10.086772,2.0231004
26929,1436609134996,1.3706805,10.016143,2.0404584
26930,1436609135013,1.4532804,9.9712515,2.0655975
26931,1436609135036,1.4670471,9.968259,2.146402
26932,1436609135055,1.4024036,9.970055,2.1057005
26933,1436609135076,1.3443443,9.960478,2.0386627
26934,1436609135095,1.3210008,9.89763,2.0021513
26935,1436609135114,1.3323733,9.8754835,1.9901801
26936,1436609135134,1.3389573,9.843162,1.9961656
26937,1436609135157,1.3605051,9.83957,1.9806033
26938,1436609135177,1.4107834,9.909002,1.9662381
26939,1436609135197,1.4389153,9.920973,1.9698294
26940,1436609135216,1.4718355,9.952697,2.042254
26941,1436609135235,1.4568717,10.007165,2.059612
26942,1436609135257,1.417966,10.003573,2.0512323
26943,1436609135277,1.3491327,10.019734,1.9746178
26944,1436609135297,1.3269863,10.015544,1.9422961
26945,1436609135316,1.2892777,10.002377,1.903989
26946,1436609135337,1.2785037,9.9712515,1.927931
26947,1436609135357,1.2755109,9.952697,1.9339164
26948,1436609135377,1.3090298,9.960478,1.9524715
26949,1436609135397,1.3174095,9.91439,1.9716251
26950,1436609135418,1.3030443,9.8916445,2.018312
26951,1436609135438,1.2653356,9.900622,2.022502
26952,1436609135458,1.2593501,9.991004,1.9859903
26953,1436609135476,1.2521675,10.010158,2.0242975
26954,1436609135496,1.2437878,10.050261,2.0278888
26955,1436609135567,1.2401965,9.991004,2.0775685
26956,1436609135568,1.2072762,9.964069,2.0524294
26957,1436609135569,1.1845313,9.980229,1.9614497
26958,1436609135577,1.2072762,9.981427,1.8968062
26959,1436609135604,1.2749124,9.965266,1.8782512
26960,1436609135617,1.3174095,9.9473095,1.9327193
26961,1436609135634,1.3347675,9.936536,2.006341
26962,1436609135654,1.3186066,9.993398,1.99437
26963,1436609135677,1.2916719,9.964667,1.9812019
26964,1436609135698,1.2360066,9.974244,1.988983
26965,1436609135717,1.1815386,9.973646,1.9788077
26966,1436609135736,1.158195,10.006566,1.9644425
26967,1436609135758,1.1390414,10.044873,1.9847932
26968,1436609135777,1.2030864,10.014347,1.988983
26969,1436609135797,1.2228385,10.01734,2.0099323
26970,1436609135817,1.1953052,9.993398,2.0159178
26971,1436609135837,1.1947067,9.989806,1.9877859
26972,1436609135857,1.1839328,10.035296,1.9363106
26973,1436609135878,1.2126632,10.052056,1.9243397
26974,1436609135898,1.2300211,10.035296,1.9536686
26975,1436609135918,1.2276269,9.985018,2.0039468
26976,1436609135938,1.2108675,9.993997,2.0332758
26977,1436609135954,1.1785458,10.0029745,2.0087352
26978,1436609135978,1.192911,10.023924,1.9536686
26979,1436609135998,1.2024878,10.016143,1.9883845
26980,1436609136017,1.2120646,9.974843,2.0135236
26981,1436609136039,1.1839328,9.974244,2.0129251
26982,1436609136055,1.2204443,9.999982,1.9662381
26983,1436609136076,1.2312182,10.000581,1.9446903
26984,1436609136095,1.2449849,9.953295,1.951873
26985,1436609136117,1.2539631,9.9473095,1.9871874
26986,1436609136137,1.2378023,9.933543,2.0177135
26987,1436609136158,1.2282255,9.953894,1.9578584
26988,1436609136178,1.2240356,9.9790325,1.982399
26989,1436609136197,1.2449849,9.989208,1.9776106
26990,1436609136222,1.2144588,9.97604,2.0284874
26991,1436609136288,1.1719618,9.980229,2.0572178
26992,1436609136289,1.1474211,9.925761,2.0590134
26993,1436609136290,1.1336545,9.919776,2.0219033
26994,1436609136298,1.1522095,9.882068,2.0045455
26995,1436609136325,1.1575965,9.911396,2.0069396
26996,1436609136338,1.1755531,9.985617,1.9596541
26997,1436609136355,1.1905168,9.982025,1.9746178
26998,1436609136375,1.2330139,9.973646,1.9883845
26999,1436609136396,1.2677298,9.966463,2.0141222
27000,1436609136417,1.258153,9.9550905,2.0009542
27001,1436609136441,1.2683283,9.997588,1.9758149
27002,1436609136456,1.2557588,9.961675,1.9794062
27003,1436609136478,1.2497733,9.944317,2.0219033
27004,1436609136496,1.2108675,9.946711,2.0667946
27005,1436609136518,1.1827357,10.011354,2.0326772
27006,1436609136537,1.1492168,10.040684,2.0458453
27007,1436609136558,1.1402385,10.049063,2.0608091
27008,1436609136578,1.1671734,9.965864,2.0769699
27009,1436609136599,1.1659763,9.923966,2.0440497
27010,1436609136643,1.1653777,9.940725,1.9829975
27011,1436609136644,1.2054806,9.936536,1.9506758
27012,1436609136658,1.2437878,9.972448,1.9285295
27013,1436609136677,1.2970588,9.937733,1.9716251
27014,1436609136698,1.3108255,9.915586,2.011728
27015,1436609136718,1.3299791,9.916783,2.011728
27016,1436609136738,1.316811,9.931149,2.0171149
27017,1436609136758,1.2785037,9.937733,2.0171149
27018,1436609136778,1.2551602,9.9473095,1.9967642
27019,1436609136799,1.292869,9.975441,2.0189106
27020,1436609136816,1.3030443,9.956287,2.0320787
27021,1436609136835,1.3192052,9.96347,2.0721815
27022,1436609136855,1.3371617,9.986216,2.0979192
27023,1436609136875,1.3090298,9.991602,2.100912
27024,1436609136896,1.2970588,10.049063,2.0745757
27025,1436609136915,1.2072762,10.062231,1.9806033
27026,1436609136943,1.1480197,10.026319,1.9668367
27027,1436609137003,1.0821792,9.9550905,1.9859903
27028,1436609137004,1.0666169,9.953295,2.0775685
27029,1436609137005,1.0660183,9.986216,2.0805612
27030,1436609137019,1.0726024,10.01315,2.0685902
27031,1436609137066,1.074398,10.110115,2.047641
27032,1436609137067,1.1043255,10.134656,2.0326772
27033,1436609137082,1.0959458,10.059837,2.0787656
27034,1436609137103,1.0875661,9.987412,2.1039047
27035,1436609137117,1.146224,9.898827,2.0919337
27036,1436609137136,1.228824,9.880871,2.0626047
27037,1436609137156,1.3192052,9.89763,2.0512323
27038,1436609137176,1.3706805,9.85214,2.0829554
27039,1436609137198,1.4131776,9.85214,2.1296425
27040,1436609137221,1.3976152,9.897031,2.1404164
27041,1436609137237,1.3976152,9.94312,2.1188686
27042,1436609137259,1.4371196,9.909601,2.1039047
27043,1436609137279,1.4544775,9.929952,2.130241
27044,1436609137299,1.4041992,9.892242,2.12246
27045,1436609137319,1.3796587,9.898229,2.0853498
27046,1436609137339,1.3317747,9.922769,2.0644004
27047,1436609137359,1.3359646,9.917382,2.0991163
27048,1436609137379,1.323395,9.913192,2.123657
27049,1436609137399,1.2791022,9.932345,2.15957
27050,1436609137419,1.216853,9.948506,2.171541
27051,1436609137439,1.1546037,9.991004,2.1039047
27052,1436609137457,1.1468226,10.02153,2.110489
27053,1436609137479,1.1324574,9.998785,2.1559787
27054,1436609137499,1.1486182,9.991004,2.1547816
27055,1436609137518,1.1558008,9.948506,2.1260512
27056,1436609137538,1.1719618,9.931149,2.0799627
27057,1436609137559,1.1653777,9.871294,2.0536265
27058,1436609137579,1.1575965,9.909601,2.059612
27059,1436609137599,1.1115081,9.908403,2.0757728
27060,1436609137619,1.086369,9.950901,2.030283
27061,1436609137639,1.1067197,10.002377,2.0452468
27062,1436609137670,1.1468226,9.966463,2.0787656
27063,1436609137677,1.1803415,9.93474,2.098518
27064,1436609137697,1.1605892,9.904214,2.0913353
27065,1436609137720,1.1133038,9.909002,2.0380642
27066,1436609137783,1.0815806,9.968858,2.005144
27067,1436609137784,1.0726024,9.998785,2.0368671
27068,1436609137785,1.0594343,10.033501,2.087744
27069,1436609137796,1.0223241,10.049063,2.1625626
27070,1436609137842,0.99658644,10.072407,2.1045034
27071,1436609137843,0.9720459,10.095152,2.0398598
27072,1436609137856,0.96187055,10.039486,2.0009542
27073,1436609137879,0.9498995,10.033501,2.0147207
27074,1436609137896,0.9343372,10.03769,2.0374656
27075,1436609137932,0.931943,9.986814,2.0721815
27076,1436609137944,0.95947635,10.040085,2.0727801
27077,1436609137956,0.98820674,10.053253,2.1338322
27078,1436609137976,1.0061632,10.03769,2.1380222
27079,1436609137997,0.9756372,10.046669,2.1823149
27080,1436609138018,0.90500826,9.999383,2.1763294
27081,1436609138043,0.8523358,9.972448,2.1410148
27082,1436609138058,0.89303726,9.9550905,2.1110873
27083,1436609138077,0.97144735,9.882666,2.11827
27084,1436609138098,1.0366893,9.882666,2.1338322
27085,1436609138117,1.1013328,9.905411,2.1176715
27086,1436609138137,1.163582,9.964667,2.1140802
27087,1436609138160,1.2258313,9.99639,2.1631613
27088,1436609138178,1.2791022,10.005967,2.1655555
27089,1436609138199,1.3060371,9.960478,2.167351
27090,1436609138219,1.2737153,9.941922,2.1260512
27091,1436609138239,1.2096704,9.930551,2.1057005
27092,1436609138259,1.1168951,9.941922,2.0961237
27093,1436609138280,1.0319009,9.921572,2.1230583
27094,1436609138299,1.0055647,9.915586,2.1134815
27095,1436609138320,1.0324994,9.97185,2.1176715
27096,1436609138339,1.0911574,9.941922,2.107496
27097,1436609138359,1.1857284,9.947908,2.106299
27098,1436609138379,1.2264298,9.915586,2.0745757
27099,1436609138399,1.271321,9.880871,2.082357
27100,1436609138418,1.3401544,9.908403,2.0751743
27101,1436609138499,1.3724761,9.945514,2.0727801
27102,1436609138500,1.3850456,9.955689,2.0536265
27103,1436609138501,1.4000094,9.9233675,2.088941
27104,1436609138502,1.4197617,9.913791,2.1068976
27105,1436609138518,1.3946224,9.957485,2.0907366
27106,1436609138539,1.3269863,9.973047,2.0871453
27107,1436609138557,1.271321,9.988011,2.0811598
27108,1436609138577,1.2312182,10.01734,2.0829554
27109,1436609138600,1.1510124,10.043077,2.1003134
27110,1436609138619,1.0845734,10.031705,2.0961237
27111,1436609138638,1.0271125,9.929952,2.1374235
27112,1436609138659,0.99658644,9.921572,2.15957
27113,1436609138680,0.97144735,9.865308,2.146402
27114,1436609138698,1.0067618,9.888053,2.1098902
27115,1436609138720,1.0648212,9.96766,2.1068976
27116,1436609138740,1.0947487,9.932345,2.1984756
27117,1436609138760,1.0947487,9.928156,2.1888988
27118,1436609138780,1.0342951,9.942521,2.2014685
27119,1436609138800,1.0283096,9.974244,2.178125
27120,1436609138820,0.9888053,10.016143,2.144606
27121,1436609138840,0.9672575,10.002377,2.1643584
27122,1436609138859,0.9331401,9.980828,2.2110453
27123,1436609138881,0.89064306,10.016742,2.1763294
27124,1436609138898,0.8870517,10.002377,2.1601684
27125,1436609138920,0.8607155,9.939528,2.1883004
27126,1436609138938,0.85772276,9.941324,2.207454
27127,1436609138958,0.82480246,9.921572,2.203264
27128,1436609138978,0.7763199,9.877877,2.1829133
27129,1436609139002,0.7206547,9.910798,2.1763294
27130,1436609139022,0.7074866,9.87668,2.1505916
27131,1436609139038,0.7356185,9.922769,2.1823149
27132,1436609139060,0.789488,9.920973,2.243367
27133,1436609139082,0.8451532,10.024523,2.2457612
27134,1436609139102,0.8936358,10.015544,2.2421699
27135,1436609139122,0.9187749,9.991004,2.2655134
27136,1436609139137,0.89064306,9.960478,2.2709002
27137,1436609139161,0.8619126,9.922171,2.232593
27138,1436609139204,0.8086416,9.949704,2.1871033
27139,1436609139205,0.7787141,9.959281,2.1918917
27140,1436609139225,0.8265981,9.938332,2.2571337
27141,1436609139239,0.80804306,9.93893,2.2272062
27142,1436609139260,0.7769185,9.921572,2.2212207
27143,1436609139279,0.724246,9.903017,2.1978772
27144,1436609139298,0.7020996,9.941922,2.1559787
27145,1436609139320,0.7038953,9.978435,2.1440077
27146,1436609139339,0.6991069,10.000581,2.178125
27147,1436609139359,0.736217,10.086772,2.2343888
27148,1436609139378,0.7140707,10.119094,2.2337902
27149,1436609139400,0.7080852,10.06283,2.2409728
27150,1436609139419,0.7823054,10.136452,2.1823149
27151,1436609139440,0.7882909,10.018537,2.328361
27152,1436609139461,0.7649474,10.21127,2.2619221
27153,1436609139480,0.7858967,10.26514,2.268506
27154,1436609139500,0.5931635,10.241198,2.2942438
27155,1436609139520,0.46387658,10.259753,2.1146786
27156,1436609139540,0.516549,10.201694,2.0392613
27157,1436609139559,0.53929394,10.113108,2.0763714
27158,1436609139579,0.5482722,10.180145,2.130241
27159,1436609139601,0.5279215,10.125079,2.2547395
27160,1436609139620,0.5279215,10.07121,2.3906105
27161,1436609139640,0.5327099,10.001778,2.5270798
27162,1436609139659,0.54767364,9.916783,2.6007016
27163,1436609139679,0.6194997,9.824008,2.6629508
27164,1436609139699,0.6356605,9.677363,2.6515784
27165,1436609139722,0.6979098,9.526528,2.6982653
27166,1436609139742,0.7978677,9.321226,2.6473885
27167,1436609139762,0.92895025,9.15423,2.5905263
27168,1436609139781,0.93972415,9.026739,2.5911248
27169,1436609139800,1.0576386,8.954314,2.6366146
27170,1436609139819,1.3634979,8.952518,2.5683799
27171,1436609139840,1.6089035,8.948329,2.5779567
27172,1436609139859,1.7902644,9.114726,2.4720132
27173,1436609139880,1.8405426,9.36073,2.408567
27174,1436609139927,1.7351977,9.572019,2.3289597
27175,1436609139928,1.4987702,9.797672,2.2888567
27176,1436609139946,1.1534066,9.982025,2.2319946
27177,1436609139959,0.83258367,10.122087,2.131438
27178,1436609139982,0.5781997,10.168773,2.1134815
27179,1436609139998,0.338181,10.270527,2.098518
27180,1436609140019,0.1933318,10.342952,1.9997569
27181,1436609140039,0.2136825,10.336966,1.8818425
27182,1436609140063,0.32800564,10.444106,1.7681179
27183,1436609140078,0.46088383,10.576984,1.6819267
27184,1436609140101,0.65541273,10.737396,1.7160441
27185,1436609140121,0.8038532,10.781689,1.8471266
27186,1436609140140,0.87927055,10.8152075,1.9141643
27187,1436609140160,0.9756372,10.804434,1.9512744
27188,1436609140180,1.0235212,10.685921,1.9470845
27189,1436609140200,1.0486604,10.535086,1.903989
27190,1436609140220,1.073201,10.428544,1.8596961
27191,1436609140240,1.0187328,10.290877,1.8537107
27192,1436609140260,1.0313023,10.198102,1.8070238
27193,1436609140280,1.0833763,10.196905,1.7417817
27194,1436609140301,1.1300632,10.244789,1.7369933
27195,1436609140321,1.204882,10.330381,1.6843209
27196,1436609140339,1.2665327,10.264542,1.6567876
27197,1436609140361,1.3706805,10.21546,1.6310499
27198,1436609140378,1.4287399,10.1861315,1.6436194
27199,1436609140398,1.4981717,10.232818,1.6663644
27200,1436609140422,1.5089456,10.290877,1.6603789
27201,1436609140440,1.4580688,10.390836,1.733402
27202,1436609140461,1.400608,10.556035,1.8231846
27203,1436609140480,1.2797008,10.714052,1.9321208
27204,1436609140502,1.1073183,11.043854,1.8716671
27205,1436609140521,0.92296475,11.275493,1.8896236
27206,1436609140541,0.676362,11.247361,2.046444
27207,1436609140561,0.46866497,11.034876,2.1547816
27208,1436609140582,0.39384618,10.651803,2.1703439
27209,1436609140607,0.3609259,10.378265,2.1523874
27210,1436609140671,0.36631286,10.231621,2.295441
27211,1436609140672,0.4985925,10.189722,2.432509
27212,1436609140673,0.8074445,9.944916,2.4372973
27213,1436609140679,1.2773066,9.592968,2.3361423
27214,1436609140701,1.845331,9.370906,2.3971944
27215,1436609140721,2.2146366,9.2069025,2.6809072
27216,1436609140739,2.3247697,9.11293,2.8790276
27217,1436609140760,2.1978772,9.133281,2.8383262
27218,1436609140779,1.9973627,8.987235,2.813187
27219,1436609140803,1.9422961,8.620922,2.8281507
27220,1436609140823,2.059612,8.32404,2.907758
27221,1436609140840,2.183512,8.245032,3.0262709
27222,1436609140860,2.3349452,8.196549,3.1681273
27223,1436609140882,2.373851,8.103176,3.2231941
27224,1436609140902,2.3517046,8.14268,3.3129766
27225,1436609140919,2.223615,8.373122,3.405752
27226,1436609140940,2.054225,8.558074,3.4093432
27227,1436609140961,1.9536686,8.754398,3.4566288
27228,1436609140980,1.91596,8.870518,3.4434607
27229,1436609141000,1.8513165,8.863335,3.3560722
27230,1436609141022,1.7465701,8.802881,3.229778
27231,1436609141042,1.7100586,8.954913,3.115455
27232,1436609141067,1.6986861,9.063849,3.0490158
27233,1436609141082,1.7064673,9.04709,2.9741971
27234,1436609141110,1.7782934,9.107543,2.822764
27235,1436609141126,1.8112136,9.258977,2.7623103
27236,1436609141140,1.8405426,9.457695,2.7126305
27237,1436609141160,1.8273745,9.694122,2.710835
27238,1436609141180,1.7537527,9.825205,2.7682958
27239,1436609141200,1.7154455,9.883265,2.681506
27240,1436609141219,1.6519991,9.946711,2.542642
27241,1436609141242,1.6657659,10.075399,2.4349031
27242,1436609141261,1.7393875,10.172364,2.392406
27243,1436609141281,1.8381484,10.234613,2.3654714
27244,1436609141301,1.8794483,10.278907,2.3762453
27245,1436609141324,1.821389,10.298658,2.2619221
27246,1436609141375,1.6699557,10.220248,2.1051018
27247,1436609141376,1.5771804,10.280104,1.9710265
27248,1436609141380,1.508347,10.399814,1.9554642
27249,1436609141400,1.453879,10.432734,1.9841946
27250,1436609141421,1.4257472,10.46745,1.9632454
27251,1436609141442,1.4562732,10.450092,1.9315223
27252,1436609141460,1.5711949,10.501567,1.9177556
27253,1436609141480,1.6717514,10.476428,1.9231426
27254,1436609141500,1.7058687,10.453085,1.8848352
27255,1436609141522,1.6478093,10.411784,1.8806454
27256,1436609141547,1.5741876,10.362105,1.9003977
27257,1436609141560,1.4335283,10.244789,1.8962077
27258,1436609141637,1.2773066,10.162787,1.8435353
27259,1436609141638,1.1294646,10.113707,1.8088194
27260,1436609141639,1.0720038,10.044274,1.8369513
27261,1436609141640,1.0450691,10.035895,1.934515
27262,1436609141660,1.0109516,10.085575,2.0254946
27263,1436609141681,0.93254155,10.155605,2.0787656
27264,1436609141701,0.88525605,10.216059,2.0332758
27265,1436609141723,0.908001,10.257957,1.934515
27266,1436609141742,0.9959879,10.11251,1.9764135
27267,1436609141761,1.0971429,10.017939,2.0853498
27268,1436609141809,1.1474211,9.997588,2.136825
27269,1436609141810,1.2132617,9.914988,2.1470003
27270,1436609141833,1.2372037,9.8515415,2.154183
27271,1436609141848,1.2617443,9.84795,2.1260512
27272,1436609141860,1.2443863,9.864111,2.1404164
27273,1436609141880,1.1216835,9.872491,2.156577
27274,1436609141900,1.0456676,9.867104,2.134431
27275,1436609141920,1.0552444,9.901819,2.110489
27276,1436609141940,1.0378864,9.961076,2.1571758
27277,1436609141961,1.0450691,10.042479,2.184709
27278,1436609141982,1.0313023,10.081984,2.2942438
27279,1436609142000,0.98581254,10.12448,2.3702598
27280,1436609142020,0.83617496,10.063428,2.3995886
27281,1436609142041,0.7158663,10.010756,2.3798366
27282,1436609142060,0.6691794,9.898229,2.3223755
27283,1436609142302,0.676362,9.812037,2.2272062
27284,1436609142303,0.7308301,9.758766,2.2122424
27285,1436609142304,0.7799112,9.798869,2.204461
27286,1436609142305,0.8343793,9.854534,2.236783
27287,1436609142306,0.87208796,9.838972,2.2780828
27288,1436609142307,0.94092125,9.848549,2.3050177
27289,1436609142308,0.99538934,9.9473095,2.27928
27290,1436609142309,1.0432734,9.970055,2.256535
27291,1436609142313,1.0696096,9.861118,2.3038206
27292,1436609142314,1.0534488,9.774328,2.2840683
27293,1436609142315,1.0648212,9.794081,2.2337902
27294,1436609142316,0.99898064,9.76535,2.19249
27295,1436609142322,0.9660604,9.786898,2.1511903
27296,1436609142341,0.8924387,9.808446,2.1589713
27297,1436609142361,0.87328506,9.803658,2.1583729
27298,1436609142381,0.9115923,9.803658,2.2068555
27299,1436609142401,0.9888053,9.816227,2.247557
27300,1436609142421,1.0414777,9.824607,2.272696
27301,1436609142441,1.0642227,9.848549,2.2661119
27302,1436609142461,1.0127473,9.935339,2.1212628
27303,1436609142483,1.003769,9.938332,2.0494366
27304,1436609142504,0.9864111,9.916783,2.0667946
27305,1436609142524,0.95947635,9.9473095,2.2319946
27306,1436609142544,0.93373865,10.027515,2.415151
27307,1436609142561,0.830788,10.200497,2.4331074
27308,1436609142583,0.59615624,10.374675,2.409764
27309,1436609142605,0.41060558,10.286688,2.3666685
27310,1436609142622,0.32680854,10.105926,2.2828712
27311,1436609142640,0.3489549,9.949105,2.2200236
27312,1436609142662,0.4405331,9.922171,2.1589713
27313,1436609142681,0.5859809,9.959879,2.0632033
27314,1436609142702,0.75357497,9.985018,2.0691888
27315,1436609142721,0.87448215,9.938332,2.179322
27316,1436609142744,0.9504981,9.952697,2.28347
27317,1436609142763,1.0007763,9.951499,2.3349452
27318,1436609142783,1.0301052,9.965266,2.297835
27319,1436609142805,1.0253168,9.999383,2.2906525
27320,1436609142822,0.9888053,10.004171,2.2732944
27321,1436609142841,0.94451255,10.011953,2.2918496
27322,1436609142861,0.86011696,10.019135,2.3361423
27323,1436609142884,0.7392098,10.076596,2.2870612
27324,1436609142901,0.6428431,10.007763,2.2816741
27325,1436609142929,0.64583594,9.950901,2.2391772
27326,1436609142944,0.7015011,9.905411,2.243367
27327,1436609142960,0.7763199,9.876082,2.2385786
27328,1436609142980,0.8643068,9.913192,2.1787236
27329,1436609143001,0.9540894,9.903615,2.1529858
27330,1436609143022,1.0289081,9.874287,2.1703439
27331,1436609143043,1.0516531,9.85633,2.2170308
27332,1436609143062,1.0061632,9.846753,2.2134395
27333,1436609143083,0.92535895,9.873688,2.1871033
27334,1436609143101,0.90859956,9.960478,2.1787236
27335,1436609143124,0.89902276,10.005967,2.1990743
27336,1436609143142,0.9020155,10.026319,2.2403743
27337,1436609143164,0.9115923,10.061034,2.2780828
27338,1436609143184,0.8972271,10.048465,2.2894554
27339,1436609143205,0.88765025,10.081385,2.3068132
27340,1436609143225,0.8798691,10.070012,2.2948422
27341,1436609143245,0.8607155,9.986216,2.2828712
27342,1436609143262,0.8242039,9.898229,2.2361844
27343,1436609143285,0.8218097,9.818622,2.231396
27344,1436609143303,0.86729956,9.834782,2.2056582
27345,1436609143326,0.93373865,9.89344,2.148796
27346,1436609143345,1.0253168,9.994595,2.1757307
27347,1436609143365,1.0702082,9.998186,2.219425
27348,1436609143386,1.0755951,9.97604,2.2852654
27349,1436609143405,0.99060094,9.9712515,2.2703018
27350,1436609143424,0.9283517,9.97185,2.2158337
27351,1436609143445,0.8535329,9.956886,2.204461
27352,1436609143464,0.79367787,9.992201,2.168548
27353,1436609143485,0.7649474,10.007165,2.2421699
27354,1436609143503,0.7128736,10.011953,2.2056582
27355,1436609143525,0.6500258,10.019135,2.2278047
27356,1436609143543,0.59615624,10.022128,2.168548
27357,1436609143571,0.6368576,9.982025,2.207454
27358,1436609143624,0.670975,9.950901,2.2427685
27359,1436609143625,0.6584055,9.939528,2.2451627
27360,1436609143626,0.6619968,9.958682,2.248754
27361,1436609143645,0.6003461,9.990405,2.2349873
27362,1436609143664,0.5542577,10.000581,2.2337902
27363,1436609143682,0.54527944,10.033501,2.2122424
27364,1436609143702,0.52492875,10.016143,2.2385786
27365,1436609143722,0.59256494,9.999982,2.2403743
27366,1436609143743,0.62488663,9.9790325,2.2613235
27367,1436609143764,0.6476316,10.01315,2.2331917
27368,1436609143784,0.6799533,10.004171,2.2331917
27369,1436609143803,0.6488287,10.004171,2.2643163
27370,1436609143828,0.58418524,9.975441,2.295441
27371,1436609143845,0.49081135,9.946711,2.2679076
27372,1436609143866,0.42437226,10.018537,2.2080526
27373,1436609143884,0.40940848,10.029311,2.212841
27374,1436609143905,0.4141969,10.047267,2.1942859
27375,1436609143926,0.4914099,10.03769,2.2050598
27376,1436609143945,0.61052144,9.9928,2.256535
27377,1436609143966,0.705691,9.926959,2.2936451
27378,1436609143985,0.777517,9.925761,2.2463598
27379,1436609144005,0.7517793,10.052056,2.2062569
27380,1436609144031,0.688333,10.078991,2.2876596
27381,1436609144044,0.5883751,10.084377,2.3678656
27382,1436609144067,0.4225766,10.01315,2.429516
27383,1436609144085,0.22744916,9.961675,2.429516
27384,1436609144109,0.1352724,9.961076,2.3882163
27385,1436609144126,0.11611878,10.009559,2.3505075
27386,1436609144146,0.15562311,10.059238,2.3247697
27387,1436609144166,0.25977087,10.036493,2.3427265
27388,1436609144186,0.3824737,9.996989,2.3409307
27389,1436609144206,0.492607,9.96347,2.3439236
27390,1436609144225,0.5770026,9.935339,2.3277626
27391,1436609144244,0.61411273,9.929952,2.3373394
27392,1436609144264,0.6302736,9.929952,2.349909
27393,1436609144285,0.6380547,9.913192,2.344522
27394,1436609144306,0.635062,9.911995,2.4157495
27395,1436609144375,0.62847793,9.932944,2.4486697
27396,1436609144376,0.58897364,9.894637,2.4702177
27397,1436609144377,0.56982,9.873688,2.456451
27398,1436609144384,0.5710171,9.793482,2.417545
27399,1436609144411,0.5883751,9.76116,2.3439236
27400,1436609144424,0.60453594,9.791088,2.2720973
27401,1436609144443,0.6290765,9.807847,2.3343468
27402,1436609144466,0.6889315,9.849746,2.3289597
27403,1436609144483,0.7697359,9.855731,2.332551
27404,1436609144504,0.8571242,9.877279,2.333748
27405,1436609144524,0.8972271,9.978435,2.3451207
27406,1436609144547,0.90500826,10.065823,2.285864
27407,1436609144563,0.8888474,10.09575,2.243367
27408,1436609144586,0.9235633,10.053851,2.3133974
27409,1436609144606,0.93254155,9.946711,2.356493
27410,1436609144626,0.90859956,9.939528,2.3594859
27411,1436609144647,0.8439561,9.925761,2.3223755
27412,1436609144666,0.7930793,10.001778,2.2254105
27413,1436609144686,0.7870938,10.005369,2.2254105
27414,1436609144706,0.78888947,9.974244,2.2936451
27415,1436609144726,0.76195467,9.926959,2.2888567
27416,1436609144746,0.7613561,9.939528,2.259528
27417,1436609144763,0.8170213,9.981427,2.2080526
27418,1436609144786,0.92535895,9.986216,2.2200236
27419,1436609144807,1.0079589,9.9790325,2.2457612
27420,1436609144826,1.0163386,9.935937,2.3056161
27421,1436609144846,0.9696517,9.973646,2.2547395
27422,1436609144872,0.94570965,9.866506,2.2068555
27423,1436609144886,0.89603,9.835979,2.1877017
27424,1436609144906,0.85652566,9.849746,2.178125
27425,1436609144926,0.79966336,9.904214,2.2104468
27426,1436609144948,0.75237787,9.950901,2.2457612
27427,1436609144967,0.6853402,10.027515,2.1960814
27428,1436609144987,0.6823475,10.049662,2.1703439
27429,1436609145006,0.729633,10.052056,2.146402
27430,1436609145127,0.7799112,10.068216,2.1883004
27431,1436609145128,0.81402856,10.035296,2.231396
27432,1436609145129,0.79846627,10.084976,2.171541
27433,1436609145130,0.8391677,10.030508,2.112883
27434,1436609145131,0.9223662,10.010158,2.0805612
27435,1436609145132,1.043872,10.059837,2.106299
27436,1436609145153,1.1025299,10.076596,2.1362264
27437,1436609145166,1.1300632,10.105327,2.1027076
27438,1436609145184,1.1306617,10.055647,2.130241
27439,1436609145203,1.0600328,9.960478,2.183512
27440,1436609145227,0.97264445,9.98442,2.0967221
27441,1436609145243,0.8762778,9.950901,2.1284454
27442,1436609145264,0.830788,9.91439,2.178125
27443,1436609145284,0.80445176,9.8994255,2.2780828
27444,1436609145308,0.7906851,9.89344,2.2631192
27445,1436609145325,0.8146271,9.924564,2.2062569
27446,1436609145347,0.8936358,10.001778,2.1511903
27447,1436609145367,0.99179804,10.034698,2.1619642
27448,1436609145387,1.027711,10.030508,2.203264
27449,1436609145407,1.0283096,9.958682,2.2296004
27450,1436609145427,1.0426749,9.877279,2.235586
27451,1436609145447,1.0301052,9.870695,2.2122424
27452,1436609145467,1.0181342,9.931747,2.1691468
27453,1436609145487,0.9804256,9.891046,2.1559787
27454,1436609145506,0.9295488,9.916783,2.223615
27455,1436609145525,0.9175778,9.927557,2.2613235
27456,1436609145544,0.9498995,9.828198,2.291251
27457,1436609145567,0.9211691,9.978435,2.2637177
27458,1436609145587,0.92535895,10.058042,2.2888567
27459,1436609145607,0.8738836,10.028113,2.2780828
27460,1436609145627,0.8170213,9.970055,2.2750902
27461,1436609145647,0.7410054,9.8683,2.2134395
27462,1436609145667,0.7182605,9.846753,2.086547
27463,1436609145687,0.7404069,9.931149,1.9835961
27464,1436609145707,0.8242039,9.9928,1.965041
27465,1436609145727,0.9780314,9.991004,2.0219033
27466,1436609145745,1.1061212,9.986216,2.1200657
27467,1436609145766,1.1851299,10.0341,2.1068976
27468,1436609145786,1.2503718,10.020332,2.0721815
27469,1436609145804,1.2228385,10.052654,2.0458453
27470,1436609145877,1.1510124,10.08318,2.12246
27471,1436609145878,1.0426749,10.105926,2.156577
27472,1436609145879,0.9498995,10.149619,2.1751323
27473,1436609145887,0.8619126,10.105926,2.190096
27474,1436609145906,0.78888947,10.0903635,2.190096
27475,1436609145926,0.6979098,10.065224,2.190096
27476,1436609145944,0.6871359,10.031107,2.156577
27477,1436609145969,0.7433996,9.904813,2.1547816
27478,1436609145986,0.80684596,9.886257,2.1745336
27479,1436609146005,0.85413146,9.879075,2.168548
27480,1436609146029,0.94451255,9.898229,2.106299
27481,1436609146046,1.009156,9.937733,2.0919337
27482,1436609146066,1.0115502,9.969456,2.1386206
27483,1436609146092,1.003769,9.989208,2.1505916
27484,1436609146108,0.973243,9.962872,2.1428106
27485,1436609146125,0.99299514,9.987412,2.1440077
27486,1436609146148,1.0283096,9.973047,2.1481974
27487,1436609146167,1.062427,9.933543,2.1811178
27488,1436609146188,1.0372878,9.924564,2.183512
27489,1436609146208,1.0019734,9.985018,2.112883
27490,1436609146228,1.0001777,9.98442,2.0721815
27491,1436609146247,1.0127473,9.982624,2.0859482
27492,1436609146268,1.0522517,10.029909,2.0548236
27493,1436609146285,1.0672154,10.003573,2.0536265
27494,1436609146307,1.110311,10.010756,2.0440497
27495,1436609146327,1.1258733,9.983223,2.022502
27496,1436609146348,1.1001357,9.946113,2.011728
27497,1436609146367,1.0259154,9.909002,2.0709844
27498,1436609146388,0.9756372,9.8754835,2.0967221
27499,1436609146408,0.9504981,9.911995,2.0979192
27500,1436609146428,0.96187055,10.04607,2.0368671
27501,1436609146446,0.99898064,10.078392,2.0452468
27502,1436609146468,1.0654198,10.078392,2.1015105
27503,1436609146489,1.0660183,10.080787,2.1080947
27504,1436609146509,1.0336965,10.056246,2.0644004
27505,1436609146528,1.0480618,10.068216,2.0290859
27506,1436609146549,1.0588357,9.940725,2.0248961
27507,1436609146619,1.0528502,9.935937,2.0398598
27508,1436609146620,1.039682,9.967062,2.0578163
27509,1436609146621,1.0642227,9.952098,2.0913353
27510,1436609146628,1.1683705,10.001179,2.0530279
27511,1436609146677,1.2144588,10.06283,2.054225
27512,1436609146678,1.2413936,10.084976,1.9782091
27513,1436609146729,1.292869,10.058042,1.9632454
27514,1436609146730,1.2641385,9.979631,2.059612
27515,1436609146731,1.2240356,9.956886,2.1051018
27516,1436609146746,1.115698,9.938332,2.082357
27517,1436609148065,1.0247183,9.931747,1.9877859
27518,1436609148066,1.0468647,9.992201,1.963844
27519,1436609148067,1.0905589,9.957485,2.0380642
27520,1436609148068,1.1300632,10.032304,2.0266917
27521,1436609148069,1.1540052,10.094553,2.0326772
27522,1436609148070,1.1815386,10.047866,2.0530279
27523,1436609148071,1.2132617,9.982624,2.0811598
27524,1436609148072,1.2431892,9.927557,2.088941
27525,1436609148073,1.2725182,9.860519,2.0159178
27526,1436609148074,1.3623008,9.807249,2.0500352
27527,1436609148075,1.4646529,9.8515415,2.0691888
27528,1436609148076,1.5011644,9.832388,2.1098902
27529,1436609148077,1.4616601,9.877279,2.146402
27530,1436609148078,1.3078327,9.9928,2.134431
27531,1436609148079,1.1025299,10.19092,2.0015526
27532,1436609148080,0.93254155,10.115502,1.9189527
27533,1436609148081,1.1210849,9.888652,1.8411411
27534,1436609148082,1.6771383,9.779716,1.8477252
27535,1436609148083,2.1003134,9.926959,1.9057846
27536,1436609148084,2.0763714,9.992201,2.1033063
27537,1436609148085,1.8375498,9.928156,2.2242134
27538,1436609148086,1.5819688,9.88506,2.1206641
27539,1436609148087,1.198298,9.975441,2.047641
27540,1436609148088,0.7493851,10.153211,2.0452468
27541,1436609148089,0.3705027,10.237606,2.0021513
27542,1436609148090,0.26036942,10.089765,1.9428947
27543,1436609148091,0.48482585,9.894637,1.910573
27544,1436609148092,0.9271546,9.861717,1.8782512
27545,1436609148093,1.2946646,9.891046,1.9069817
27546,1436609148094,1.5382746,9.842564,2.0129251
27547,1436609148095,1.6579847,9.882666,2.1200657
27548,1436609148096,1.7124528,9.900024,2.1320367
27549,1436609148097,1.6651673,9.973047,2.1086931
27550,1436609148098,1.6160861,10.029909,2.079364
27551,1436609148099,1.4700398,10.089765,2.0739772
27552,1436609148100,1.3132197,10.062231,2.066196
27553,1436609148101,1.2545617,10.009559,1.946486
27554,1436609148102,1.353921,9.929952,1.8381484
27555,1436609148103,1.5592239,9.881469,1.941099
27556,1436609148104,1.7375919,9.7863,2.019509
27557,1436609148105,1.9147629,9.675568,2.0775685
27558,1436609148106,2.123657,9.622895,2.0805612
27559,1436609148107,2.3427265,9.658808,2.067393
27560,1436609148108,2.44029,9.75697,2.0039468
27561,1436609148109,2.4594438,9.824607,2.070386
27562,1436609148110,2.4516625,9.904214,2.0697873
27563,1436609148111,2.3959973,9.871892,2.1470003
27564,1436609148112,2.2391772,9.898229,2.1290438
27565,1436609148113,2.0296845,10.0987425,2.1039047
27566,1436609148114,1.8022354,10.149021,2.0266917
27567,1436609148115,1.6244658,10.018537,2.0691888
27568,1436609148116,1.4107834,9.986216,2.0386627
27569,1436609148117,1.1833342,9.99639,1.9841946
27570,1436609148118,0.97384155,9.981427,1.8058267
27571,1436609148119,0.82001406,9.898229,1.7160441
27572,1436609148120,0.85772276,9.799467,1.6944963
27573,1436609148121,1.0576386,9.80665,1.6711528
27574,1436609148122,1.3012487,9.825205,1.751957
27575,1436609148123,1.4514848,9.808446,1.8764555
27576,1436609148124,1.5490485,9.888053,2.010531
27577,1436609148125,1.4460979,9.960478,2.0817583
27578,1436609148126,1.2126632,10.143036,2.0380642
27579,1436609148127,0.95947635,10.187328,1.9692309
27580,1436609148128,0.82779527,10.185533,1.9668367
27581,1436609148129,0.7858967,10.199898,2.0380642
27582,1436609148130,0.84934306,10.115502,2.1045034
27583,1436609148131,0.87807345,10.088568,2.0386627
27584,1436609148132,0.90740246,10.052056,1.9859903
27585,1436609148133,0.8834604,10.026319,1.9554642
27586,1436609148145,0.79966336,10.04607,1.8626889
27587,1436609148165,0.75118077,10.110714,1.7914615
27588,1436609148185,0.7356185,10.067019,1.7687165
27589,1436609148205,0.83976626,10.168175,1.7878702
27590,1436609148225,0.9660604,10.223241,1.887828
27591,1436609148245,1.1091139,10.261548,2.0039468
27592,1436609148265,1.1773487,10.258555,2.1547816
27593,1436609148285,1.1258733,10.199299,2.3199813
27594,1436609148305,0.9564836,10.131064,2.3546975
27595,1436609148325,0.75477207,9.983821,2.295441
27596,1436609148348,0.5919664,9.803658,2.1601684
27597,1436609148366,0.581791,9.631873,2.0649989
27598,1436609148390,0.75477207,9.491813,2.011728
27599,1436609148407,0.99179804,9.412206,1.9913772
27600,1436609148427,1.2401965,9.361329,1.9674352
27601,1436609148447,1.4891934,9.393052,1.9853917
27602,1436609148469,1.7274165,9.546281,1.9746178
27603,1436609148490,1.8674773,9.663596,1.9656396
27604,1436609148510,1.9794062,9.821015,1.9883845
27605,1436609148530,1.9901801,9.912594,2.0242975
27606,1436609148547,1.9686323,9.949704,2.0757728
27607,1436609148568,1.8710686,9.928156,2.0260932
27608,1436609148587,1.7788919,9.900024,1.9488802
27609,1436609148608,1.6980876,9.927557,1.7830818
27610,1436609148642,1.614889,9.926959,1.6962919
27611,1436609148647,1.6124948,9.944317,1.6519991
27612,1436609148667,1.6262615,10.04607,1.6172832
27613,1436609148687,1.6537948,10.131663,1.6250644
27614,1436609148711,1.6537948,10.132261,1.7142484
27615,1436609148727,1.6603789,10.156802,1.7615339
27616,1436609148747,1.6130934,10.118495,1.7669208
27617,1436609148768,1.5891514,10.028712,1.7256209
27618,1436609148788,1.6232687,9.956886,1.6968905
27619,1436609148808,1.6843209,9.898229,1.5945383
27620,1436609148830,1.6927006,9.887454,1.5616181
27621,1436609148851,1.7423803,9.88506,1.4598645
27622,1436609148869,1.8046296,9.924564,1.4437037
27623,1436609148888,1.9123687,10.030508,1.4383167
27624,1436609148910,1.9919758,10.029909,1.4951789
27625,1436609148930,2.0973208,10.136452,1.4568717
27626,1436609148950,2.2002714,10.1699705,1.484405
27627,1436609148970,2.32058,10.116699,1.496376
27628,1436609148990,2.3989902,10.126875,1.4826094
27629,1436609149010,2.3894134,10.142437,1.4879963
27630,1436609149029,2.3427265,10.115502,1.4736311
27631,1436609149047,2.255338,10.125677,1.4478935
27632,1436609149069,2.0937295,10.1161,1.429937
27633,1436609149094,1.9153614,10.036493,1.38325
27634,1436609149110,1.8285716,10.029909,1.3557167
27635,1436609149127,1.7842789,9.935937,1.3664906
27636,1436609149150,1.8046296,10.0269165,1.4059949
27637,1436609149169,1.8908207,10.119692,1.5059528
27638,1436609149190,1.963844,10.10413,1.5693992
27639,1436609149209,1.9991584,10.155605,1.6496049
27640,1436609149229,1.958457,10.155006,1.6944963
27641,1436609149250,1.8513165,10.131064,1.6543933
27642,1436609149267,1.7220296,10.093954,1.6537948
27643,1436609149296,1.6112977,10.1544075,1.6765398
27644,1436609149342,1.5352819,10.167576,1.6950948
27645,1436609149343,1.5059528,10.128072,1.7531542
27646,1436609149350,1.5346833,10.041282,1.7824832
27647,1436609149367,1.5370775,9.9951935,1.8375498
27648,1436609149391,1.4760253,10.052654,1.8525136
27649,1436609149412,1.3844471,10.04607,1.8483237
27650,1436609149427,1.3162124,9.993997,1.8010383
27651,1436609149448,1.2946646,9.986814,1.8716671
27652,1436609149470,1.2886791,9.994595,1.9554642
27653,1436609149489,1.2785037,9.949704,1.977012
27654,1436609149509,1.2791022,9.974244,1.9961656
27655,1436609149529,1.2563573,9.9473095,2.0242975
27656,1436609149551,1.2354081,9.951499,2.070386
27657,1436609149571,1.2210429,9.968259,2.107496
27658,1436609149594,1.1761516,9.911396,2.1643584
27659,1436609149609,1.1408371,9.850943,2.1721394
27660,1436609149630,1.1450269,9.820416,2.1709423
27661,1436609149650,1.1755531,9.76954,2.1942859
27662,1436609149670,1.1707647,9.777321,2.2218192
27663,1436609149691,1.1558008,9.772532,2.2146366
27664,1436609149711,1.1091139,9.838972,2.2038627
27665,1436609149731,1.0839748,9.844957,2.2038627
27666,1436609149749,1.0953473,9.849147,2.2583308
27667,1436609149771,1.0450691,9.84795,2.3624785
27668,1436609149791,0.9828198,9.816826,2.3971944
27669,1436609149809,0.9151836,9.835381,2.3624785
27670,1436609149830,0.86370826,9.829993,2.3546975
27671,1436609149849,0.82360536,9.749788,2.372654
27672,1436609149872,0.7930793,9.711481,2.4145525
27673,1436609149896,0.7422025,9.745598,2.4037786
27674,1436609149912,0.7314286,9.786898,2.3654714
27675,1436609149931,0.74519527,9.82341,2.3756466
27676,1436609149949,0.7870938,9.859921,2.3768437
27677,1436609149968,0.90141696,9.844957,2.3852234
27678,1436609149988,0.9888053,9.813234,2.4582467
27679,1436609150010,1.0342951,9.856929,2.4624364
27680,1436609150131,1.0151415,9.931149,2.4001873
27681,1436609150132,1.0061632,9.941324,2.3690627
27682,1436609150133,0.96187055,9.937134,2.391209
27683,1436609150134,0.90381116,9.949704,2.4259248
27684,1436609150135,0.8535329,9.943718,2.4025815
27685,1436609150136,0.8463503,9.9233675,2.3660698
27686,1436609150150,0.93134445,9.897031,2.3630772
27687,1436609150168,1.0235212,9.880272,2.3774424
27688,1436609150189,1.0815806,9.816826,2.3888147
27689,1436609150209,1.1073183,9.818023,2.3582888
27690,1436609150231,1.1073183,9.830592,2.321777
27691,1436609150250,1.0749966,9.941922,2.2457612
27692,1436609150270,1.1402385,10.022128,2.211644
27693,1436609150290,1.2880806,9.945514,2.3145945
27694,1436609150310,1.3569138,9.96766,2.4193408
27695,1436609150332,1.3251907,9.985018,2.432509
27696,1436609150350,1.2401965,9.979631,2.3894134
27697,1436609150370,1.1845313,10.012551,2.2942438
27698,1436609150392,1.2000936,10.02153,2.3122003
27699,1436609150420,1.2372037,9.981427,2.3355439
27700,1436609150430,1.2354081,9.9712515,2.3511062
27701,1436609150451,1.2455834,9.939528,2.3349452
27702,1436609150472,1.3192052,9.90601,2.3295584
27703,1436609150492,1.4101849,9.853935,2.3301568
27704,1436609150510,1.4730326,9.811439,2.3786395
27705,1436609150530,1.5634137,9.783905,2.397793
27706,1436609150551,1.5945383,9.797672,2.4091654
27707,1436609150571,1.6118963,9.833585,2.3953989
27708,1436609150591,1.5825673,9.849147,2.3648727
27709,1436609150609,1.5765818,9.849746,2.380435
27710,1436609150633,1.5682021,9.803658,2.3714569
27711,1436609150653,1.532289,9.778519,2.332551
27712,1436609150673,1.4676456,9.794081,2.32058
27713,1436609150690,1.4053963,9.812635,2.3277626
27714,1436609150711,1.2575544,9.821015,2.343325
27715,1436609150729,1.1887212,9.877877,2.355296
27716,1436609150750,1.1779473,9.903615,2.3654714
27717,1436609150770,1.1569979,9.992201,2.368464
27718,1436609150792,1.2006922,10.013748,2.333748
27719,1436609150855,1.2054806,10.014946,2.3529017
27720,1436609150856,1.1659763,10.038289,2.345719
27721,1436609150857,1.1671734,9.976639,2.3277626
27722,1436609150870,1.1994951,10.028712,2.235586
27723,1436609150892,1.2575544,9.996989,2.2762873
27724,1436609150909,1.2719196,9.957485,2.3062148
27725,1436609150929,1.3138182,9.941922,2.356493
27726,1436609150951,1.3150153,9.950901,2.3971944
27727,1436609150970,1.3120226,9.942521,2.309806
27728,1436609150991,1.3096284,9.9233675,2.304419
27729,1436609151009,1.2982559,9.916783,2.3092074
27730,1436609151030,1.2419921,9.840169,2.3798366
27731,1436609151051,1.1935096,9.841965,2.4534583
27732,1436609151069,1.1432313,9.870096,2.4612393
27733,1436609151091,1.0666169,9.806051,2.4720132
27734,1436609151114,1.0366893,9.797073,2.4331074
27735,1436609151131,1.0187328,9.834184,2.4516625
27736,1436609151150,1.0187328,9.872491,2.4241292
27737,1436609151170,1.0301052,9.904214,2.4109612
27738,1436609151190,1.0869676,9.904813,2.4648306
27739,1436609151212,1.1414356,9.880871,2.486977
27740,1436609151231,1.1785458,9.824008,2.4744074
27741,1436609151250,1.1563994,9.805453,2.4133554
27742,1436609151272,1.1168951,9.870096,2.3014264
27743,1436609151293,1.0953473,9.910199,2.295441
27744,1436609151313,1.0965444,9.886257,2.3523033
27745,1436609151329,1.1988965,9.787497,2.445677
27746,1436609151351,1.270124,9.730635,2.4672248
27747,1436609151372,1.3174095,9.7162695,2.473809
27748,1436609151393,1.3874398,9.776124,2.4552538
27749,1436609151413,1.401805,9.792285,2.4570496
27750,1436609151433,1.4311341,9.807847,2.509722
27751,1436609151451,1.4490906,9.802461,2.492364
27752,1436609151470,1.4059949,9.845556,2.4343045
27753,1436609151499,1.3796587,9.96766,2.3529017
27754,1436609151570,1.3628993,9.937733,2.369661
27755,1436609151571,1.3180081,9.962274,2.408567
27756,1436609151572,1.2707225,9.901221,2.4133554
27757,1436609151573,1.2090719,9.919776,2.3415294
27758,1436609151590,1.1857284,9.953894,2.2697031
27759,1436609151610,1.1821371,9.941922,2.2655134
27760,1436609151634,1.1881226,9.920375,2.2547395
27761,1436609151650,1.2198458,9.879075,2.2930467
27762,1436609151670,1.2096704,9.907805,2.3008277
27763,1436609151733,1.2366052,9.919178,2.2810757
27764,1436609151734,1.2850877,9.920973,2.2936451
27765,1436609151735,1.2940661,9.931747,2.3038206
27766,1436609151763,1.2898762,9.935937,2.327164
27767,1436609151771,1.2814964,9.948506,2.3403323
27768,1436609151791,1.2575544,9.944916,2.292448
27769,1436609151811,1.258153,9.947908,2.2337902
27770,1436609151833,1.2808979,9.9928,2.256535
27771,1436609151853,1.3102269,9.982624,2.248754
27772,1436609151871,1.3096284,10.009559,2.2092497
27773,1436609151893,1.316811,9.998785,2.2589293
27774,1436609151912,1.2982559,9.983821,2.2176294
27775,1436609151931,1.2294226,9.962872,2.2260091
27776,1436609151953,1.1737574,9.931747,2.2307975
27777,1436609151971,1.1791444,9.910199,2.2266076
27778,1436609151993,1.1713632,9.870096,2.2242134
27779,1436609152013,1.2150574,9.877877,2.235586
27780,1436609152031,1.2695254,9.863512,2.2547395
27781,1436609152052,1.2336124,9.889849,2.2852654
27782,1436609152070,1.2114661,9.96766,2.2643163
27783,1436609152095,1.1965023,9.982624,2.2828712
27784,1436609152114,1.1653777,9.966463,2.291251
27785,1436609152130,1.1348516,9.989806,2.2882583
27786,1436609152154,1.1091139,9.962274,2.2613235
27787,1436609152179,1.1150994,9.948506,2.2140381
27788,1436609152194,1.1623849,9.938332,2.2002714
27789,1436609152213,1.1971009,9.858724,2.2535424
27790,1436609152231,1.2354081,9.723452,2.2768857
27791,1436609152250,1.2934675,9.535507,2.256535
27792,1436609152272,1.4131776,9.409213,2.2409728
27793,1436609152292,1.5179238,9.440936,2.2343888
27794,1436609152313,1.5370775,9.496601,2.2481554
27795,1436609152376,1.5275006,9.751583,2.195483
27796,1436609152377,1.3970166,10.036493,2.1158757
27797,1436609152378,1.2575544,10.352529,2.067393
27798,1436609152390,1.1587936,10.590752,1.9925743
27799,1436609152412,1.0384849,10.563218,2.0458453
27800,1436609152430,0.9415198,10.373477,2.135628
27801,1436609152451,0.9175778,10.168773,2.1523874
27802,1436609152472,1.0055647,9.9712515,2.0775685
27803,1436609152496,1.1210849,9.792285,2.019509
27804,1436609152512,1.2108675,9.785102,2.019509
27805,1436609152534,1.1563994,9.871892,2.0883424
27806,1436609152551,1.0151415,10.089765,2.1499932
27807,1436609152573,0.79607207,10.2657385,2.2816741
27808,1436609152594,0.587178,10.370484,2.3654714
27809,1436609152613,0.45310268,10.394426,2.3852234
27810,1436609152634,0.4201824,10.231023,2.355296
27811,1436609152651,0.51595044,10.029909,2.2260091
27812,1436609152672,0.717662,9.770737,2.1200657
27813,1436609152694,0.96785605,9.48044,2.0248961
27814,1436609152713,1.2539631,9.446322,1.922544
27815,1436609152734,1.5059528,9.560646,1.9045875
27816,1436609152755,1.7250223,9.711481,1.905186
27817,1436609152773,1.9470845,9.886257,2.005144
27818,1436609152796,2.0248961,10.065823,2.1170728
27819,1436609152815,1.9177556,10.033501,2.2990322
27820,1436609152836,1.6843209,9.986814,2.3636756
27821,1436609152851,1.453879,9.901819,2.2559366
27822,1436609152872,1.3084313,9.840169,2.0404584
27823,1436609152892,1.2521675,9.76954,1.8974048
27824,1436609152913,1.2659341,9.844957,1.8968062
27825,1436609152936,1.1905168,9.944916,1.9602526
27826,1436609152955,1.1414356,9.959879,2.0410569
27827,1436609152975,1.13964,9.991602,2.034473
27828,1436609152994,1.2180501,9.942521,2.0123265
27829,1436609153016,1.3335704,9.8198185,2.0458453
27830,1436609153122,1.4024036,9.788095,1.9997569
27831,1436609153123,1.5574282,9.758766,2.0129251
27832,1436609153124,1.6681601,9.840768,2.018312
27833,1436609153125,1.6915035,9.920375,2.0057425
27834,1436609153126,1.6262615,9.982624,2.0512323
27835,1436609153162,1.453879,10.09575,2.0284874
27836,1436609153163,1.3162124,10.199898,2.0290859
27837,1436609153186,1.1827357,10.204686,2.0649989
27838,1436609153208,1.1019313,10.132261,2.067393
27839,1436609153211,1.0809821,10.040085,2.0626047
27840,1436609153247,1.0570401,9.925163,1.970428
27841,1436609153251,1.0588357,9.811439,1.9536686
27842,1436609153272,1.0737995,9.877279,1.903989
27843,1436609153291,1.0815806,10.044274,1.8034325
27844,1436609153311,1.0702082,10.055049,1.7968484
27845,1436609153331,1.0893618,10.049662,1.8860323
27846,1436609153354,1.2072762,10.056845,1.982399
27847,1436609153375,1.3144168,10.0664215,1.9812019
27848,1436609153394,1.3700819,10.164583,1.9015948
27849,1436609153415,1.412579,10.160992,1.9087774
27850,1436609153435,1.4119805,10.135254,1.9147629
27851,1436609153454,1.3838485,10.127473,1.9393034
27852,1436609153475,1.3180081,10.073604,1.9069817
27853,1436609153495,1.2689269,10.00477,1.9219455
27854,1436609153512,1.1893197,9.989806,1.9033904
27855,1436609153538,1.0702082,9.932345,1.869273
27856,1436609153556,1.0085574,9.88925,1.887828
27857,1436609153577,0.98940384,9.831191,1.9285295
27858,1436609153597,0.97982705,9.946711,1.8962077
27859,1436609153617,0.997185,9.903615,1.8992004
27860,1436609153635,1.0600328,9.879673,1.9381063
27861,1436609153652,1.0696096,9.85214,2.019509
27862,1436609153672,1.003769,9.88506,2.0709844
27863,1436609153692,0.8834604,9.872491,2.0859482
27864,1436609153718,0.7302315,9.725247,2.1493945
27865,1436609153739,0.6955156,9.936536,2.2158337
27866,1436609153759,0.6781576,10.119094,2.1254525
27867,1436609153773,0.6697779,10.85531,1.6831238
27868,1436609153798,0.94092125,10.700885,1.5298948
27869,1436609153860,1.1540052,10.225636,1.9177556
27870,1436609153861,1.5424645,10.046669,2.3876176
27871,1436609153862,1.5861586,9.673772,2.6964695
27872,1436609153872,1.2324153,9.514558,2.5031378
27873,1436609153896,0.86610246,9.642049,2.1218612
27874,1436609153914,0.9103952,9.852738,1.875857
27875,1436609153932,1.0959458,10.01315,1.8884265
27876,1436609153952,1.0528502,10.198701,2.0608091
27877,1436609153972,0.81283146,10.081385,2.2984335
27878,1436609153996,0.7212533,10.134656,2.3229742
27879,1436609154017,0.6865373,10.185533,2.2541409
27880,1436609154036,0.6679823,10.1621895,2.2122424
27881,1436609154052,0.5410896,10.10413,2.1769278
27882,1436609154075,0.36272156,10.010158,2.0787656
27883,1436609154100,0.18794483,9.978435,1.9919758
27884,1436609154116,0.17597382,9.89344,1.9859903
27885,1436609154134,0.33877954,9.9550905,2.0608091
27886,1436609154155,0.55844754,9.998785,2.184709
27887,1436609154176,0.74878657,10.0748005,2.2373815
27888,1436609154192,0.83138657,9.974244,2.2493525
27889,1436609154215,0.9403227,9.929353,2.2110453
27890,1436609154236,1.0474633,10.065224,2.1619642
27891,1436609154254,1.1192893,10.046669,2.1841104
27892,1436609154276,1.1546037,10.032304,2.1787236
27893,1436609154295,1.1360487,9.944317,2.1894975
27894,1436609154314,1.1133038,9.797073,2.2517467
27895,1436609154333,1.0851719,9.713276,2.202067
27896,1436609154352,1.1061212,9.693524,2.1332338
27897,1436609154378,1.1438298,9.762956,2.0153193
27898,1436609154397,1.2557588,9.825804,1.9961656
27899,1436609154418,1.3281834,9.848549,2.0685902
27900,1436609154436,1.311424,9.919776,2.1308396
27901,1436609154453,1.2814964,9.948506,2.11827
27902,1436609154473,1.2743138,9.932944,2.1218612
27903,1436609154492,1.2641385,9.961675,2.1529858
27904,1436609154513,1.2808979,10.101137,2.1212628
27905,1436609154537,1.2695254,9.974843,2.1230583
27906,1436609154600,1.2557588,9.895834,2.106299
27907,1436609154601,1.3012487,9.935339,2.1152773
27908,1436609154602,1.364695,9.888652,2.1308396
27909,1436609154613,1.459266,9.982025,2.0931308
27910,1436609154635,1.5047557,9.976639,2.1380222
27911,1436609154654,1.541866,9.97604,2.1733365
27912,1436609154674,1.5717934,10.014946,2.0709844
27913,1436609154696,1.6178818,10.002377,2.0021513
27914,1436609154713,1.7082629,9.928156,2.059612
27915,1436609154734,1.7812861,9.911396,2.1284454
27916,1436609154753,1.7992426,9.954493,2.1529858
27917,1436609154776,1.7310078,9.9473095,2.1206641
27918,1436609154793,1.673547,9.969456,2.0512323
27919,1436609154816,1.6448165,9.951499,2.0626047
27920,1436609154836,1.602918,10.035895,2.0745757
27921,1436609154856,1.584363,10.144831,2.0919337
27922,1436609154876,1.578976,10.108918,2.1404164
27923,1436609154896,1.6077064,10.0341,2.1332338
27924,1436609154916,1.6071079,9.942521,2.1511903
27925,1436609154936,1.5658079,9.901819,2.100912
27926,1436609154956,1.4993688,9.90601,2.0614076
27927,1436609154977,1.4305356,9.9712515,2.0572178
27928,1436609154993,1.3575124,10.008362,2.1272483
27929,1436609155015,1.3018472,10.0269165,2.1709423
27930,1436609155038,1.2904748,10.056845,2.148796
27931,1436609155059,1.2749124,10.001179,2.15538
27932,1436609155078,1.2743138,9.993398,2.146402
27933,1436609155094,1.2599486,9.993997,2.130241
27934,1436609155115,1.2413936,9.958083,2.0979192
27935,1436609155133,1.1971009,9.922171,2.1188686
27936,1436609155154,1.1791444,9.941922,2.1170728
27937,1436609155177,1.1749545,9.936536,2.1110873
27938,1436609155199,1.1109096,9.965266,2.106299
27939,1436609155218,1.0887632,9.973646,2.1200657
27940,1436609155237,1.0977415,10.046669,2.154183
27941,1436609155256,1.0845734,10.05864,2.178125
27942,1436609155325,1.1192893,10.071808,2.1978772
27943,1436609155326,1.1653777,10.077195,2.1990743
27944,1436609155327,1.2384008,10.04607,2.2882583
27945,1436609155334,1.3066356,10.051457,2.2936451
27946,1436609155361,1.3461399,10.059238,2.2409728
27947,1436609155374,1.4173675,10.027515,2.231396
27948,1436609155393,1.4772224,10.086173,2.2493525
27949,1436609155417,1.5239093,10.07121,2.2403743
27950,1436609155433,1.5544355,10.067618,2.260725
27951,1436609155454,1.5813702,9.9951935,2.3642743
27952,1436609155473,1.6011224,10.011953,2.4396915
27953,1436609155497,1.5610195,10.00896,2.3834279
27954,1436609155516,1.5927427,9.96347,2.4025815
27955,1436609155536,1.673547,9.898827,2.532467
27956,1436609155557,1.7250223,9.948506,2.6803088
27957,1436609155577,1.6561891,10.069414,2.8431146
27958,1436609155597,1.5532384,10.102933,2.9317
27959,1436609155617,1.4939818,10.061633,3.0178912
27960,1436609155633,1.3820529,9.926959,3.0484173
27961,1436609155657,1.2378023,9.707291,2.991555
27962,1436609155676,1.1318588,9.449914,2.9173348
27963,1436609155697,1.1599907,9.233837,2.8694508
27964,1436609155714,1.271321,9.136273,2.8401217
27965,1436609155737,1.483208,9.087791,2.8233624
27966,1436609155799,1.7256209,8.995016,2.8335378
27967,1436609155800,1.965041,8.963293,2.9370868
27968,1436609155801,2.1972785,9.04709,3.0951042
27969,1436609155817,2.3959973,9.07582,3.2291796
27970,1436609155837,2.4762032,9.119514,3.3327289
27971,1436609155857,2.521693,9.091382,3.4518404
27972,1436609155877,2.641403,9.035119,3.50571
27973,1436609155898,2.6611552,9.136872,3.5338416
27974,1436609155918,2.6593595,9.23264,3.5051112
27975,1436609155938,2.6833014,9.329007,3.554791
27976,1436609155956,2.754529,9.457097,3.6613328
27977,1436609155975,2.7641058,9.487623,3.7696705
27978,1436609156038,2.8335378,9.507974,3.867833
27979,1436609156061,2.8927941,9.341577,3.8097734
27980,1436609156062,2.9628246,9.134478,3.7457285
27981,1436609156063,2.9179332,9.008782,3.7175968
27982,1436609156082,2.8275523,8.819042,3.7110126
27983,1436609156094,2.6743233,8.597578,3.6032736
27984,1436609156119,2.528277,8.458116,3.4733882
27985,1436609156135,2.3983915,8.448539,3.2998085
27986,1436609156154,2.3355439,8.47308,3.2495303
27987,1436609156177,2.4355016,8.531139,3.2202013
27988,1436609156195,2.565387,8.64666,3.2453403
27989,1436609156215,2.782661,8.942942,3.3171666
27990,1436609156239,3.008913,9.207501,3.4542346
27991,1436609156257,3.2507274,9.357139,3.5924997
27992,1436609156277,3.4733882,9.647436,3.7828386
27993,1436609156297,3.591901,9.955689,3.8965633
27994,1436609156317,3.5775359,10.166978,3.8977604
27995,1436609156337,3.4925418,10.005967,3.845088
27996,1436609156357,3.389591,9.539098,3.6511576
27997,1436609156377,3.140594,8.901043,3.3722332
27998,1436609156397,2.7563248,8.305486,2.9897594
27999,1436609156417,2.3942018,7.890092,2.5845408
28000,1436609156438,2.1631613,7.7224975,2.2002714
28001,1436609156456,2.0350714,7.755418,1.963844
28002,1436609156475,1.9153614,7.9571295,1.8375498
28003,1436609156498,1.8764555,8.285733,1.7932571
28004,1436609156588,1.9177556,8.60117,1.8046296
28005,1436609156589,2.0482395,8.903438,1.8387469
28006,1436609156590,2.1260512,9.087791,1.8722657
28007,1436609156591,2.303222,9.48882,1.8992004
28008,1436609156594,2.4827871,9.970653,1.8830396
28009,1436609156620,2.707842,10.561422,1.7938557
28010,1436609156638,3.0430303,11.008539,1.7615339
28011,1436609156656,3.3063924,11.3551,1.9261353
28012,1436609156675,3.269881,11.631032,2.083554
28013,1436609156698,3.1070752,11.552622,2.1613655
28014,1436609156715,2.6701334,11.2928505,2.0231004
28015,1436609156738,2.1200657,10.957064,1.7160441
28016,1436609156802,1.5873557,10.782886,1.2964603
28017,1436609156803,1.3467385,10.535086,1.0522517
28018,1436609156804,1.2743138,10.231023,1.1546037
28019,1436609156815,1.2276269,10.046669,1.2605472
28020,1436609156840,1.3162124,10.065823,1.3994108
28021,1436609156856,1.4820108,10.144831,1.5688007
28022,1436609156876,1.6543933,10.220847,1.6466122
28023,1436609156897,1.7735049,10.328587,1.5993267
28024,1436609156916,1.8106151,10.312426,1.5454572
28025,1436609156936,1.7818847,10.064027,1.5023615
28026,1436609156956,1.7501614,10.143634,1.4478935
28027,1436609156978,1.7064673,10.286688,1.5831659
28028,1436609156995,1.7417817,10.1382475,1.7675194
28029,1436609157017,1.9548657,10.076596,1.8076223
28030,1436609157037,2.166154,10.089765,1.8806454
28031,1436609157086,2.2996306,10.147824,2.0165164
28032,1436609157087,2.3714569,10.081385,2.03567
28033,1436609157098,2.457648,9.962872,1.9644425
28034,1436609157116,2.4624364,9.959281,1.7717092
28035,1436609157138,2.4223335,9.93893,1.7340006
28036,1436609157158,2.4762032,10.009559,1.7357962
28037,1436609157179,2.5731683,10.043077,1.827973
28038,1436609157196,2.534861,10.014946,1.9512744
28039,1436609157217,2.4570496,10.025121,2.0632033
28040,1436609157238,2.520496,10.1161,2.1787236
28041,1436609157259,2.493561,10.103531,2.36188
28042,1436609157278,2.4594438,10.099341,2.3798366
28043,1436609157298,2.4115596,9.946113,2.3235726
28044,1436609157318,2.3409307,9.55047,2.3199813
28045,1436609157337,2.236783,9.374496,2.3307555
28046,1436609157358,2.1883004,9.281721,2.179322
28047,1436609157379,2.1374235,9.138668,2.0159178
28048,1436609157400,2.0248961,9.091382,2.0925324
28049,1436609157420,1.8752584,9.297882,2.3199813
28050,1436609157437,1.6950948,9.609727,2.630629
28051,1436609157459,1.436521,9.833585,2.9251158
28052,1436609157550,1.3204023,9.808446,2.9658175
28053,1436609157551,1.3814543,9.691729,2.8383262
28054,1436609157552,1.4957775,9.761759,2.6617537
28055,1436609157555,1.5753847,9.631873,2.6551697
28056,1436609157556,1.834557,9.320028,2.7617116
28057,1436609157577,2.0350714,9.088389,2.8754363
28058,1436609157597,2.231396,9.172187,2.919729
28059,1436609157615,2.2780828,9.38168,3.0376434
28060,1436609157640,2.03148,9.500193,3.1998506
28061,1436609157657,1.7579426,9.598354,3.164536
28062,1436609157676,1.508347,9.510966,2.9819782
28063,1436609157696,1.4012065,9.344569,2.7629087
28064,1436609157717,1.453879,9.288305,2.6605566
28065,1436609157739,1.590947,9.245809,2.700061
28066,1436609157759,1.6998832,9.302073,2.8095956
28067,1436609157779,1.7328035,9.292496,2.8407204
28068,1436609157799,1.6944963,9.387665,2.825158
28069,1436609157819,1.560421,9.555259,2.7766755
28070,1436609157839,1.3796587,9.657013,2.6994624
28071,1436609157859,1.1737574,9.703699,2.5821466
28072,1436609157879,0.99299514,9.661202,2.546832
28073,1436609157899,0.88286185,9.842564,2.4809916
28074,1436609157924,0.9056068,10.149021,2.4498668
28075,1436609157936,0.9780314,10.155605,2.698864
28076,1436609157959,0.94092125,10.192117,2.8892028
28077,1436609157980,0.9211691,10.342353,2.9532478
28078,1436609157999,0.99658644,10.333375,2.9293058
28079,1436609158016,1.1031284,10.324995,2.6910827
28080,1436609158037,1.3479356,10.148422,2.6749218
28081,1436609158059,1.4975731,9.919776,2.6509798
28082,1436609158077,1.6011224,9.81503,2.5504234
28083,1436609158097,1.6130934,9.727043,2.356493
28084,1436609158121,1.508347,9.725247,2.1918917
28085,1436609158143,1.4203602,9.850345,1.9883845
28086,1436609158160,1.4502877,9.807847,1.9949685
28087,1436609158176,1.4688427,9.68275,2.171541
28088,1436609158200,1.4269443,9.7863,2.2936451
28089,1436609158241,1.3754689,10.001179,2.3169887
28090,1436609158242,1.3383588,9.968259,2.3385365
28091,1436609158259,1.3383588,9.91798,2.3786395
28092,1436609158276,1.3120226,10.025121,2.3882163
28093,1436609158296,1.3024458,10.023924,2.328361
28094,1436609158316,1.2862848,10.010756,2.2601264
28095,1436609158336,1.2868834,10.012551,2.1817162
28096,1436609158357,1.2916719,9.940725,2.148796
28097,1436609158376,1.3132197,9.921572,2.1200657
28098,1436609158399,1.3102269,9.88925,2.1176715
28099,1436609158417,1.3120226,9.912594,2.106299
28100,1436609158439,1.3305776,9.838972,2.1577742
28101,1436609158460,1.3395559,9.835979,2.1601684
28102,1436609158478,1.3569138,9.892242,2.142212
28103,1436609158499,1.4251486,9.988609,2.0189106
28104,1436609158516,1.5358804,9.989208,2.0272903
28105,1436609158538,1.5921441,9.890448,2.1601684
28106,1436609158559,1.6370354,9.897031,2.2158337
28107,1436609158579,1.6112977,9.911995,2.1535845
28108,1436609158600,1.6017209,9.958682,2.0171149
28109,1436609158618,1.6633717,10.023325,1.9554642
28110,1436609158641,1.7142484,9.9790325,2.0177135
28111,1436609158657,1.7345991,9.898229,2.0895395
28112,1436609158680,1.7022774,9.857527,2.0679917
28113,1436609158696,1.6531962,9.880272,2.0518308
28114,1436609158716,1.644218,9.930551,2.0069396
28115,1436609158737,1.632247,9.941922,1.9859903
28116,1436609158761,1.6723499,9.908403,2.023699
28117,1436609158781,1.6843209,9.825205,2.0608091
28118,1436609158802,1.7184383,9.806051,2.0973208
28119,1436609158832,1.7058687,9.888652,2.0811598
28120,1436609158836,1.7034745,9.970055,1.9937714
28121,1436609158856,1.7328035,9.985617,1.9644425
28122,1436609158878,1.8004397,9.943718,2.0392613
28123,1436609158897,1.834557,9.88925,2.0697873
28124,1436609158916,1.8441339,9.895834,2.0141222
28125,1436609158957,1.8483237,9.910199,1.9554642
28126,1436609158958,1.8614918,9.866506,1.9871874
28127,1436609158980,1.881244,9.884461,1.9871874
28128,1436609158997,1.8166006,9.904813,1.9847932
28129,1436609159017,1.816002,9.903017,1.9913772
28130,1436609159043,1.8112136,9.904214,2.0135236
28131,1436609159059,1.7908629,9.913192,2.0069396
28132,1436609159077,1.7902644,9.910199,2.0009542
28133,1436609159098,1.822586,9.89763,1.99437
28134,1436609159118,1.8369513,9.84795,2.0446482
28135,1436609159137,1.8632874,9.814431,2.0697873
28136,1436609159158,1.8513165,9.816826,2.0153193
28137,1436609159180,1.875857,9.886856,1.9883845
28138,1436609159198,1.8866309,9.89763,1.9644425
28139,1436609159219,1.9321208,9.888053,1.9877859
28140,1436609159240,1.899799,9.827001,2.0566192
28141,1436609159258,1.8555063,9.850943,2.059612
28142,1436609159279,1.8034325,9.891046,2.0123265
28143,1436609159300,1.8046296,9.940127,1.922544
28144,1436609159320,1.8662802,9.898827,1.958457
28145,1436609159339,1.8842367,9.86471,2.0159178
28146,1436609159360,1.8471266,9.8683,2.0727801
28147,1436609159380,1.7459716,9.862914,2.0506337
28148,1436609159400,1.6938977,9.83957,2.0416555
28149,1436609159418,1.6154876,9.892242,2.0219033
28150,1436609159438,1.5855601,9.890448,2.0231004
28151,1436609159460,1.5472529,9.816826,2.0500352
28152,1436609159480,1.5173253,9.822811,2.0847511
28153,1436609159500,1.4951789,9.894038,2.1051018
28154,1436609159519,1.4730326,9.997588,2.1140802
28155,1436609159541,1.5328877,10.140042,2.1362264
28156,1436609159561,1.5334862,10.077793,2.2421699
28157,1436609159581,1.4574703,10.056246,2.2511482
28158,1436609159600,1.2898762,9.961076,2.1679497
28159,1436609159619,1.1294646,9.733028,2.1667526
28160,1436609159639,0.9451111,9.704298,2.1272483
28161,1436609159660,0.8218097,9.815628,2.0590134
28162,1436609159689,0.90021986,9.838972,2.067393
28163,1436609159762,1.0510546,9.904813,2.0452468
28164,1436609159763,1.2473791,10.120889,2.0189106
28165,1436609159764,1.5077485,10.25676,1.9871874
28166,1436609159765,1.7735049,10.218452,2.011728
28167,1436609159779,1.9506758,10.269928,1.99437
28168,1436609159799,2.0470424,9.9928,1.9979613
28169,1436609159817,2.15538,9.685144,1.8788497
28170,1436609159838,2.344522,9.47206,1.7764976
28171,1436609159859,2.5091233,9.487623,1.7124528
28172,1436609159879,2.5492263,9.5492735,1.7980455
28173,1436609159899,2.4462755,9.65821,1.9231426
28174,1436609159918,2.3068132,9.784504,2.0129251
28175,1436609159940,2.1410148,10.041881,2.1086931
28176,1436609159959,1.8261774,10.03769,2.1829133
28177,1436609159978,1.5508442,9.936536,2.1098902
28178,1436609160001,1.3802572,9.790489,2.0775685
28179,1436609160021,1.3455414,9.810242,2.0757728
28180,1436609160038,1.3814543,10.029909,2.0679917
28181,1436609160059,1.2964603,10.097546,2.1823149
28182,1436609160078,1.1959038,10.025121,2.3104045
28183,1436609160099,1.1785458,9.970653,2.3008277
28184,1436609160118,1.2539631,9.900024,2.2098482
28185,1436609160138,1.4083891,9.867104,2.0362685
28186,1436609160160,1.501763,9.932345,2.0177135
28187,1436609160180,1.4568717,9.985018,1.9674352
28188,1436609160200,1.4377182,10.022727,1.9135658
28189,1436609160220,1.4634558,9.994595,1.9027919
28190,1436609160239,1.520318,9.980828,1.9949685
28191,1436609160265,1.5915456,10.058042,2.088941
28192,1436609160282,1.5532384,9.9790325,2.0937295
28193,1436609160302,1.5065514,9.964667,2.023699
28194,1436609160321,1.4706384,9.865308,1.970428
28195,1436609160339,1.4431051,9.762956,1.9668367
28196,1436609160359,1.3611037,9.706693,1.9662381
28197,1436609160379,1.2785037,9.797073,1.9835961
28198,1436609160400,1.2018893,9.92636,1.9602526
28199,1436609160486,1.1204864,9.993398,1.9542671
28200,1436609160487,1.1133038,9.959281,1.9710265
28201,1436609160488,1.2042835,9.916783,2.0278888
28202,1436609160489,1.2922704,9.870695,2.0177135
28203,1436609160498,1.3509283,9.921572,2.043451
28204,1436609160522,1.3359646,10.050261,1.9680338
28205,1436609160539,1.3982137,10.257359,1.7609353
28206,1436609160560,1.6154876,10.172364,1.8267759
28207,1436609160580,1.83336,9.94312,2.1284454
28208,1436609160599,1.8962077,9.934141,2.2798786
28209,1436609160621,1.7932571,9.918579,2.191293
28210,1436609160640,1.5544355,9.821015,2.0308816
28211,1436609160661,1.4526819,9.797672,1.9285295
28212,1436609160680,1.4957775,9.818023,1.9027919
28213,1436609160701,1.4371196,9.90601,1.9482816
28214,1436609160747,1.3461399,10.108918,1.8435353
28215,1436609160748,1.2850877,10.089166,1.8668787
28216,1436609160760,1.2509704,9.977836,2.0093338
28217,1436609160780,1.1659763,9.958682,2.1266496
28218,1436609160800,1.0420763,9.877877,2.167351
28219,1436609160820,0.97384155,9.848549,2.1254525
28220,1436609160840,0.8936358,9.909002,1.970428
28221,1436609160861,0.94690675,9.92636,1.8818425
28222,1436609160880,1.1228806,9.909002,1.9722236
28223,1436609160901,1.2479776,9.877279,2.1051018
28224,1436609160920,1.2970588,9.907805,2.1888988
28225,1436609160940,1.2611457,9.950901,2.1481974
28226,1436609160960,1.2455834,9.9712515,2.070386
28227,1436609160981,1.2970588,9.957485,2.0254946
28228,1436609161000,1.3335704,9.932944,2.0141222
28229,1436609161019,1.38325,9.917382,2.034473
28230,1436609161039,1.423353,9.894038,2.0757728
28231,1436609161062,1.4227544,9.926959,2.0727801
28232,1436609161082,1.3934253,10.005369,2.1003134
28233,1436609161101,1.3856442,10.019734,2.0745757
28234,1436609161122,1.2862848,10.007763,2.1045034
28235,1436609161144,1.1641805,10.044274,2.0859482
28236,1436609161192,1.0660183,10.037092,2.0560207
28237,1436609161193,1.0295067,10.014946,2.0242975
28238,1436609161201,1.0301052,9.94312,2.0632033
28239,1436609161219,1.0803835,9.920375,2.094328
28240,1436609161242,1.1204864,9.915586,2.0913353
28241,1436609161260,1.168969,9.986216,2.058415
28242,1436609161279,1.2192472,10.055049,2.0398598
28243,1436609161302,1.2491747,10.055647,2.0524294
28244,1436609161319,1.2318168,10.087969,2.0093338
28245,1436609161340,1.234211,10.044274,2.0141222
28246,1436609161366,1.1887212,10.053851,2.0153193
28247,1436609161380,1.1593921,10.134656,2.0123265
28248,1436609161400,1.1378443,10.110714,2.0069396
28249,1436609161420,1.0857705,10.075399,2.0380642
28250,1436609161442,1.0354922,10.011953,2.0590134
28251,1436609161460,1.009156,9.953295,2.0458453
28252,1436609161483,0.99778354,10.019135,1.9865888
28253,1436609161499,1.0115502,10.053253,2.0189106
28254,1436609161520,1.0307038,10.043077,2.0266917
28255,1436609161540,1.0696096,10.016143,2.0709844
28256,1436609161560,1.110311,9.972448,2.1003134
28257,1436609161582,1.0929531,9.964069,2.119467
28258,1436609161600,1.0564415,10.048465,2.0488381
28259,1436609161620,1.0444705,10.081385,2.0440497
28260,1436609161642,1.0594343,9.989806,2.0685902
28261,1436609161662,1.0755951,10.019734,2.1021092
28262,1436609161680,1.0929531,10.047267,2.099715
28263,1436609161700,1.1204864,10.025121,2.100912
28264,1436609161721,1.1456255,10.018537,2.110489
28265,1436609161741,1.1653777,9.976639,2.1033063
28266,1436609161772,1.1324574,9.948506,2.0829554
28267,1436609161780,1.0785879,9.950302,2.0883424
28268,1436609161801,0.985214,10.009559,2.067393
28269,1436609161821,0.91219085,10.052654,2.0614076
28270,1436609161856,0.91099375,10.0748005,2.0638018
28271,1436609161860,0.9498995,9.993398,2.132635
28272,1436609161943,0.961272,9.983223,2.111686
28273,1436609161944,1.0354922,9.96766,2.0679917
28274,1436609161945,1.0827777,9.9712515,2.0829554
28275,1436609161946,1.1522095,9.954493,2.1039047
28276,1436609161987,1.1587936,9.929952,2.094328
28277,1436609161988,1.1528081,9.8754835,2.0757728
28278,1436609162002,1.1749545,9.9550905,2.0350714
28279,1436609162021,1.2162545,9.9712515,2.0458453
28280,1436609162040,1.2797008,9.935339,2.078167
28281,1436609162084,1.3156139,9.903615,2.1320367
28282,1436609162085,1.2515689,9.925761,2.1440077
28283,1436609162111,1.1306617,9.942521,2.0799627
28284,1436609162120,1.0414777,10.008362,2.030283
28285,1436609162142,0.908001,10.010158,2.0769699
28286,1436609162160,0.78769237,10.000581,2.107496
28287,1436609162180,0.70509243,10.002377,2.1278467
28288,1436609162200,0.65780693,10.052056,2.079364
28289,1436609162220,0.7284359,10.069414,2.0721815
28290,1436609162239,0.80086046,10.09156,2.094328
28291,1436609162259,0.98461545,10.061034,2.1589713
28292,1436609162279,1.0893618,10.079589,2.1745336
28293,1436609162299,1.2318168,10.067019,2.1428106
28294,1436609162319,1.3359646,9.980229,2.136825
28295,1436609162339,1.4389153,9.940127,2.0991163
28296,1436609162359,1.441908,9.870695,2.1266496
28297,1436609162379,1.4341269,9.808446,2.1440077
28298,1436609162402,1.3652935,9.817424,2.1739352
28299,1436609162423,1.3132197,9.873688,2.1505916
28300,1436609162442,1.276708,9.949105,2.1206641
28301,1436609162462,1.2515689,9.958083,2.1559787
28302,1436609162482,1.2802993,9.916783,2.2014685
28303,1436609162502,1.2814964,9.895834,2.2038627
28304,1436609162523,1.2802993,9.876082,2.1577742
28305,1436609162542,1.3156139,9.85214,2.0536265
28306,1436609162562,1.3365631,9.824008,2.0787656
28307,1436609162581,1.3730747,9.77373,2.1039047
28308,1436609162602,1.4287399,9.791088,2.1212628
28309,1436609162619,1.435324,9.840169,2.1350293
28310,1436609162642,1.4754268,9.929952,2.15538
28311,1436609162660,1.5233108,9.953295,2.1625626
28312,1436609162681,1.5292963,9.962274,2.207454
28313,1436609162701,1.4706384,9.919178,2.1470003
28314,1436609162721,1.4000094,9.894038,2.1559787
28315,1436609162742,1.3856442,9.891046,2.1254525
28316,1436609162760,1.3802572,9.961076,2.1505916
28317,1436609162784,1.3892355,9.97604,2.2062569
28318,1436609162801,1.3521254,9.923966,2.2110453
28319,1436609162824,1.3281834,9.920973,2.2062569
28320,1436609162844,1.2892777,9.913192,2.1428106
28321,1436609162863,1.282095,9.885659,2.1481974
28322,1436609162884,1.2910733,9.89763,2.1266496
28323,1436609162905,1.3072342,9.861717,2.1350293
28324,1436609162923,1.2940661,9.900622,2.1027076
28325,1436609162944,1.3293805,9.938332,2.1051018
28326,1436609162965,1.3605051,9.940725,2.0530279
28327,1436609162981,1.4413095,9.856929,2.1027076
28328,1436609163004,1.5370775,9.841366,2.1559787
28329,1436609163021,1.5460558,9.918579,2.1416135
28330,1436609163040,1.4574703,9.961076,2.1003134
28331,1436609163061,1.4149733,9.91798,2.0907366
28332,1436609163082,1.5149311,9.8916445,2.0638018
28333,1436609163108,1.6310499,9.862914,2.0308816
28334,1436609163124,1.7776948,9.794081,2.0572178
28335,1436609163145,1.8956091,9.895834,2.055422
28336,1436609163163,1.9207484,9.922171,2.083554
28337,1436609163183,1.8201919,9.9473095,2.1212628
28338,1436609163202,1.6478093,10.014347,2.1272483
28339,1436609163222,1.4359225,10.001179,2.1374235
28340,1436609163242,1.2473791,9.9473095,2.1481974
28341,1436609163262,1.027711,9.9550905,2.0949266
28342,1436609163322,0.87208796,9.949704,2.0733786
28343,1436609163323,0.8194155,10.02572,1.9752164
28344,1436609163324,0.8463503,9.996989,1.9925743
28345,1436609163344,0.9540894,9.985617,2.0201077
28346,1436609163361,1.0223241,9.96766,2.0392613
28347,1436609163381,1.0450691,10.014347,2.0871453
28348,1436609163401,1.0935516,10.023924,2.0979192
28349,1436609163426,1.1402385,9.986216,2.1266496
28350,1436609163441,1.2012907,10.03769,2.0853498
28351,1436609163462,1.2844892,9.987412,2.071583
28352,1436609163482,1.4305356,9.873688,2.0883424
28353,1436609163502,1.5759833,9.857527,2.0811598
28354,1436609163528,1.7136499,9.909601,2.0446482
28355,1436609163544,1.8046296,9.91798,2.0632033
28356,1436609163563,1.8579005,9.974843,2.1092918
28357,1436609163585,1.8285716,9.999982,2.1499932
28358,1436609163604,1.6885108,9.944916,2.1787236
28359,1436609163625,1.541866,9.880871,2.12246
28360,1436609163645,1.4814123,9.886257,2.0787656
28361,1436609163663,1.3323733,9.809045,2.0638018
28362,1436609163684,1.2270284,9.758766,2.0632033
28363,1436609163706,1.1210849,9.846154,2.0380642
28364,1436609163722,1.027711,9.890448,2.0494366
28365,1436609163745,0.99538934,9.965266,2.0745757
28366,1436609163761,1.0013748,9.993398,2.156577
28367,1436609163782,1.0366893,10.05864,2.2319946
28368,1436609163803,1.079785,10.129868,2.2056582
28369,1436609163825,1.1121067,10.056845,2.180519
28370,1436609163845,1.1366472,9.986216,2.1374235
28371,1436609163862,1.1665748,9.941922,2.1092918
28372,1436609163885,1.1791444,9.825205,2.111686
28373,1436609163903,1.1540052,9.894038,2.1206641
28374,1436609163924,1.0642227,10.027515,2.0829554
28375,1436609163942,0.97862995,9.960478,2.147599
28376,1436609163964,0.9331401,9.927557,2.1996727
28377,1436609163984,0.88166475,9.944916,2.248754
28378,1436609164051,0.7906851,9.989208,2.2110453
28379,1436609164052,0.7254431,10.013748,2.180519
28380,1436609164053,0.7188591,10.119692,2.1493945
28381,1436609164086,0.7146692,10.09575,2.195483
28382,1436609164087,0.74399817,10.05445,2.2343888
28383,1436609164102,0.7314286,10.0508585,2.2397757
28384,1436609164135,0.7074866,10.02153,2.204461
28385,1436609164186,0.7230489,9.978435,2.1841104
28386,1436609164187,0.7906851,9.91439,2.1984756
28387,1436609164188,0.87208796,9.912594,2.2559366
28388,1436609164211,0.8870517,9.93474,2.2637177
28389,1436609164222,0.92655605,9.941922,2.2810757
28390,1436609164242,0.96426475,9.89763,2.3092074
28391,1436609164262,0.943914,9.87668,2.3582888
28392,1436609164282,0.83856916,9.877279,2.3690627
28393,1436609164305,0.7314286,9.894038,2.3361423
28394,1436609164326,0.6679823,9.919776,2.271499
28395,1436609164345,0.65900403,9.939528,2.2732944
28396,1436609164365,0.65780693,9.928755,2.3026235
28397,1436609164386,0.6871359,9.909601,2.2882583
28398,1436609164405,0.66618663,10.0664215,2.272696
28399,1436609164425,0.6344634,10.067019,2.2655134
28400,1436609164446,0.6063316,10.047267,2.2080526
28401,1436609164463,0.59974754,10.049662,2.195483
28402,1436609164486,0.6512229,10.053851,2.2104468
28403,1436609164506,0.7290344,10.017939,2.2290018
28404,1436609164526,0.7846996,10.016742,2.2732944
28405,1436609164545,0.7835025,9.988011,2.2828712
28406,1436609164565,0.7272388,9.991602,2.2720973
28407,1436609164585,0.6362591,9.959281,2.2589293
28408,1436609164606,0.557849,9.892841,2.2529438
28409,1436609164626,0.5291186,9.916184,2.211644
28410,1436609164646,0.5482722,9.9712515,2.207454
28411,1436609164665,0.6392518,9.988609,2.204461
28412,1436609164685,0.7661445,9.982025,2.285864
28413,1436609164704,0.8774749,10.00896,2.3020248
28414,1436609164736,0.919972,9.965864,2.3068132
28415,1436609164785,0.96187055,9.927557,2.259528
28416,1436609164786,0.97144735,9.920973,2.211644
28417,1436609164787,0.96187055,9.957485,2.1996727
28418,1436609164803,0.94690675,9.949105,2.2182279
28419,1436609164823,0.908001,9.952697,2.2260091
28420,1436609166262,0.89662856,9.922769,2.2697031
28421,1436609166263,0.8702923,9.911995,2.220622
28422,1436609166264,0.8726865,9.977237,2.1697452
28423,1436609166265,0.9175778,9.973646,2.1877017
28424,1436609166266,0.9720459,9.92636,2.2182279
28425,1436609166267,1.0085574,9.905411,2.2349873
28426,1436609166268,1.0241197,9.93893,2.2182279
28427,1436609166269,1.0486604,9.9951935,2.1936872
28428,1436609166270,1.0648212,10.027515,2.1906946
28429,1436609166271,1.0875661,10.0508585,2.2134395
28430,1436609166272,1.0684125,10.012551,2.2014685
28431,1436609166273,1.0959458,9.999982,2.2068555
28432,1436609166274,1.0791864,9.968259,2.2176294
28433,1436609166275,1.0313023,9.945514,2.1811178
28434,1436609166276,1.0187328,10.014946,2.1643584
28435,1436609166277,1.0079589,9.970653,2.1571758
28436,1436609166278,1.0061632,9.96766,2.1589713
28437,1436609166279,1.0342951,9.970653,2.183512
28438,1436609166280,1.0767922,9.958682,2.1751323
28439,1436609166281,1.1384429,9.961076,2.1751323
28440,1436609166282,1.1324574,10.003573,2.1398177
28441,1436609166283,1.0749966,9.953295,2.1637597
28442,1436609166284,1.0354922,9.951499,2.1547816
28443,1436609166285,1.0893618,9.913192,2.082357
28444,1436609166286,1.1575965,9.835979,2.0901382
28445,1436609166287,1.3245921,9.808446,2.0733786
28446,1436609166288,1.4532804,9.849147,2.095525
28447,1436609166289,1.5406688,9.876082,2.123657
28448,1436609166290,1.5837644,9.937134,2.106299
28449,1436609166291,1.5969325,10.009559,2.1158757
28450,1436609166292,1.62686,10.00896,2.1398177
28451,1436609166293,1.5263035,9.940725,2.1015105
28452,1436609166294,1.4137762,9.920375,2.12246
28453,1436609166295,1.3449428,9.913192,2.099715
28454,1436609166296,1.2599486,9.911995,2.066196
28455,1436609166297,1.1737574,9.929952,2.0614076
28456,1436609166298,1.1947067,10.010158,2.0416555
28457,1436609166299,1.2850877,9.97185,2.0548236
28458,1436609166300,1.3449428,9.953295,2.0967221
28459,1436609166301,1.3323733,9.913192,2.110489
28460,1436609166302,1.3706805,9.855133,2.0548236
28461,1436609166303,1.4024036,9.85214,1.9590555
28462,1436609166304,1.4766239,9.977237,1.8650831
28463,1436609166305,1.5526398,9.868899,1.9740193
28464,1436609166306,1.6298528,9.928755,2.0530279
28465,1436609166307,1.5646108,9.998186,2.0913353
28466,1436609166308,1.4993688,10.027515,2.0332758
28467,1436609166309,1.4514848,10.042479,1.9818004
28468,1436609166310,1.4460979,10.010158,1.9177556
28469,1436609166311,1.4646529,9.954493,1.9542671
28470,1436609166312,1.4311341,9.974244,1.9662381
28471,1436609166313,1.4095862,9.952098,1.9626468
28472,1436609166314,1.3868413,9.874885,2.023699
28473,1436609166315,1.4036007,9.852738,2.0338743
28474,1436609166316,1.4628572,9.999383,1.9572599
28475,1436609166317,1.4873978,10.027515,1.9686323
28476,1436609166318,1.4664485,10.018537,1.9841946
28477,1436609166319,1.4323312,10.084976,1.988983
28478,1436609166320,1.4568717,10.122087,1.9554642
28479,1436609166321,1.5221137,10.160394,1.9201498
28480,1436609166322,1.6053122,10.156203,1.8836381
28481,1436609166323,1.7399861,10.140042,1.8136078
28482,1436609166324,2.005144,9.941922,1.7908629
28483,1436609166325,2.1817162,9.728839,1.9087774
28484,1436609166326,2.3535004,9.728839,1.9572599
28485,1436609166327,2.3983915,9.792285,1.9991584
28486,1436609166328,2.1733365,9.925761,1.9961656
28487,1436609166329,2.006341,9.892242,1.9111716
28488,1436609166330,1.9871874,9.689334,1.9117701
28489,1436609166331,1.7160441,9.838373,1.9835961
28490,1436609166332,1.2916719,10.037092,2.142212
28491,1436609166333,0.89662856,10.103531,2.0931308
28492,1436609166334,0.75956047,10.056845,1.963844
28493,1436609166335,0.82779527,10.040684,1.9668367
28494,1436609166336,0.9564836,10.007763,2.0254946
28495,1436609166343,1.1133038,9.96347,2.0638018
28496,1436609166363,1.2791022,9.94312,2.0087352
28497,1436609166383,1.4287399,9.847352,2.0338743
28498,1436609166403,1.4652514,9.790489,2.0973208
28499,1436609166423,1.4036007,9.81503,2.099715
28500,1436609166443,1.371279,9.676167,2.156577
28501,1436609166463,1.3892355,9.677363,2.1188686
28502,1436609166484,1.4185646,9.771336,2.0763714
28503,1436609166506,1.423353,9.922171,2.1015105
28504,1436609166527,1.2982559,10.005369,2.1404164
28505,1436609166544,1.1402385,10.189124,2.172738
28506,1436609166567,1.0654198,10.254366,2.1242554
28507,1436609166587,1.1294646,10.195109,2.043451
28508,1436609166606,1.2443863,9.949105,2.0428526
28509,1436609166627,1.4119805,9.808446,2.0093338
28510,1436609166646,1.6053122,9.749788,1.9452889
28511,1436609166667,1.6741456,9.719262,1.9626468
28512,1436609166687,1.5975311,9.718663,2.011728
28513,1436609166708,1.4131776,9.843162,2.0614076
28514,1436609166728,1.2216414,9.901221,2.0937295
28515,1436609166747,1.0630256,9.945514,2.119467
28516,1436609166766,0.9247604,10.055049,2.1655555
28517,1436609166787,0.91937345,10.129868,2.1763294
28518,1436609166832,0.92176765,10.074203,2.2290018
28519,1436609166833,0.9768343,10.07121,2.2577322
28520,1436609166900,1.0408791,10.055647,2.2619221
28521,1436609166905,1.0259154,10.013748,2.19668
28522,1436609166906,0.95349085,10.053851,2.12246
28523,1436609166907,0.9415198,10.084377,2.0727801
28524,1436609166927,0.961272,10.011953,2.0913353
28525,1436609166947,0.9696517,9.952697,2.179322
28526,1436609166965,0.88765025,9.944916,2.2242134
28527,1436609166988,0.7314286,10.00896,2.123657
28528,1436609167005,0.58538234,10.0508585,2.1045034
28529,1436609167031,0.4890157,9.993997,2.147599
28530,1436609167054,0.50158525,9.9951935,2.2026656
28531,1436609167095,0.52971715,9.961076,2.2266076
28532,1436609167096,0.55126494,9.946113,2.1930888
28533,1436609167107,0.6368576,9.937134,2.1787236
28534,1436609167126,0.7134721,9.956287,2.1649568
28535,1436609167148,0.712275,9.929952,2.2535424
28536,1436609167168,0.62728083,9.97604,2.1984756
28537,1436609167188,0.58298814,9.988609,2.179322
28538,1436609167208,0.60932434,10.052056,2.1817162
28539,1436609167229,0.6619968,9.967062,2.2319946
28540,1436609167248,0.7164649,10.027515,2.303222
28541,1436609167268,0.7368156,10.116699,2.3421278
28542,1436609167289,0.7326257,10.069414,2.3678656
28543,1436609167305,0.75237787,10.137649,2.3678656
28544,1436609167329,0.85413146,10.096349,2.3654714
28545,1436609167347,0.94690675,9.922769,2.3385365
28546,1436609167368,1.0103531,9.779716,2.3133974
28547,1436609167388,1.0007763,9.658808,2.3505075
28548,1436609167408,0.99658644,9.606135,2.3355439
28549,1436609167428,0.9487024,9.713875,2.3223755
28550,1436609167448,0.84934306,9.728839,2.343325
28551,1436609167468,0.7906851,9.829993,2.380435
28552,1436609167489,0.6931214,9.916184,2.4127567
28553,1436609167509,0.59855044,9.954493,2.4241292
28554,1436609167529,0.5057751,9.985018,2.3732524
28555,1436609167546,0.45370123,9.98442,2.3145945
28556,1436609167568,0.48362875,10.009559,2.2661119
28557,1436609167631,0.5374983,10.059238,2.2697031
28558,1436609167632,0.61650693,10.12448,2.2104468
28559,1436609167633,0.7350199,10.171167,2.1823149
28560,1436609167645,0.83018947,10.071808,2.1787236
28561,1436609167667,0.8523358,10.070611,2.1583729
28562,1436609167686,0.93254155,9.858126,2.2152352
28563,1436609167706,1.0923545,9.837775,2.1458032
28564,1436609167730,1.2617443,9.810242,2.1188686
28565,1436609167746,1.3994108,9.782708,2.088941
28566,1436609167767,1.5316905,9.837176,2.0602105
28567,1436609167788,1.5508442,9.758167,2.0805612
28568,1436609167806,1.520318,9.724648,2.156577
28569,1436609167826,1.5125369,9.855133,2.142212
28570,1436609167849,1.5029601,9.946711,2.0284874
28571,1436609167869,1.5304934,9.949105,1.9656396
28572,1436609167889,1.541866,9.929952,1.9859903
28573,1436609167909,1.5658079,10.00896,1.9985598
28574,1436609167929,1.5227122,9.934141,2.144606
28575,1436609167949,1.3970166,9.877279,2.2056582
28576,1436609167969,1.252766,10.080188,2.0937295
28577,1436609167989,1.0935516,10.210671,1.9841946
28578,1436609168009,0.9235633,10.176555,1.946486
28579,1436609168030,0.7978677,10.310031,1.875857
28580,1436609168046,0.82480246,10.432734,1.8303672
28581,1436609168068,0.89662856,10.144831,1.977012
28582,1436609168085,1.049259,10.02153,2.099715
28583,1436609168108,1.2378023,9.948506,2.143409
28584,1436609168126,1.3401544,9.737218,2.1242554
28585,1436609168151,1.3910311,9.651626,2.1601684
28586,1436609168172,1.4329298,9.633071,2.2709002
28587,1436609168189,1.4107834,9.725247,2.297835
28588,1436609168206,1.2575544,9.91798,2.203264
28589,1436609168226,1.1659763,10.006566,2.1984756
28590,1436609168246,1.1629834,9.922769,2.3157916
28591,1436609168268,1.1174936,9.961675,2.3780408
28592,1436609168286,1.0354922,10.01315,2.3223755
28593,1436609168361,0.96905315,10.005369,2.2343888
28594,1436609168362,1.0055647,10.085575,2.172738
28595,1436609168363,1.115698,10.044873,2.2379801
28596,1436609168369,1.1432313,9.7719345,2.3624785
28597,1436609168386,1.0402806,9.671976,2.380435
28598,1436609168406,0.87208796,9.759963,2.291251
28599,1436609168426,0.6727707,9.810242,2.1206641
28600,1436609168450,0.5374983,9.807847,2.0614076
28601,1436609168466,0.53450555,10.010158,2.0159178
28602,1436609168487,0.6631939,10.088568,2.098518
28603,1436609168511,0.7140707,10.118495,2.219425
28604,1436609168527,0.6877344,10.143036,2.2960393
28605,1436609168550,0.58119243,10.041282,2.273893
28606,1436609168569,0.5351041,10.00896,2.1709423
28607,1436609168589,0.4914099,10.041881,2.1505916
28608,1436609168609,0.46148238,10.19451,2.078167
28609,1436609168629,0.4961983,10.305243,2.0458453
28610,1436609168650,0.54647654,10.31901,2.0961237
28611,1436609168670,0.5770026,10.266336,2.1505916
28612,1436609168689,0.62488663,10.149619,2.1823149
28613,1436609168709,0.6572084,10.092757,2.136825
28614,1436609168729,0.6242881,10.068815,2.0847511
28615,1436609168748,0.6362591,10.052654,2.0248961
28616,1436609168770,0.700304,10.032304,2.0440497
28617,1436609168789,0.75836337,10.029311,2.1110873
28618,1436609168806,0.8451532,10.0029745,2.1146786
28619,1436609168826,0.9103952,10.003573,2.107496
28620,1436609168848,0.9056068,9.949105,2.146402
28621,1436609168872,0.84814596,9.904214,2.1960814
28622,1436609168892,0.6727707,9.856929,2.3080103
28623,1436609168912,0.44592008,9.870096,2.3247697
28624,1436609168930,0.33997664,10.007763,2.1320367
28625,1436609168947,0.31004912,10.235811,1.8662802
28626,1436609168966,0.46866497,10.210671,1.9656396
28627,1436609168986,0.8798691,10.011354,2.2744915
28628,1436609169008,1.3317747,9.985617,2.284667
28629,1436609169121,1.5292963,9.90601,2.2331917
28630,1436609169122,1.5239093,9.821015,2.1829133
28631,1436609169123,1.4431051,9.849147,2.1763294
28632,1436609169124,1.3790601,9.8994255,2.1583729
28633,1436609169125,1.2569559,9.824008,2.2050598
28634,1436609169142,1.0809821,9.76954,2.2403743
28635,1436609169150,0.97982705,9.90601,2.2577322
28636,1436609169167,0.87927055,9.925163,2.271499
28637,1436609169187,0.8038532,9.9473095,2.304419
28638,1436609169207,0.79846627,9.983821,2.27928
28639,1436609169230,0.7793127,9.992201,2.2798786
28640,1436609169249,0.8146271,10.017939,2.220622
28641,1436609169269,0.8523358,10.022128,2.2254105
28642,1436609169288,0.95588505,9.927557,2.2667105
28643,1436609169310,0.9983821,9.834184,2.3187842
28644,1436609169330,1.0049661,9.794081,2.2589293
28645,1436609169353,0.9935937,9.81922,2.1757307
28646,1436609169370,1.0468647,9.886257,2.0979192
28647,1436609169390,1.1007342,9.949105,2.1619642
28648,1436609169410,1.1558008,9.986814,2.2523453
28649,1436609169430,1.1115081,9.985617,2.292448
28650,1436609169450,1.0384849,9.953894,2.284667
28651,1436609169470,0.9804256,9.956886,2.273893
28652,1436609169490,0.94331545,10.002377,2.280477
28653,1436609169510,0.92535895,10.02153,2.2463598
28654,1436609169529,0.8900445,10.06283,2.2625206
28655,1436609169550,0.91578215,10.038888,2.232593
28656,1436609169568,0.94690675,10.031107,2.224812
28657,1436609169588,0.9876082,9.994595,2.2266076
28658,1436609169608,1.0546459,9.940725,2.244564
28659,1436609169632,1.0953473,9.910798,2.2278047
28660,1436609169652,1.1360487,9.941324,2.146402
28661,1436609169672,1.2234371,10.024523,2.1230583
28662,1436609169690,1.2719196,9.952697,2.232593
28663,1436609169708,1.3000516,9.980229,2.2756886
28664,1436609169728,1.2216414,9.948506,2.2439656
28665,1436609169747,1.0971429,10.013748,2.15538
28666,1436609169771,1.0354922,9.914988,2.1906946
28667,1436609169790,0.9816227,9.847352,2.2427685
28668,1436609169869,0.9115923,9.838972,2.2170308
28669,1436609169870,0.8523358,9.882666,2.1823149
28670,1436609169871,0.8499416,9.910199,2.1996727
28671,1436609169872,0.8870517,9.916783,2.236783
28672,1436609169892,0.85891986,9.89763,2.28347
28673,1436609169917,0.83737206,9.968858,2.2559366
28674,1436609169927,0.8912416,10.080787,2.1667526
28675,1436609169948,1.0175357,10.220847,2.098518
28676,1436609169981,1.1845313,10.055049,2.2224178
28677,1436609169998,1.276708,9.933543,2.2613235
28678,1436609170007,1.3479356,9.910798,2.304419
28679,1436609170038,1.282095,9.797073,2.2810757
28680,1436609170049,1.1599907,9.731233,2.2146366
28681,1436609170068,1.01574,9.763555,2.2146366
28682,1436609170089,0.8583213,9.790489,2.2511482
28683,1436609170109,0.7140707,9.840768,2.2631192
28684,1436609170130,0.7164649,9.975441,2.1996727
28685,1436609170150,0.80804306,9.972448,2.273893
28686,1436609170171,0.866701,9.928156,2.360683
28687,1436609170191,0.8774749,9.902418,2.4127567
28688,1436609170211,0.8571242,9.870695,2.3523033
28689,1436609170230,0.8182184,9.888652,2.2469583
28690,1436609170251,0.82001406,9.898229,2.2110453
28691,1436609170271,0.8403648,9.881469,2.2505496
28692,1436609170291,0.83856916,9.886856,2.2691047
28693,1436609170310,0.81283146,9.888652,2.2619221
28694,1436609170329,0.7811083,9.944916,2.2409728
28695,1436609170349,0.75956047,10.005967,2.2385786
28696,1436609170371,0.74758947,10.017939,2.231396
28697,1436609170391,0.7116765,10.06283,2.2158337
28698,1436609170420,0.6757634,10.084976,2.2301989
28699,1436609170431,0.64463884,10.111312,2.247557
28700,1436609170449,0.60333884,10.11251,2.27928
28701,1436609170469,0.5482722,10.134057,2.32058
28702,1436609170490,0.45250413,10.176555,2.28347
28703,1436609170509,0.38187516,10.210073,2.2104468
28704,1436609170529,0.4345476,10.21546,2.2439656
28705,1436609170590,0.43754035,10.083779,2.3277626
28706,1436609170591,0.4794389,10.055049,2.3594859
28707,1436609170592,0.46028528,10.01315,2.3133974
28708,1436609170610,0.5021838,9.98442,2.3116016
28709,1436609170630,0.56084174,10.053851,2.2667105
28710,1436609170648,0.6218939,10.042479,2.2523453
28711,1436609170668,0.6997054,9.946711,2.3259668
28712,1436609170690,0.7218518,9.931747,2.355296
28713,1436609170711,0.7254431,9.945514,2.3744495
28714,1436609170730,0.6967127,9.929353,2.3864205
28715,1436609170749,0.6955156,9.887454,2.3942018
28716,1436609170771,0.6781576,9.904214,2.4241292
28717,1436609170789,0.6733692,9.909002,2.4396915
28718,1436609170811,0.63087213,9.888053,2.4109612
28719,1436609170830,0.64823014,9.897031,2.415151
28720,1436609170850,0.6919243,9.849746,2.4408886
28721,1436609170872,0.7284359,9.8198185,2.460641
28722,1436609170922,0.7493851,9.821015,2.4510639
28723,1436609170923,0.7769185,9.807847,2.4504654
28724,1436609170930,0.8062474,9.80665,2.4426842
28725,1436609170950,0.79726917,9.809643,2.428319
28726,1436609170971,0.79607207,9.816826,2.4247277
28727,1436609170992,0.7745243,9.838373,2.4223335
28728,1436609171012,0.7637503,9.86471,2.4265234
28729,1436609171031,0.8002619,9.889849,2.4349031
28730,1436609171051,0.82240826,9.953295,2.3828292
28731,1436609171069,0.8511387,9.992201,2.4001873
28732,1436609171094,0.8535329,9.956287,2.4001873
28733,1436609171114,0.82360536,9.898827,2.416348
28734,1436609171132,0.789488,9.916184,2.372654
28735,1436609171150,0.7661445,9.94312,2.3636756
28736,1436609171171,0.748188,9.956886,2.4013844
28737,1436609171189,0.6985083,9.940725,2.3840263
28738,1436609171210,0.6631939,9.958682,2.3918076
28739,1436609171231,0.6404489,9.964069,2.3942018
28740,1436609171253,0.682946,9.998186,2.380435
28741,1436609171313,0.688333,10.042479,2.327164
28742,1436609171314,0.6919243,10.315418,2.179322
28743,1436609171315,0.4902128,10.079589,2.1068976
28744,1436609171329,0.4866215,9.774927,2.2840683
28745,1436609171351,0.5883751,9.733627,2.404377
28746,1436609171369,0.6979098,9.760562,2.355296
28747,1436609171389,0.86011696,9.800066,2.2984335
28748,1436609171410,1.0007763,9.803059,2.2990322
28749,1436609171430,1.2192472,9.873688,2.3511062
28750,1436609171450,1.4041992,9.953295,2.4061728
28751,1436609171470,1.460463,9.997588,2.3439236
28752,1436609171490,1.4478935,9.94312,2.2709002
28753,1436609171512,1.4748282,9.877279,2.2242134
28754,1436609171530,1.5239093,9.895236,2.2062569
28755,1436609171550,1.4167689,9.898827,2.1930888
28756,1436609171572,1.2306197,9.888652,2.1601684
28757,1436609171592,1.0001777,9.955689,2.1320367
28758,1436609171610,0.88166475,10.0508585,2.1206641
28759,1436609171631,0.84096336,9.998186,2.2523453
28760,1436609171652,0.7404069,10.089166,2.3056161
28761,1436609171672,0.6368576,10.316615,2.2984335
28762,1436609171692,0.5823896,10.231023,2.4594438
28763,1436609171713,0.53929394,10.184934,2.5683799
28764,1436609171730,0.46746787,10.34355,2.5181017
28765,1436609171751,0.35673606,10.221446,2.4624364
28766,1436609171771,0.30705637,10.134057,2.2984335
28767,1436609171790,0.2633622,10.150817,2.0925324
28768,1436609171813,0.31603462,10.210671,1.910573
28769,1436609171833,0.545878,10.107721,1.8728642
28770,1436609171854,0.8026561,10.047267,1.9500773
28771,1436609171870,0.98461545,9.977237,2.0530279
28772,1436609171891,1.079785,9.801862,2.2230163
28773,1436609171910,1.1306617,9.721058,2.271499
28774,1436609171951,1.1432313,9.776124,2.2296004
28775,1436609171952,1.0947487,9.803059,2.2780828
28776,1436609171978,1.0456676,9.884461,2.2822728
28777,1436609172085,1.073201,9.895236,2.3959973
28778,1436609172091,1.228824,9.92636,2.3762453
28779,1436609172092,1.5245079,9.992201,2.3092074
28780,1436609172093,1.9578584,10.311827,2.396596
28781,1436609172094,2.107496,10.419566,2.6288335
28782,1436609172095,2.1152773,10.38904,2.6485856
28783,1436609172110,2.034473,10.443508,2.6282349
28784,1436609172133,1.6274586,10.3214035,2.7754784
28785,1436609172149,0.9804256,10.004171,2.8814218
28786,1436609172177,0.3728969,9.586384,2.5959132
28787,1436609172190,0.05925649,9.041702,2.211644
28788,1436609172211,0.08379706,8.802282,1.9057846
28789,1436609172234,0.28072014,8.950125,1.8549078
28790,1436609172252,0.56203884,9.264962,1.9979613
28791,1436609172273,0.83018947,9.479243,2.2499511
28792,1436609172293,1.1061212,9.614515,2.4654293
28793,1436609172313,1.323395,9.723452,2.6001031
28794,1436609172330,1.5089456,9.845556,2.5953147
28795,1436609172351,1.6484078,9.712079,2.5893292
28796,1436609172371,1.7812861,9.42238,2.529474
28797,1436609172391,1.9057846,9.3661175,2.405574
28798,1436609172413,1.8884265,9.704298,2.3373394
28799,1436609172430,1.6849195,10.327988,2.2774844
28800,1436609172451,1.3557167,10.468048,2.4349031
28801,1436609172471,1.1725603,10.511743,2.5091233
28802,1436609172491,1.1647792,10.216059,2.6198552
28803,1436609172513,1.115698,9.630077,2.7353754
28804,1436609172530,1.2252327,9.336189,2.6258407
28805,1436609172551,1.471237,9.248801,2.3906105
28806,1436609172573,1.8130093,9.2308445,2.1033063
28807,1436609172590,2.106299,9.222465,1.9740193
28808,1436609172610,2.2960393,9.414599,1.9782091
28809,1436609172631,2.336741,9.688137,2.1098902
28810,1436609172651,2.0829554,9.958682,2.224812
28811,1436609172673,1.6591818,10.105327,2.3020248
28812,1436609172691,1.1019313,10.26095,2.4079683
28813,1436609172711,0.7146692,10.386645,2.4552538
28814,1436609172737,0.44951138,10.40939,2.4343045
28815,1436609172811,0.4794389,10.347141,2.3247697
28816,1436609172812,0.6961141,10.190321,2.2613235
28817,1436609172813,0.8146271,10.0987425,2.2272062
28818,1436609172814,1.0905589,10.01734,2.142212
28819,1436609172830,1.1887212,10.010756,1.99437
28820,1436609172851,1.1408371,10.074203,1.8656816
28821,1436609172870,1.050456,10.1161,1.869273
28822,1436609172895,0.90620536,10.172963,2.0248961
28823,1436609172911,0.7858967,10.262746,2.1775265
28824,1436609172932,0.75836337,10.258555,2.2960393
28825,1436609172956,0.83378077,10.29387,2.3056161
28826,1436609172971,0.89303726,10.242394,2.3349452
28827,1436609172993,0.8379706,10.058042,2.3906105
28828,1436609173013,0.7044938,9.962274,2.3636756
28829,1436609173034,0.5506664,9.982624,2.2122424
28830,1436609173053,0.39983168,9.931747,2.0697873
28831,1436609173073,0.3417723,9.962872,1.9165585
28832,1436609173099,0.415394,9.968858,1.927931
28833,1436609173113,0.54049104,9.887454,2.0470424
28834,1436609173134,0.66498953,9.902418,2.1984756
28835,1436609173154,0.7469909,9.968858,2.2984335
28836,1436609173172,0.801459,10.025121,2.2703018
28837,1436609173193,0.84216046,9.962872,2.2948422
28838,1436609173214,0.866701,9.888652,2.2613235
28839,1436609173233,0.9403227,9.779716,2.2415714
28840,1436609173253,1.027711,9.847352,2.2643163
28841,1436609173274,1.1168951,9.8515415,2.368464
28842,1436609173294,1.1953052,9.844358,2.4690206
28843,1436609173313,1.0929531,9.865308,2.48578
28844,1436609173334,0.85413146,10.118495,2.2583308
28845,1436609173353,0.8086416,10.33098,1.8962077
28846,1436609173376,0.89423436,10.092158,1.8836381
28847,1436609173392,1.1318588,10.065823,2.112883
28848,1436609173414,1.2000936,10.017939,2.355296
28849,1436609173432,1.0660183,9.86471,2.3038206
28850,1436609173452,0.8846575,9.800066,2.1051018
28851,1436609173515,0.83378077,9.855731,1.8860323
28852,1436609173516,0.8846575,9.879075,1.8435353
28853,1436609173517,1.0474633,9.900622,1.8106151
28854,1436609173538,1.0899603,9.964069,1.965041
28855,1436609173552,1.0145429,10.016143,2.134431
28856,1436609173572,0.91697925,10.098145,2.135628
28857,1436609173592,0.85532856,10.204686,2.094328
28858,1436609173612,0.82001406,10.149619,2.1027076
28859,1436609173636,0.80325466,10.045472,2.0973208
28860,1436609173651,0.7170634,9.959281,2.079364
28861,1436609173672,0.63206923,9.922769,1.9979613
28862,1436609173693,0.65182143,9.919776,1.9524715
28863,1436609173714,0.7015011,9.88506,1.9554642
28864,1436609173731,0.7248446,9.964667,1.903989
28865,1436609173755,0.7410054,9.999982,1.7495629
28866,1436609173773,0.7272388,10.052654,1.6274586
28867,1436609173794,0.770933,10.187927,1.5119383
28868,1436609173815,0.79607207,10.289082,1.5197195
28869,1436609173834,0.81642276,10.2974615,1.7262194
28870,1436609173855,0.7404069,10.359711,1.9794062
28871,1436609173875,0.6338649,10.358514,2.2290018
28872,1436609173894,0.5315128,10.406398,2.497751
28873,1436609173913,0.43873745,10.565014,2.617461
28874,1436609173936,0.3250129,10.609306,2.610877
28875,1436609173954,0.19572599,10.384252,2.5845408
28876,1436609173972,0.08200141,10.086173,2.5342624
28877,1436609173992,0.1436521,9.849746,2.417545
28878,1436609174012,0.3405752,9.737817,2.2984335
28879,1436609174038,0.6392518,9.534309,2.2643163
28880,1436609174052,0.9331401,9.405023,2.2583308
28881,1436609174077,1.1779473,9.418191,2.231396
28882,1436609174093,1.2904748,9.451111,2.1936872
28883,1436609174114,1.3066356,9.512163,2.15538
28884,1436609174132,1.3036429,9.662399,2.119467
28885,1436609174151,1.2689269,9.721058,2.148796
28886,1436609174175,1.2264298,9.738416,2.1972785
28887,1436609174192,1.1713632,9.86471,2.2361844
28888,1436609174248,1.0319009,10.017939,2.260725
28889,1436609174261,0.97384155,10.067019,2.2631192
28890,1436609174262,1.0354922,10.170568,2.1021092
28891,1436609174272,1.2144588,10.19092,2.0638018
28892,1436609174297,1.3688848,10.087969,2.154183
28893,1436609174315,1.4287399,10.051457,2.2260091
28894,1436609174332,1.3988123,9.974244,2.284667
28895,1436609174354,1.2360066,9.9473095,2.243367
28896,1436609174372,1.0791864,9.913791,2.2080526
28897,1436609174393,0.9487024,9.89344,2.244564
28898,1436609174412,0.8170213,9.985617,2.271499
28899,1436609174436,0.7763199,10.043077,2.2499511
28900,1436609174452,0.78410107,9.985617,2.219425
28901,1436609174475,0.9487024,9.885659,2.2457612
28902,1436609174496,1.134253,9.87668,2.2146366
28903,1436609174515,1.2940661,9.813234,2.2140381
28904,1436609174535,1.417966,9.81084,2.1242554
28905,1436609174556,1.555034,9.824008,2.2104468
28906,1436609174575,1.6681601,9.8437605,2.272696
28907,1436609174595,1.6238673,9.886856,2.3259668
28908,1436609174614,1.4413095,9.981427,2.2720973
28909,1436609174633,1.2162545,9.961675,2.178125
28910,1436609174654,1.0726024,9.936536,2.183512
28911,1436609174675,0.99898064,9.858126,2.2002714
28912,1436609174692,1.0378864,9.88506,2.2158337
28913,1436609174712,1.1623849,9.885659,2.1691468
28914,1436609174732,1.2982559,9.802461,2.2224178
28915,1436609174758,1.4425066,9.803658,2.2649148
28916,1436609174778,1.5179238,9.821614,2.2750902
28917,1436609174795,1.4993688,9.816227,2.255338
28918,1436609174815,1.4676456,9.878476,2.1960814
28919,1436609174832,1.4431051,9.920973,2.183512
28920,1436609174852,1.3347675,9.91798,2.224812
28921,1436609174872,1.2138603,9.947908,2.2571337
28922,1436609174896,1.1456255,10.010756,2.2511482
28923,1436609174915,1.0540473,10.042479,2.2218192
28924,1436609174979,1.009156,9.950302,2.2349873
28925,1436609174980,1.0097545,9.910798,2.2756886
28926,1436609174981,1.0540473,9.82341,2.331354
28927,1436609174993,1.0013748,9.870096,2.3169887
28928,1436609175015,0.9355343,10.020931,2.2379801
28929,1436609175034,0.86131406,9.9928,2.1721394
28930,1436609175055,0.91099375,9.937733,2.1308396
28931,1436609175073,1.0336965,9.993398,2.106299
28932,1436609175093,1.0977415,10.078392,2.1517887
28933,1436609175125,1.216853,10.050261,2.231396
28934,1436609175132,1.3245921,10.049063,2.2661119
28935,1436609175153,1.4287399,10.09156,2.1829133
28936,1436609175174,1.5693992,10.077793,2.0733786
28937,1436609175196,1.6166847,10.08318,2.0135236
28938,1436609175216,1.4951789,10.083779,2.0272903
28939,1436609175237,1.2354081,10.10413,2.0189106
28940,1436609175255,0.92535895,10.05445,2.0290859
28941,1436609175276,0.5931635,9.962274,2.0111294
28942,1436609175296,0.31603462,9.942521,2.0129251
28943,1436609175316,0.30466217,9.949105,2.0099323
28944,1436609175337,0.52373165,9.929952,2.0057425
28945,1436609175355,0.86729956,9.900622,2.0602105
28946,1436609175376,1.2389994,9.828796,2.1362264
28947,1436609175397,1.6166847,9.805453,2.1865046
28948,1436609175413,1.7848774,9.780912,2.1164744
28949,1436609175437,1.7459716,9.683948,2.1416135
28950,1436609175456,1.6178818,9.715671,2.1410148
28951,1436609175476,1.3928268,9.73662,2.1691468
28952,1436609175496,1.1228806,9.785701,2.1823149
28953,1436609175516,0.9044097,9.862914,2.1877017
28954,1436609175536,0.8265981,9.812635,2.2523453
28955,1436609175563,0.7858967,9.816227,2.2307975
28956,1436609175573,0.83497787,9.962274,2.0841527
28957,1436609175593,0.94092125,10.049662,2.005144
28958,1436609175613,1.1611878,10.058042,1.9189527
28959,1436609175633,1.3688848,10.163386,1.9315223
28960,1436609175654,1.650802,10.2406,1.9536686
28961,1436609175674,1.8339585,9.974244,2.0841527
28962,1436609175730,1.8674773,9.863512,2.1440077
28963,1436609175731,1.7902644,9.813234,2.1709423
28964,1436609175737,1.6095021,9.900622,2.0763714
28965,1436609175753,1.2485762,10.042479,2.0410569
28966,1436609175774,0.8798691,10.200497,2.047641
28967,1436609175794,0.62488663,10.28549,2.0667946
28968,1436609175813,0.49081135,10.229227,2.15538
28969,1436609175838,0.45609543,10.225037,2.1853075
28970,1436609175854,0.50757074,10.248381,2.099715
28971,1436609175874,0.6266823,10.197504,2.055422
28972,1436609175894,0.7386112,10.155006,1.9931729
28973,1436609175915,0.85473,10.065823,1.9177556
28974,1436609175933,0.9068039,10.00477,1.9093759
28975,1436609175964,0.9624691,9.959879,1.9285295
28976,1436609176003,1.0073603,9.929952,1.9835961
28977,1436609176004,1.06123,9.962274,2.0308816
28978,1436609176017,1.1587936,9.989806,2.0787656
28979,1436609176035,1.2545617,10.023325,2.1098902
28980,1436609176060,1.3455414,10.070012,2.136825
28981,1436609176075,1.3790601,10.160394,2.1134815
28982,1436609176093,1.3162124,10.093356,2.1458032
28983,1436609176115,1.258153,10.080787,2.1440077
28984,1436609176135,1.0755951,10.143634,2.0655975
28985,1436609176157,0.88944596,9.965266,2.0548236
28986,1436609176177,0.8319851,9.8276,2.0655975
28987,1436609176197,0.86370826,9.797073,2.042254
28988,1436609176217,0.91817635,9.844358,1.9614497
28989,1436609176236,1.0043676,9.852738,1.9895816
28990,1436609176256,1.1486182,9.86471,2.034473
28991,1436609176277,1.2276269,9.847352,2.0859482
28992,1436609176297,1.2886791,9.86471,2.078167
28993,1436609176316,1.3634979,9.915586,2.0721815
28994,1436609176335,1.4437037,9.813234,2.1200657
28995,1436609176355,1.447295,9.808446,2.15538
28996,1436609176376,1.412579,9.831789,2.1164744
28997,1436609176402,1.3760674,9.829395,2.0811598
28998,1436609176468,1.3587095,9.815628,2.0482395
28999,1436609176469,1.3144168,9.897031,2.046444
29000,1436609176470,1.2695254,9.990405,2.0338743
29001,1436609176477,1.2234371,10.059837,2.0141222
29002,1436609176494,1.2144588,10.065224,2.0446482
29003,1436609176514,1.1899183,10.069414,2.0859482
29004,1436609176534,1.1713632,10.02153,2.079364
29005,1436609176557,1.0534488,9.991004,2.0416555
29006,1436609176574,0.96067345,9.99639,2.0045455
29007,1436609176594,0.9307459,10.020332,2.0153193
29008,1436609176620,0.9247604,10.065823,2.0207062
29009,1436609176635,0.9175778,10.053851,2.0147207
29010,1436609176658,0.96905315,10.037092,2.0272903
29011,1436609176675,0.9840169,10.012551,2.0446482
29012,1436609176697,0.99778354,9.968858,2.0626047
29013,1436609176717,1.0324994,9.931747,2.0757728
29014,1436609176737,1.1384429,9.960478,2.0219033
29015,1436609176757,1.2449849,9.961675,2.0500352
29016,1436609176777,1.3257892,9.977836,2.0961237
29017,1436609176797,1.371279,9.996989,2.1290438
29018,1436609176817,1.3491327,9.988011,2.1380222
29019,1436609176838,1.3006501,10.006566,2.067393
29020,1436609176856,1.2443863,10.022128,2.0404584
29021,1436609176876,1.1941081,10.001179,2.0404584
29022,1436609176897,1.1653777,9.946113,2.0685902
29023,1436609176914,1.1534066,9.9473095,2.0721815
29024,1436609176935,1.151611,9.950901,2.059612
29025,1436609176957,1.1731589,9.961076,2.087744
29026,1436609176980,1.1875241,9.977836,2.1577742
29027,1436609177000,1.1893197,10.008362,2.1296425
29028,1436609177037,1.1839328,10.09156,2.0919337
29029,1436609177038,1.1599907,10.144233,2.0219033
29030,1436609177063,1.1336545,10.036493,1.9381063
29031,1436609177106,1.1109096,9.94312,1.95307
29032,1436609177107,1.1360487,9.905411,1.9285295
29033,1436609177116,1.1731589,9.81922,2.007538
29034,1436609177183,1.2234371,9.773131,2.0817583
29035,1436609177184,1.2707225,9.858724,2.136825
29036,1436609177185,1.2473791,10.022128,2.107496
29037,1436609177199,1.1534066,10.110115,2.087744
29038,1436609177216,1.0480618,10.159196,2.1386206
29039,1436609177236,0.9403227,10.151415,2.1583729
29040,1436609177255,0.86849666,10.0664215,2.0967221
29041,1436609177275,0.88765025,9.959281,2.083554
29042,1436609177296,0.99179804,9.89763,2.0578163
29043,1436609177316,1.0935516,9.865907,2.0428526
29044,1436609177335,1.1629834,9.860519,2.0326772
29045,1436609177357,1.2587515,9.905411,2.0787656
29046,1436609177378,1.3126211,9.89763,2.1092918
29047,1436609177399,1.311424,9.949704,2.1416135
29048,1436609177418,1.2623428,9.973646,2.1164744
29049,1436609177438,1.2228385,9.961675,2.1452048
29050,1436609177458,1.204882,9.966463,2.12246
29051,1436609177478,1.2240356,9.958083,2.1362264
29052,1436609177498,1.2192472,9.994595,2.11827
29053,1436609177518,1.210269,10.0029745,2.0895395
29054,1436609177538,1.2204443,9.999383,2.0751743
29055,1436609177558,1.2078748,9.927557,2.0775685
29056,1436609177577,1.1677719,9.919776,2.100912
29057,1436609177598,1.151611,9.931149,2.0560207
29058,1436609177618,1.1546037,9.91798,2.0278888
29059,1436609177637,1.1869255,9.907805,2.0757728
29060,1436609177658,1.1947067,9.913791,2.1057005
29061,1436609177678,1.2336124,9.945514,2.1045034
29062,1436609177698,1.2497733,9.96347,2.0769699
29063,1436609177718,1.271321,9.985617,2.1146786
29064,1436609177738,1.3132197,10.117298,2.1470003
29065,1436609177758,1.3281834,10.411784,2.1865046
29066,1436609177778,1.3186066,10.899005,2.0458453
29067,1436609177797,1.4323312,11.149797,1.9644425
29068,1436609177817,1.7621324,11.164762,2.2750902
29069,1436609177844,2.0536265,10.929531,2.6300306
29070,1436609177910,2.4187422,10.447099,3.1106665
29071,1436609177911,2.4259248,10.228029,3.2794578
29072,1436609177912,2.0524294,10.330381,3.2968156
29073,1436609177918,1.6609775,10.367492,3.2519245
29074,1436609177936,1.3335704,10.163386,3.413533
29075,1436609178087,1.1186907,9.621099,3.5823243
29076,1436609178105,0.8038532,9.221867,3.6122518
29077,1436609178106,0.504578,9.388264,3.4943373
29078,1436609178107,0.29448682,9.247604,3.5272577
29079,1436609178108,0.16938977,8.930372,3.4985273
29080,1436609178109,-0.016759412,8.611943,3.3728316
29081,1436609178110,-0.11492168,8.446744,3.110068
29082,1436609178111,-0.16519992,8.198345,3.127426
29083,1436609178128,-0.16220717,7.9152308,3.378817
29084,1436609178187,-0.1921347,7.8332295,3.530849
29085,1436609178188,-0.2633622,8.167819,3.539827
29086,1436609178189,-0.31244332,8.567052,3.4997244
29087,1436609178212,-0.374094,8.921394,3.5296519
29088,1436609178218,-0.46866497,8.974067,3.5703533
29089,1436609178236,-0.5105635,8.767567,3.560178
29090,1436609178255,-0.46986207,9.16261,3.4925418
29091,1436609178275,-0.3441665,9.379884,3.4967315
29092,1436609178295,0.075417355,9.56304,3.7002387
29093,1436609178315,0.374094,9.522937,4.3795934
29094,1436609178335,0.22266077,9.802461,5.185242
29095,1436609178355,-0.18315643,10.229227,5.5527525
29096,1436609178377,-0.37828386,10.41358,5.2702365
29097,1436609178398,-0.52971715,10.147824,4.799776
29098,1436609178415,-0.6889315,9.640852,3.9695864
29099,1436609178434,-0.6039374,9.530719,3.6619315
29100,1436609178455,-0.32202014,9.681553,3.2381577
29101,1436609178474,-0.023343466,9.539098,3.1741128
29102,1436609178494,0.09756372,9.752182,3.3237505
29103,1436609178514,0.05327099,10.174759,3.1812954
29104,1436609178534,-0.05865794,10.151415,3.1238346
29105,1436609178554,-0.1400608,10.003573,3.4051533
29106,1436609178574,-0.22565351,10.157999,3.5140896
29107,1436609178595,-0.54647654,10.007165,3.4871547
29108,1436609178614,-0.81402856,9.825205,3.067571
29109,1436609178634,-1.0426749,9.589975,2.4881742
29110,1436609178655,-1.1258733,9.076419,2.2744915
29111,1436609178674,-0.92296475,8.867524,2.1888988
29112,1436609178695,-0.8595184,9.090784,2.304419
29113,1436609178736,-0.93373865,9.346964,2.5965118
29114,1436609178747,-0.9888053,9.518747,2.7036524
29115,1436609178755,-0.9056068,10.114903,2.882619
29116,1436609178776,-0.7188591,10.487801,3.2441432
29117,1436609178799,-0.6380547,10.350733,3.4877534
29118,1436609178815,-0.5279215,10.301053,3.5757403
29119,1436609178836,-0.2100912,10.251971,3.5458126
29120,1436609178857,0.40402153,10.226234,3.7175968
29121,1436609178877,1.0043676,10.031705,3.8055837
29122,1436609178897,1.3479356,9.844957,3.567959
29123,1436609178919,1.4137762,9.870096,3.008913
29124,1436609178938,1.2449849,9.67018,2.5151088
29125,1436609178959,0.8194155,9.44333,2.255338
29126,1436609178977,0.23882163,9.464878,1.9949685
29127,1436609178998,-0.32321724,9.457097,1.9740193
29128,1436609179019,-0.84216046,9.434352,2.3678656
29129,1436609179036,-1.2587515,9.662998,2.861071
29130,1436609179058,-1.453879,10.099341,3.2124202
29131,1436609179076,-1.3976152,10.323798,3.4883518
29132,1436609179101,-1.2503718,10.250774,3.757101
29133,1436609179116,-1.043872,10.1304655,3.7116113
29134,1436609179140,-0.9032126,9.900622,3.347094
29135,1436609179160,-0.830788,9.812635,3.1346085
29136,1436609179180,-0.62249243,9.697714,2.7617116
29137,1436609179200,-0.47345337,9.607333,2.4343045
29138,1436609179220,-0.35075054,9.640253,2.166154
29139,1436609179238,-0.18734628,9.506178,2.1625626
29140,1436609179258,-0.23104046,9.390657,2.3211784
29141,1436609179280,-0.2801216,9.586982,2.4480712
29142,1436609179302,-0.43394905,9.96766,2.598906
29143,1436609179321,-0.5758055,10.352529,2.870648
29144,1436609179338,-0.6931214,10.137649,3.6469676
29145,1436609179357,-0.55365914,10.193314,4.3299136
29146,1436609179427,-0.25917232,10.624868,3.8139634
29147,1436609179428,-0.014963761,10.35193,3.318962
29148,1436609179429,0.18794483,9.977237,2.9017725
29149,1436609179438,0.37708676,9.809643,2.1883004
29150,1436609179465,0.44472298,9.482236,1.7046716
29151,1436609179477,0.15741876,9.136273,1.7525556
29152,1436609179498,-0.3549404,9.087193,2.0859482
29153,1436609179519,-0.9528923,9.44333,2.4061728
29154,1436609179539,-1.2372037,9.592369,2.7287915
29155,1436609179559,-1.1049241,9.824607,3.1591492
29156,1436609179578,-0.6715736,10.163386,3.3039982
29157,1436609179599,-0.044891283,10.204087,3.4314895
29158,1436609179619,0.25677812,10.17416,3.152565
29159,1436609179640,0.28909984,9.956287,2.658761
29160,1436609179660,0.21308395,9.651626,2.1841104
29161,1436609179679,0.11312603,9.526528,1.9141643
29162,1436609179700,-0.010175358,9.518148,1.8644845
29163,1436609179717,-0.32920274,9.60015,2.0368671
29164,1436609179739,-0.8319851,9.870096,2.3253684
29165,1436609179760,-1.1869255,9.979631,2.552219
29166,1436609179779,-1.2156559,10.075998,2.8000188
29167,1436609179801,-0.8475474,10.132261,3.0424318
29168,1436609179820,-0.32321724,10.289082,3.0490158
29169,1436609179840,-0.05865794,10.503962,2.9083564
29170,1436609179857,0.20709845,10.689512,2.6689363
29171,1436609179880,0.39205053,10.776301,2.5258827
29172,1436609179898,0.6853402,10.498574,2.4450784
29173,1436609179920,0.31124622,9.737218,2.5851393
29174,1436609179941,-0.43155485,9.272743,2.5785553
29175,1436609179962,-1.0324994,9.242217,2.5629928
29176,1436609179980,-1.3664906,9.585187,2.5330653
29177,1436609179999,-1.1270704,9.70789,2.4127567
29178,1436609180018,-0.81163436,9.473856,2.6402059
29179,1436609180038,-0.57161564,9.38168,2.955642
29180,1436609180148,-0.014963761,9.604341,3.2573113
29181,1436609180149,0.3561375,10.261548,3.1130607
29182,1436609180150,0.30226797,10.510546,3.0412347
29183,1436609180151,0.11492168,10.193314,3.2603042
29184,1436609180152,-0.130484,9.76116,3.157952
29185,1436609180172,-0.40462008,9.46847,2.9101522
29186,1436609180180,-0.6985083,9.572617,2.7210102
29187,1436609180198,-0.9463082,9.679159,2.5911248
29188,1436609180217,-1.0552444,9.437345,2.4863784
29189,1436609180240,-0.9780314,9.056067,2.4678235
29190,1436609180257,-0.53809685,8.977658,3.0753522
29191,1436609180278,0.14544775,9.361927,3.2501287
29192,1436609180303,0.39324763,9.872491,3.1322143
29193,1436609180318,0.5279215,10.429143,3.181894
29194,1436609180339,0.6386533,10.301053,3.1998506
29195,1436609180361,0.60094464,10.070012,2.9131448
29196,1436609180381,0.37469256,10.096349,2.8161798
29197,1436609180401,-0.010175358,10.098145,2.7700913
29198,1436609180426,-0.3728969,10.042479,2.6150668
29199,1436609180439,-0.6607997,10.034698,2.5432408
29200,1436609180459,-0.7266402,9.978435,2.5671828
29201,1436609180480,-0.6715736,9.858126,2.7252002
29202,1436609180500,-0.664391,9.947908,2.7898436
29203,1436609180520,-0.57879823,10.103531,2.6952724
29204,1436609180539,-0.3854665,10.111312,2.6473885
29205,1436609180560,-0.27234045,9.888053,2.7389667
29206,1436609180580,-0.24121583,9.739613,2.730587
29207,1436609180599,-0.24001873,9.717466,2.6749218
29208,1436609180619,-0.18854338,9.664195,2.5330653
29209,1436609180638,-0.12808979,9.577405,2.516306
29210,1436609180662,-0.092176765,9.627684,2.565387
29211,1436609180683,-0.038307227,9.700109,2.6623523
29212,1436609180715,0.025737667,9.825205,2.7222073
29213,1436609180719,0.073023155,10.004171,2.6539726
29214,1436609180738,0.076614454,9.946113,2.653374
29215,1436609180758,0.14065935,9.752781,2.6443958
29216,1436609180779,0.29328972,9.436746,2.528277
29217,1436609180798,0.694917,9.300277,2.5139117
29218,1436609180818,1.5239093,9.411008,2.7234044
29219,1436609180852,2.6952724,9.828796,2.8742392
29220,1436609180863,3.50152,10.287885,3.09271
29221,1436609180878,3.555988,10.745177,3.3740287
29222,1436609180899,3.1262288,10.938509,3.4332852
29223,1436609180918,2.610877,11.032481,3.2860417
29224,1436609180974,1.9931729,10.898406,2.9502552
29225,1436609180975,1.553837,10.699687,2.6539726
29226,1436609180979,1.5059528,10.428544,2.4486697
29227,1436609180998,1.3299791,10.08737,2.1859062
29228,1436609181020,1.1210849,9.931747,2.2900538
29229,1436609181038,0.99898064,9.8754835,2.7766755
29230,1436609181060,0.82719666,9.733627,3.3387144
29231,1436609181078,0.59615624,9.519944,3.5326445
29232,1436609181108,0.60812724,9.515755,3.4685998
29233,1436609181121,1.2312182,9.767146,3.4284968
29234,1436609181140,2.0272903,9.775525,3.5715504
29235,1436609181162,2.594716,9.585187,3.9240966
29236,1436609181182,2.9903579,9.382876,4.0940847
29237,1436609181202,3.1621418,9.149442,4.051588
29238,1436609181222,3.1944637,8.918402,3.7457285
29239,1436609181240,2.9945478,8.69155,3.638588
29240,1436609181260,2.8341362,8.422802,3.6206315
29241,1436609181282,2.8496985,8.258799,3.7104142
29242,1436609181302,2.7802668,8.213907,3.8444893
29243,1436609181320,2.6844985,8.193557,3.8019924
29244,1436609181340,2.3756466,8.037335,3.8361096
29245,1436609181360,2.2164323,7.9708962,3.8013937
29246,1436609181379,1.9752164,7.821857,3.5733461
29247,1436609181399,1.6765398,7.562086,3.2770636
29248,1436609181419,1.3904326,7.2125325,3.0244753
29249,1436609181443,1.3215994,7.545925,2.7491422
29250,1436609181463,1.4814123,8.555081,2.724003
29251,1436609181480,1.5903485,8.664018,3.1669302
29252,1436609181501,1.8920178,8.711902,3.8989575
29253,1436609181518,2.2583308,9.707291,4.336498
29254,1436609181539,2.191293,10.418967,4.462792
29255,1436609181560,2.0021513,10.150817,4.404134
29256,1436609181580,2.285864,10.04607,4.350863
29257,1436609181645,2.8078,10.368091,4.1461587
29258,1436609181646,2.979584,10.242394,4.006098
29259,1436609181647,2.9879637,9.888053,3.9923313
29260,1436609181663,2.895787,10.065224,3.7205894
29261,1436609181680,2.574964,10.336966,3.2836475
29262,1436609181699,2.1110873,10.114903,2.984971
29263,1436609181719,1.8818425,9.941324,2.517503
29264,1436609181739,1.7465701,9.811439,2.0727801
29265,1436609181760,1.5987282,9.779117,1.7375919
29266,1436609181780,1.5646108,9.731233,1.5987282
29267,1436609181800,1.785476,9.566033,1.6927006
29268,1436609181819,2.2703018,9.306861,2.0189106
29269,1436609181841,2.5725696,9.360131,2.4887726
29270,1436609181862,2.544438,9.870096,2.8921957
29271,1436609181882,2.2697031,10.157999,3.1334114
29272,1436609181902,1.9488802,10.093356,3.0137014
29273,1436609181922,1.8076223,9.964069,2.906561
29274,1436609181940,1.6938977,9.764751,2.7299886
29275,1436609181960,1.7866731,9.935937,2.321777
29276,1436609181985,2.1655555,9.949704,2.345719
29277,1436609182002,2.355296,9.889849,2.681506
29278,1436609182021,2.3636756,9.917382,2.7688942
29279,1436609182042,2.3104045,9.976639,2.7042508
29280,1436609182060,2.1296425,9.809643,2.4779987
29281,1436609182085,2.0189106,9.522937,2.3588872
29282,1436609182101,1.8722657,9.396045,2.3133974
29283,1436609182120,1.7118542,9.537901,2.2152352
29284,1436609182141,1.3844471,9.591172,2.172738
29285,1436609182160,1.0737995,9.535507,2.1440077
29286,1436609182185,0.87089086,9.532514,2.094328
29287,1436609182200,0.80564886,9.721656,2.0081367
29288,1436609182222,0.97623575,9.745,2.067393
29289,1436609182269,1.0342951,9.715072,2.1930888
29290,1436609182270,1.0672154,9.638457,2.1996727
29291,1436609182280,1.1414356,9.776723,2.167351
29292,1436609182380,1.459266,10.333375,2.136825
29293,1436609182381,1.5334862,10.238804,2.31639
29294,1436609182382,1.6777369,10.061633,2.4636335
29295,1436609182383,1.7776948,9.9951935,2.4570496
29296,1436609182384,1.7501614,10.072407,2.3223755
29297,1436609182404,1.7944542,10.115502,2.2619221
29298,1436609182420,1.8219875,10.092158,2.1763294
29299,1436609182440,1.7932571,10.035895,2.1452048
29300,1436609182460,1.8471266,10.057443,2.2278047
29301,1436609182483,1.7567455,10.108918,2.1583729
29302,1436609182501,1.5197195,10.057443,2.1499932
29303,1436609182520,1.3557167,10.155006,2.166154
29304,1436609182540,1.1204864,10.188525,2.1763294
29305,1436609182560,0.84575176,10.04607,2.2272062
29306,1436609182623,0.670975,9.962872,2.1948843
29307,1436609182624,0.62728083,10.023325,2.1320367
29308,1436609182625,0.7009025,10.027515,2.1134815
29309,1436609182640,0.81522566,10.070611,2.1655555
29310,1436609182703,0.87807345,10.061034,2.1080947
29311,1436609182704,0.7625532,9.985617,2.0135236
29312,1436609182705,0.7116765,9.952098,1.9931729
29313,1436609182722,0.66498953,9.959281,2.0260932
29314,1436609182743,0.66139823,9.986216,2.054225
29315,1436609182760,0.6476316,10.020931,2.1206641
29316,1436609182784,0.57400984,10.04607,2.15957
29317,1436609182802,0.61530983,10.107122,2.171541
29318,1436609182822,0.6961141,10.109517,2.1655555
29319,1436609182839,0.7739257,10.01315,2.2122424
29320,1436609182864,0.79128367,9.751583,2.232593
29321,1436609182884,0.7164649,9.488221,2.178125
29322,1436609182900,0.55605334,9.656414,1.9165585
29323,1436609182924,0.56802434,10.369886,1.2509704
29324,1436609182942,0.7649474,10.011953,1.3748703
29325,1436609182962,1.0522517,9.9928,1.851915
29326,1436609182979,1.3563153,9.977237,2.3080103
29327,1436609183000,1.448492,9.93893,2.368464
29328,1436609183020,1.2587515,10.047267,2.202067
29329,1436609183040,1.073201,10.242394,2.156577
29330,1436609183060,1.0684125,10.181941,2.1505916
29331,1436609183080,1.0133458,10.120889,2.1733365
29332,1436609183107,0.8607155,10.083779,2.178125
29333,1436609183121,0.78050977,10.09156,2.211644
29334,1436609183139,0.7846996,10.008362,2.1841104
29335,1436609183159,0.7703344,9.960478,2.0620062
29336,1436609183179,0.7230489,10.065224,1.8884265
29337,1436609183199,0.7134721,10.143634,1.7794905
29338,1436609183219,0.6739678,10.10413,1.7561469
29339,1436609183241,0.7116765,10.291476,1.804031
29340,1436609183263,0.84216046,10.51713,1.8339585
29341,1436609183281,0.997185,10.349535,1.934515
29342,1436609183301,1.2030864,10.274118,2.0332758
29343,1436609183324,1.407192,10.393828,2.1374235
29344,1436609183341,1.5903485,10.383653,2.2056582
29345,1436609183361,1.893215,10.171766,2.384625
29346,1436609183385,2.098518,10.067618,2.517503
29347,1436609183402,2.2260091,10.016742,2.597709
29348,1436609183423,2.1272483,10.078392,2.6042929
29349,1436609183440,1.9614497,10.169372,2.4498668
29350,1436609183463,1.9500773,10.253169,2.3540988
29351,1436609183484,1.8920178,10.128671,2.3780408
29352,1436609183503,1.8207904,9.85633,2.6192567
29353,1436609183524,1.6304513,9.779716,2.7485435
29354,1436609183541,1.5328877,9.698911,2.698864
29355,1436609183563,1.6519991,9.665991,2.6539726
29356,1436609183583,1.7136499,9.576208,2.8137856
29357,1436609183600,1.678934,9.485229,2.9843724
29358,1436609183622,1.5454572,9.3661175,2.878429
29359,1436609183663,1.3491327,9.282919,2.7048495
29360,1436609183664,1.1719618,9.251794,2.5743654
29361,1436609183680,0.98222125,9.293094,2.5600002
29362,1436609183701,0.91338795,9.111733,2.6761189
29363,1436609183720,0.99658644,8.996812,2.8233624
29364,1436609183741,1.2797008,9.102755,3.004723
29365,1436609183763,1.4718355,9.194932,3.2267854
29366,1436609183782,1.6280571,9.3499565,3.3800142
29367,1436609183801,1.7956513,9.371504,3.2986114
29368,1436609183821,1.9033904,9.279327,2.9867666
29369,1436609183841,2.0626047,9.247604,2.7090392
29370,1436609183863,2.142212,9.340978,2.6282349
29371,1436609183885,2.0931308,9.501988,2.7419596
29372,1436609183903,1.9853917,9.603742,2.902371
29373,1436609183924,1.8106151,9.61691,2.9071593
29374,1436609183942,1.7118542,9.657013,2.8030117
29375,1436609183963,1.7902644,9.621698,2.746748
29376,1436609183985,1.8112136,9.725247,2.6659436
29377,1436609184003,1.9015948,9.892242,2.5809495
29378,1436609184030,2.0207062,9.833585,2.4779987
29379,1436609184049,2.0033484,9.709685,2.409764
29380,1436609184061,2.0189106,9.609727,2.4582467
29381,1436609184092,2.0805612,9.83957,2.3660698
29382,1436609184101,2.179322,10.051457,2.2469583
29383,1436609184125,2.3403323,9.951499,2.1817162
29384,1436609184146,2.5372553,9.776723,2.2864625
29385,1436609184161,2.5570073,9.714474,2.3732524
29386,1436609184183,2.5133133,9.742006,2.3948002
29387,1436609184201,2.3624785,9.774328,2.3415294
29388,1436609184225,2.1176715,9.999383,2.0524294
29389,1436609184245,2.0003555,10.181941,1.8656816
29390,1436609184264,1.9458874,10.067618,1.9069817
29391,1436609184283,1.8788497,9.981427,2.0727801
29392,1436609184310,1.7130513,9.946711,2.1697452
29393,1436609184382,1.5628152,9.993997,2.095525
29394,1436609184383,1.4760253,10.068216,2.0021513
29395,1436609184384,1.4945804,10.115502,1.9764135
29396,1436609184385,1.543063,9.982025,2.0679917
29397,1436609184405,1.5245079,9.8754835,2.112883
29398,1436609184423,1.5035586,9.89344,2.0374656
29399,1436609184443,1.5340848,9.974244,1.8992004
29400,1436609184463,1.6011224,9.920973,1.894412
29401,1436609184482,1.6699557,9.956287,1.988983
29402,1436609184502,1.7328035,9.961076,2.0506337
29403,1436609184523,1.7184383,9.947908,2.0691888
29404,1436609184543,1.6711528,9.958682,2.0949266
29405,1436609184568,1.6573862,9.961675,2.1158757
29406,1436609184585,1.6573862,9.996989,2.0518308
29407,1436609184603,1.6071079,9.904214,2.030283
29408,1436609184625,1.5813702,9.895834,2.0231004
29409,1436609184645,1.5693992,9.85633,2.0278888
29410,1436609184666,1.5628152,9.8515415,1.9698294
29411,1436609184685,1.5682021,9.869498,1.946486
29412,1436609184705,1.6112977,9.871294,1.9069817
29413,1436609184726,1.6525977,9.861118,1.9177556
29414,1436609184746,1.7429788,9.853935,1.9572599
29415,1436609184764,1.775899,9.834184,2.058415
29416,1436609184786,1.7405846,9.866506,2.0512323
29417,1436609184802,1.7208325,9.915586,2.0141222
29418,1436609184822,1.7124528,9.896433,2.019509
29419,1436609184842,1.678934,9.9951935,2.0009542
29420,1436609184865,1.6370354,9.943718,2.010531
29421,1436609184888,1.6118963,9.897031,2.0009542
29422,1436609184909,1.5981296,9.912594,2.0428526
29423,1436609184925,1.6035166,9.8916445,2.043451
29424,1436609184942,1.6101006,9.882068,2.022502
29425,1436609184963,1.6490064,9.884461,1.9794062
29426,1436609184982,1.638831,9.847352,1.9931729
29427,1436609185005,1.6220716,9.867104,1.9865888
29428,1436609185024,1.6071079,9.876082,1.9722236
29429,1436609185129,1.5682021,9.890448,1.9746178
29430,1436609185130,1.5610195,9.913192,2.0021513
29431,1436609185131,1.543063,9.961076,1.9764135
29432,1436609185132,1.5448587,9.943718,2.0470424
29433,1436609185133,1.5352819,9.972448,2.0745757
29434,1436609185150,1.4736311,9.951499,2.010531
29435,1436609185162,1.4425066,9.922769,1.9189527
29436,1436609185184,1.3994108,9.93474,1.8620903
29437,1436609185202,1.4000094,9.84795,1.9021933
29438,1436609185225,1.4215573,9.877279,1.9674352
29439,1436609185243,1.3820529,9.889849,2.0129251
29440,1436609185266,1.3383588,9.928755,2.0177135
29441,1436609185284,1.30484,9.981427,2.0003555
29442,1436609185303,1.3192052,10.003573,2.0021513
29443,1436609185326,1.3323733,9.995792,2.0153193
29444,1436609185344,1.3239936,10.010158,2.023699
29445,1436609185366,1.2719196,10.025121,2.0308816
29446,1436609185386,1.204882,9.997588,1.9776106
29447,1436609185406,1.168969,9.965864,1.9668367
29448,1436609185426,1.1731589,9.960478,1.9710265
29449,1436609185448,1.1869255,9.999383,1.9662381
29450,1436609185465,1.1845313,9.994595,1.9387048
29451,1436609185486,1.2042835,9.9928,1.9758149
29452,1436609185507,1.2270284,9.982025,1.9859903
29453,1436609185524,1.1857284,10.031107,1.9722236
29454,1436609185546,1.146224,10.076596,1.927931
29455,1436609185563,1.0995371,10.010158,1.9608512
29456,1436609185583,1.0821792,9.987412,2.0003555
29457,1436609185603,1.0893618,9.941324,1.9997569
29458,1436609185627,1.1043255,9.932944,1.9488802
29459,1436609185647,1.1420342,9.986814,1.939902
29460,1436609185668,1.2060791,10.01734,1.9500773
29461,1436609185685,1.2539631,10.013748,1.9668367
29462,1436609185704,1.2150574,10.053851,1.9632454
29463,1436609185723,1.1522095,10.001179,1.965041
29464,1436609185743,1.0714053,10.004171,1.9087774
29465,1436609185767,1.0342951,9.99639,1.9213469
29466,1436609185783,0.973243,9.970653,1.9470845
29467,1436609185853,0.9403227,9.995792,1.9698294
29468,1436609185854,0.8822633,10.005369,2.0129251
29469,1436609185855,0.8559271,10.028113,1.9596541
29470,1436609185863,0.8798691,10.042479,1.9381063
29471,1436609185886,0.91099375,10.025121,1.9602526
29472,1436609185906,0.9415198,9.977836,2.0111294
29473,1436609185923,0.9540894,9.9712515,2.0033484
29474,1436609185943,0.9864111,9.939528,1.963844
29475,1436609185965,1.0450691,9.967062,1.8986019
29476,1436609185985,1.0749966,9.944916,1.929128
29477,1436609186004,1.1067197,9.909601,1.9788077
29478,1436609186126,1.1186907,9.929952,1.9782091
29479,1436609186127,1.1007342,9.956287,1.9698294
29480,1436609186128,1.0839748,9.974843,1.9716251
29481,1436609186129,1.0229226,10.008362,1.9644425
29482,1436609186130,0.9600749,10.053851,1.9506758
29483,1436609186131,0.9068039,10.052056,1.9764135
29484,1436609186143,0.8858546,10.134656,2.0039468
29485,1436609186163,0.878672,10.208278,2.0386627
29486,1436609186183,0.87807345,10.201694,2.0548236
29487,1436609186203,0.8888474,10.168175,2.0368671
29488,1436609186227,0.79966336,10.117298,2.0440497
29489,1436609186246,0.75596917,10.075998,2.0111294
29490,1436609186266,0.7200562,10.018537,1.9542671
29491,1436609186286,0.7320272,9.998186,1.9476831
29492,1436609186308,0.7882909,10.010158,1.9955671
29493,1436609186326,0.85772276,10.030508,1.9895816
29494,1436609186347,0.8846575,10.022727,2.0201077
29495,1436609186363,0.96067345,10.039486,2.0147207
29496,1436609186385,1.0372878,10.015544,2.007538
29497,1436609186403,1.0726024,10.044274,1.9979613
29498,1436609186429,1.1025299,10.012551,2.0003555
29499,1436609186452,1.1252748,10.011953,1.9829975
29500,1436609186469,1.1426327,9.968259,1.9949685
29501,1436609186487,1.1935096,9.94312,1.9883845
29502,1436609186504,1.1803415,9.932345,1.9937714
29503,1436609186525,1.2240356,9.958083,2.0033484
29504,1436609186545,1.2270284,10.013748,1.9853917
29505,1436609186566,1.2545617,9.966463,2.0045455
29506,1436609186584,1.2593501,10.013748,2.0254946
29507,1436609186653,1.2443863,10.02153,2.0374656
29508,1436609186654,1.2174516,10.015544,2.011728
29509,1436609186655,1.1593921,10.029311,2.0135236
29510,1436609186664,1.1198878,10.005369,2.0135236
29511,1436609186690,1.0498575,9.987412,2.0039468
29512,1436609186705,1.0426749,9.958682,2.0021513
29513,1436609186726,0.99898064,9.983223,1.9973627
29514,1436609186759,1.0109516,10.040085,1.9578584
29515,1436609186766,1.0773908,10.02572,1.9680338
29516,1436609186785,1.1312603,10.016742,1.9620483
29517,1436609186804,1.1761516,10.026319,1.9919758
29518,1436609186827,1.2431892,9.952098,1.9800048
29519,1436609186847,1.2569559,9.989806,2.0177135
29520,1436609186867,1.216853,9.999383,1.982399
29521,1436609186889,1.1755531,10.019135,1.9620483
29522,1436609186907,1.1941081,9.979631,2.0045455
29523,1436609186927,1.1869255,9.985617,2.0141222
29524,1436609186947,1.1659763,10.027515,2.0231004
29525,1436609186967,1.1683705,10.0269165,2.0207062
29526,1436609186987,1.1593921,10.059238,2.010531
29527,1436609187007,1.198298,10.051457,2.0147207
29528,1436609187030,1.1965023,10.048465,2.0201077
29529,1436609187045,1.1869255,10.040085,1.9806033
29530,1436609187067,1.1893197,10.004171,1.9680338
29531,1436609187144,1.1905168,10.013748,1.9381063
29532,1436609187145,1.2138603,10.01734,1.95307
29533,1436609187146,1.198298,10.005967,1.9812019
29534,1436609187147,1.1647792,10.003573,1.9566613
29535,1436609187165,1.1599907,9.9712515,2.019509
29536,1436609187186,1.1528081,9.96347,2.0386627
29537,1436609187208,1.1192893,10.001778,2.0386627
29538,1436609187228,1.0791864,10.046669,2.054225
29539,1436609187248,1.0654198,10.038289,2.058415
29540,1436609187268,1.067814,10.032902,2.0626047
29541,1436609187287,1.0348936,9.987412,2.0709844
29542,1436609187312,1.0109516,9.952697,2.0967221
29543,1436609187379,0.9564836,9.937134,2.0608091
29544,1436609187380,0.9259575,9.930551,2.0488381
29545,1436609187381,0.91458505,9.97604,2.0488381
29546,1436609187388,0.9343372,9.991602,2.043451
29547,1436609187408,0.9696517,9.945514,2.107496
29548,1436609187429,0.98700964,9.970653,2.1452048
29549,1436609187445,1.0055647,10.010756,2.100912
29550,1436609187465,1.0851719,10.01734,2.067393
29551,1436609187487,1.1755531,9.980229,2.110489
29552,1436609187506,1.2761095,9.986216,2.1655555
29553,1436609187526,1.3587095,10.0029745,2.1517887
29554,1436609187545,1.376666,9.965864,2.0805612
29555,1436609187568,1.3347675,9.858724,2.010531
29556,1436609187588,1.3084313,9.7803135,1.8884265
29557,1436609187606,1.3461399,9.728839,1.8567034
29558,1436609187628,1.417966,9.698313,1.9560628
29559,1436609187648,1.4820108,9.801263,2.0093338
29560,1436609187668,1.5478514,9.831191,2.0649989
29561,1436609187688,1.5849615,9.862914,2.0524294
29562,1436609187708,1.6136919,9.940725,2.0763714
29563,1436609187728,1.6118963,9.962274,2.0446482
29564,1436609187748,1.5945383,9.960478,2.010531
29565,1436609187766,1.5981296,9.93474,2.0380642
29566,1436609187788,1.6017209,9.939528,1.9835961
29567,1436609187808,1.614889,9.940725,2.0033484
29568,1436609187825,1.6077064,9.87668,2.0111294
29569,1436609187847,1.5646108,9.895834,2.007538
29570,1436609187867,1.5275006,9.890448,2.0213048
29571,1436609187890,1.5047557,9.921572,1.9656396
29572,1436609187911,1.4796166,9.961675,1.951873
29573,1436609187931,1.4736311,9.991004,1.9806033
29574,1436609187948,1.4634558,9.967062,2.0248961
29575,1436609187965,1.4562732,9.998186,1.9949685
29576,1436609187986,1.4413095,9.965864,2.0165164
29577,1436609188005,1.4790181,9.951499,1.988983
29578,1436609188028,1.5286977,9.938332,2.0021513
29579,1436609188051,1.5460558,9.932944,1.9835961
29580,1436609188128,1.590947,9.929952,1.9794062
29581,1436609188131,1.6286557,9.933543,1.9393034
29582,1436609188132,1.6382325,9.920973,1.9566613
29583,1436609188133,1.6310499,9.895236,1.9470845
29584,1436609188149,1.5951369,9.8994255,1.9357121
29585,1436609188166,1.5556326,9.92636,1.9363106
29586,1436609188189,1.5520413,9.900622,1.9123687
29587,1436609188205,1.555034,9.886257,1.9129672
29588,1436609188239,1.5580268,9.8916445,1.9357121
29589,1436609188245,1.5873557,9.907805,1.9482816
29590,1436609188267,1.5897499,9.9233675,1.9416976
29591,1436609188288,1.5682021,9.966463,1.9309237
29592,1436609188306,1.5508442,9.922171,1.9327193
29593,1436609188328,1.5412674,9.919178,1.9722236
29594,1436609188349,1.484405,9.927557,1.9895816
29595,1436609188369,1.4532804,9.9550905,1.951873
29596,1436609188389,1.3928268,9.980229,1.9381063
29597,1436609188409,1.3748703,9.985018,1.951873
29598,1436609188429,1.3736732,10.004171,1.9333179
29599,1436609188449,1.4275428,9.910798,1.9536686
29600,1436609188467,1.459266,9.852738,1.922544
29601,1436609188489,1.4622587,9.853337,1.8992004
29602,1436609188509,1.447295,9.862315,1.834557
29603,1436609188527,1.4490906,9.908403,1.8076223
29604,1436609188549,1.4520833,9.894038,1.9237411
29605,1436609188569,1.4119805,9.862315,1.9614497
29606,1436609188586,1.3617022,9.895236,1.9668367
29607,1436609188606,1.3479356,9.880871,1.9165585
29608,1436609188628,1.388637,9.88506,1.9117701
29609,1436609188651,1.3970166,9.894038,1.9321208
29610,1436609188671,1.4341269,9.902418,1.9710265
29611,1436609188691,1.407192,9.948506,1.9267339
29612,1436609188709,1.4257472,9.946711,1.941099
29613,1436609188726,1.4323312,9.926959,1.9572599
29614,1436609188748,1.4263457,9.891046,1.9782091
29615,1436609188767,1.3958195,9.911995,1.9416976
29616,1436609188788,1.3916297,9.968858,1.9303252
29617,1436609188806,1.3467385,10.041881,1.9033904
29618,1436609188863,1.3437457,10.0664215,1.929128
29619,1436609188876,1.2868834,10.102334,1.9572599
29620,1436609188877,1.2545617,10.113707,1.9812019
29621,1436609188887,1.2216414,10.15381,1.9973627
29622,1436609188911,1.2024878,10.172364,1.9985598
29623,1436609188927,1.210269,10.126276,1.9566613
29624,1436609188948,1.2360066,10.092757,1.9853917
29625,1436609188968,1.2773066,10.060435,1.988983
29626,1436609188988,1.2856863,10.058042,2.005144
29627,1436609189008,1.2743138,10.013748,1.9937714
29628,1436609189031,1.2575544,9.99639,1.9692309
29629,1436609189050,1.2366052,9.98442,1.963844
29630,1436609189068,1.2246342,10.001179,1.9273324
29631,1436609189092,1.2042835,10.035296,1.9602526
29632,1436609189108,1.1851299,10.053851,1.9746178
29633,1436609189129,1.1971009,10.0664215,2.018312
29634,1436609189149,1.2467805,10.117896,2.0649989
29635,1436609189171,1.3108255,10.089765,2.043451
29636,1436609189189,1.2964603,10.065823,2.006341
29637,1436609189209,1.2856863,10.019734,1.8968062
29638,1436609189229,1.2910733,9.939528,1.7932571
29639,1436609189249,1.335366,9.835381,1.8136078
29640,1436609189267,1.3634979,9.834782,1.8962077
29641,1436609189288,1.3377602,9.817424,2.0380642
29642,1436609189309,1.3090298,9.854534,2.0883424
29643,1436609189327,1.311424,9.975441,2.0841527
29644,1436609189348,1.3210008,10.078991,2.0721815
29645,1436609189370,1.299453,10.12448,2.0260932
29646,1436609189390,1.2078748,10.155006,1.9967642
29647,1436609189411,1.0875661,10.141838,1.977012
29648,1436609189431,1.0366893,9.998186,2.0308816
29649,1436609189450,1.0450691,9.852738,2.0171149
29650,1436609189467,1.1605892,9.814431,1.9560628
29651,1436609189488,1.2898762,9.800665,1.9009962
29652,1436609189509,1.388637,9.827001,1.9369092
29653,1436609189527,1.4772224,9.85633,2.0093338
29654,1436609189591,1.5077485,9.935937,2.0440497
29655,1436609189592,1.4820108,10.05445,2.0452468
29656,1436609189593,1.4425066,10.1382475,2.0266917
29657,1436609189613,1.38325,10.116699,2.0290859
29658,1436609189627,1.3006501,10.022727,2.0093338
29659,1436609189647,1.2300211,9.894637,2.0165164
29660,1436609189667,1.1611878,9.8916445,1.9871874
29661,1436609189687,1.1917139,9.925163,1.9698294
29662,1436609189709,1.2192472,9.973047,1.9758149
29663,1436609189728,1.2665327,10.01734,1.9949685
29664,1436609189747,1.2844892,10.089765,1.9835961
29665,1436609189767,1.2324153,10.077793,1.9967642
29666,1436609189790,1.1354501,9.996989,2.0081367
29667,1436609189808,1.0145429,9.883265,2.010531
29668,1436609189831,0.93254155,9.848549,2.0093338
29669,1436609189850,0.9540894,9.85633,1.9955671
29670,1436609189870,1.0696096,9.898229,2.0296845
29671,1436609189890,1.2024878,9.978435,2.0763714
29672,1436609189910,1.264737,9.992201,2.0859482
29673,1436609189930,1.3347675,10.023325,2.1092918
29674,1436609189950,1.3850456,10.075399,2.0632033
29675,1436609189970,1.3652935,10.089765,2.0099323
29676,1436609189993,1.3263878,9.954493,2.0177135
29677,1436609190008,1.2808979,9.865907,2.0093338
29678,1436609190031,1.2318168,9.840169,2.0039468
29679,1436609190050,1.2300211,9.887454,1.9841946
29680,1436609190069,1.2671312,9.949704,1.9267339
29681,1436609190093,1.3682863,9.964069,1.9644425
29682,1436609190113,1.4610616,9.962274,2.030283
29683,1436609190129,1.5472529,9.9790325,2.0398598
29684,1436609190151,1.5837644,9.948506,2.011728
29685,1436609190170,1.6412252,9.919776,2.0123265
29686,1436609190188,1.6944963,9.901221,1.9806033
29687,1436609190209,1.6831238,9.853337,1.9434932
29688,1436609190229,1.6723499,9.879673,1.910573
29689,1436609190248,1.7046716,9.903615,1.9327193
29690,1436609190268,1.7256209,9.91798,1.9500773
29691,1436609190315,1.6932992,9.8916445,1.9841946
29692,1436609190316,1.6968905,9.878476,1.9877859
29693,1436609190336,1.6651673,9.864111,1.9566613
29694,1436609190347,1.6256629,9.882666,1.9422961
29695,1436609190367,1.5682021,9.865907,1.9806033
29696,1436609190387,1.5346833,9.90601,1.9800048
29697,1436609190407,1.5729905,9.909601,1.9243397
29698,1436609190430,1.6214731,9.853337,1.9333179
29699,1436609190457,1.6633717,9.892242,1.9620483
29700,1436609190473,1.6621746,9.897031,1.9716251
29701,1436609190492,1.5705963,9.866506,1.939902
29702,1436609190508,1.5113398,9.888652,1.9698294
29703,1436609190531,1.4999673,9.927557,1.9877859
29704,1436609190550,1.4790181,9.910199,2.0093338
29705,1436609190571,1.4867992,9.918579,2.0296845
29706,1436609190591,1.471237,9.916783,2.0099323
29707,1436609190609,1.4580688,9.889849,2.0045455
29708,1436609190629,1.4395138,9.949105,1.9806033
29709,1436609190651,1.4305356,9.956287,1.9955671
29710,1436609190671,1.3958195,9.949105,2.0332758
29711,1436609190690,1.3958195,9.968259,2.047641
29712,1436609190711,1.4012065,9.9951935,2.0638018
29713,1436609190729,1.3736732,10.078991,2.0284874
29714,1436609190750,1.3090298,10.064626,1.9829975
29715,1436609190771,1.2174516,10.00896,1.9614497
29716,1436609190789,1.1988965,9.937733,1.9482816
29717,1436609190809,1.2312182,9.953295,1.9602526
29718,1436609190829,1.282095,9.930551,2.0512323
29719,1436609190853,1.3706805,9.920375,2.0727801
29720,1436609190873,1.4466964,10.048465,2.042254
29721,1436609190893,1.4862007,10.004171,2.047641
29722,1436609190911,1.4736311,9.975441,2.0440497
29723,1436609190928,1.46585,9.949704,2.0213048
29724,1436609190949,1.42455,9.862315,2.0284874
29725,1436609190968,1.3838485,9.849147,2.0260932
29726,1436609190989,1.4053963,9.855731,2.0404584
29727,1436609191156,1.4107834,9.861717,2.0799627
29728,1436609191157,1.4173675,9.903615,2.0602105
29729,1436609191158,1.4395138,9.913192,2.0709844
29730,1436609191159,1.4556746,9.947908,2.010531
29731,1436609191160,1.4425066,9.9951935,1.9818004
29732,1436609191161,1.4000094,9.997588,2.0177135
29733,1436609191162,1.3341689,9.97604,2.079364
29734,1436609191163,1.2509704,9.960478,2.0901382
29735,1436609191174,1.1887212,9.932944,2.0841527
29736,1436609191199,1.1875241,9.904214,2.0620062
29737,1436609191209,1.2348095,9.92636,2.0697873
29738,1436609191230,1.2455834,9.950302,2.0841527
29739,1436609191250,1.276708,9.939528,2.0697873
29740,1436609191269,1.2659341,9.944317,2.0757728
29741,1436609191290,1.2623428,9.943718,2.0416555
29742,1436609191309,1.2509704,9.910199,2.0057425
29743,1436609191330,1.2246342,9.894637,2.0099323
29744,1436609191351,1.2114661,9.911396,2.0392613
29745,1436609191372,1.1976994,9.957485,2.0213048
29746,1436609191391,1.2294226,9.904214,2.0338743
29747,1436609191412,1.2521675,9.858724,2.0446482
29748,1436609191430,1.2425907,9.847352,2.0362685
29749,1436609191450,1.2497733,9.835979,2.0087352
29750,1436609191476,1.2605472,9.852738,1.9985598
29751,1436609191490,1.2737153,9.925761,2.0027497
29752,1436609191512,1.258153,9.9473095,2.0410569
29753,1436609191531,1.2443863,9.995792,2.007538
29754,1436609191549,1.2425907,9.998785,1.9907787
29755,1436609191572,1.2737153,9.9712515,2.0027497
29756,1436609191592,1.2952632,9.982025,2.010531
29757,1436609191626,1.2970588,9.958083,2.0440497
29758,1436609191629,1.2437878,9.955689,2.023699
29759,1436609191651,1.2114661,9.981427,1.9907787
29760,1436609191671,1.2204443,9.960478,1.9907787
29761,1436609191691,1.2521675,9.970055,1.9620483
29762,1436609191710,1.2569559,9.9951935,1.988983
29763,1436609191730,1.2791022,9.977237,2.0111294
29764,1436609191749,1.2737153,9.996989,1.9919758
29765,1436609191770,1.2689269,9.98442,1.9788077
29766,1436609191789,1.2563573,9.966463,1.9207484
29767,1436609191813,1.2749124,9.9550905,1.9087774
29768,1436609191878,1.2539631,9.925163,1.9261353
29769,1436609191879,1.216853,9.938332,1.9692309
29770,1436609191880,1.1629834,9.94312,1.9590555
29771,1436609191889,1.1426327,9.973646,1.9297266
29772,1436609191912,1.1653777,10.008362,1.9195513
29773,1436609191929,1.2324153,10.001179,1.9458874
29774,1436609191949,1.2910733,10.031705,1.9500773
29775,1436609191970,1.3198037,10.070012,1.9135658
29776,1436609191991,1.3215994,10.093954,1.9057846
29777,1436609192011,1.3239936,10.088568,1.9015948
29778,1436609192030,1.3138182,10.058042,1.91596
29779,1436609192051,1.2593501,10.031705,1.9506758
29780,1436609192110,1.1833342,10.034698,1.9566613
29781,1436609192111,1.115698,10.020931,1.946486
29782,1436609192113,1.0594343,10.056845,1.9219455
29783,1436609192129,1.0307038,10.064626,1.9440918
29784,1436609192150,1.0307038,10.048465,1.9506758
29785,1436609192172,1.073201,10.078991,1.9764135
29786,1436609192189,1.110311,10.095152,1.9907787
29787,1436609192210,1.1587936,10.05864,1.9782091
29788,1436609192232,1.2126632,10.031107,1.970428
29789,1436609192250,1.2605472,9.9928,1.9500773
29790,1436609192270,1.2737153,9.983821,1.9297266
29791,1436609192292,1.2982559,9.988609,1.9243397
29792,1436609192310,1.2791022,9.985018,1.9716251
29793,1436609192330,1.2617443,10.004171,1.9967642
29794,1436609192352,1.2437878,10.005967,1.9686323
29795,1436609192370,1.2240356,10.006566,1.965041
29796,1436609192393,1.2270284,10.029909,1.946486
29797,1436609192413,1.2204443,10.014347,1.9698294
29798,1436609192433,1.2814964,9.9951935,1.9458874
29799,1436609192450,1.3180081,9.997588,1.9686323
29800,1436609192473,1.3820529,9.952697,2.0189106
29801,1436609192490,1.3820529,9.952098,1.988983
29802,1436609192510,1.3922282,9.946711,1.9853917
29803,1436609192530,1.3808558,9.975441,1.9835961
29804,1436609192552,1.3880384,10.055049,1.9333179
29805,1436609192599,1.3976152,9.992201,1.9117701
29806,1436609192600,1.4131776,9.937134,1.9764135
29807,1436609192620,1.407192,9.953894,1.9746178
29808,1436609192629,1.4107834,9.981427,1.9512744
29809,1436609192652,1.3940239,9.96766,1.9668367
29810,1436609192671,1.4383167,9.959281,2.0081367
29811,1436609192689,1.4449008,9.962872,2.0021513
29812,1436609192712,1.4131776,9.968858,1.9919758
29813,1436609192730,1.3880384,10.009559,1.988983
29814,1436609192751,1.3521254,10.041881,1.9877859
29815,1436609192770,1.3724761,10.02572,1.9955671
29816,1436609192793,1.34195,10.009559,1.982399
29817,1436609192810,1.3461399,9.957485,1.9716251
29818,1436609192830,1.3395559,9.951499,1.9590555
29819,1436609192853,1.3054385,9.926959,1.9991584
29820,1436609192873,1.276708,9.882666,2.0099323
29821,1436609192893,1.2443863,9.888652,2.0021513
29822,1436609192913,1.2503718,9.88925,1.9865888
29823,1436609192933,1.3006501,9.928755,2.0135236
29824,1436609192951,1.3030443,9.939528,2.0278888
29825,1436609192973,1.3257892,9.9951935,2.0242975
29826,1436609192990,1.3293805,9.982025,2.0231004
29827,1436609193012,1.3132197,9.979631,2.022502
29828,1436609193033,1.3066356,9.959879,2.0033484
29829,1436609193051,1.2802993,9.898827,2.0069396
29830,1436609193070,1.2731167,9.8916445,2.018312
29831,1436609193098,1.2922704,9.912594,1.9776106
29832,1436609193114,1.2910733,9.901221,1.9572599
29833,1436609193132,1.3293805,9.911396,2.0027497
29834,1436609193152,1.3395559,9.948506,2.0165164
29835,1436609193173,1.3437457,9.931149,2.0428526
29836,1436609193190,1.3664906,9.9473095,2.0087352
29837,1436609193213,1.4191631,9.968259,2.006341
29838,1436609193232,1.4598645,9.930551,2.0284874
29839,1436609193251,1.4909891,9.915586,2.0021513
29840,1436609193315,1.4915876,9.914988,1.9883845
29841,1436609193316,1.5209166,9.902418,1.9758149
29842,1436609193317,1.5861586,9.900622,1.9405005
29843,1436609193337,1.661576,9.917382,1.9566613
29844,1436609193351,1.7106571,9.913791,1.988983
29845,1436609193370,1.7238252,9.94312,2.0033484
29846,1436609193390,1.6765398,9.974244,2.0189106
29847,1436609193410,1.5975311,9.894637,1.9979613
29848,1436609193431,1.5406688,9.865308,1.965041
29849,1436609193453,1.5532384,9.88506,1.9560628
29850,1436609193471,1.6130934,9.910199,1.9500773
29851,1436609193493,1.6891093,9.882068,1.9937714
29852,1436609193512,1.7250223,9.907207,2.0213048
29853,1436609193534,1.7375919,9.92636,2.0057425
29854,1436609193552,1.7459716,9.913192,1.9835961
29855,1436609193574,1.738789,9.895834,1.9680338
29856,1436609193594,1.7112557,9.916783,2.0009542
29857,1436609193611,1.666963,9.908403,1.9955671
29858,1436609193632,1.6136919,9.857527,1.9674352
29859,1436609193654,1.6184803,9.8276,1.9297266
29860,1436609193672,1.5861586,9.813833,1.8986019
29861,1436609193694,1.5957354,9.882068,1.8968062
29862,1436609193714,1.6005238,9.876082,1.9141643
29863,1436609193739,1.5735891,9.88925,1.9554642
29864,1436609193754,1.532289,9.932345,1.9758149
29865,1436609193774,1.5125369,9.933543,1.9512744
29866,1436609193794,1.4682442,9.9712515,1.9470845
29867,1436609193814,1.4335283,9.958083,1.9422961
29868,1436609193834,1.4167689,9.9473095,1.9321208
29869,1436609193853,1.4185646,9.952098,1.9458874
29870,1436609193874,1.4454993,9.942521,1.9219455
29871,1436609193894,1.4915876,9.938332,1.9195513
29872,1436609193913,1.567005,9.908403,1.9237411
29873,1436609193934,1.5783775,9.873089,1.9405005
29874,1436609193953,1.5466543,9.909002,1.9219455
29875,1436609193973,1.4927847,9.896433,1.9201498
29876,1436609194002,1.4359225,9.911396,1.8956091
29877,1436609194069,1.4143747,9.970653,1.8734628
29878,1436609194100,1.4095862,9.988011,1.922544
29879,1436609194101,1.42455,9.974843,1.9303252
29880,1436609194102,1.4640543,10.033501,1.9255368
29881,1436609194103,1.4975731,9.9951935,1.9476831
29882,1436609194117,1.4754268,9.998785,1.9297266
29883,1436609194131,1.4407109,9.988609,1.9261353
29884,1436609194151,1.3940239,9.953295,1.934515
29885,1436609194171,1.3096284,9.945514,1.9255368
29886,1436609194198,1.2641385,9.928156,1.9087774
29887,1436609194213,1.2336124,9.940725,1.8854338
29888,1436609194232,1.1935096,9.962274,1.9045875
29889,1436609194252,1.186327,9.989806,1.9063832
29890,1436609194272,1.2324153,9.92636,1.9416976
29891,1436609194295,1.1941081,9.946711,1.9620483
29892,1436609194313,1.168969,9.948506,1.977012
29893,1436609194335,1.1354501,9.945514,1.9644425
29894,1436609194352,1.1264719,9.965266,1.9835961
29895,1436609194374,1.1127052,10.001778,1.970428
29896,1436609194395,1.1150994,9.982025,2.0254946
29897,1436609194414,1.0929531,9.996989,2.0290859
29898,1436609194435,1.0749966,10.014946,2.0189106
29899,1436609194452,1.0606314,9.993398,2.0213048
29900,1436609194474,1.0324994,10.0341,2.0213048
29901,1436609194496,1.0307038,10.067618,2.007538
29902,1436609194514,1.0941502,10.049063,1.9883845
29903,1436609194535,1.1438298,10.067019,2.0057425
29904,1436609194554,1.1480197,10.043077,2.022502
29905,1436609194575,1.1498153,10.056246,2.0326772
29906,1436609194595,1.1133038,10.107122,1.970428
29907,1436609194612,1.0965444,10.105926,1.9764135
29908,1436609194634,1.1510124,10.128671,2.007538
29909,1436609194652,1.1456255,10.089765,2.071583
29910,1436609194675,1.1162965,10.102933,2.03567
29911,1436609194696,1.0690111,10.019734,2.0111294
29912,1436609194716,1.0881647,10.013748,1.9740193
29913,1436609194734,1.1378443,10.024523,1.9806033
29914,1436609194756,1.2186487,9.9790325,2.0165164
29915,1436609194825,1.2665327,9.950901,2.0590134
29916,1436609194826,1.2880806,9.919178,2.0392613
29917,1436609194827,1.2599486,9.901221,1.9901801
29918,1436609194835,1.2611457,9.938332,1.9416976
29919,1436609194862,1.3000516,9.923966,1.9614497
29920,1436609194875,1.2964603,9.953894,1.9806033
29921,1436609194891,1.2587515,9.965864,2.034473
29922,1436609194912,1.2006922,10.003573,2.0332758
29923,1436609194932,1.1605892,10.057443,1.9901801
29924,1436609194955,1.103727,10.050261,1.9536686
29925,1436609194972,1.0241197,9.9928,1.9033904
29926,1436609194996,1.0809821,9.9473095,1.869273
29927,1436609195012,1.1737574,9.935937,1.9135658
29928,1436609195038,1.2641385,9.967062,1.9686323
29929,1436609195053,1.3557167,10.0029745,2.0165164
29930,1436609195075,1.3718776,10.060435,2.054225
29931,1436609195102,1.3551182,10.159795,2.0392613
29932,1436609195116,1.3150153,10.152014,2.0649989
29933,1436609195134,1.2497733,10.148422,2.0961237
29934,1436609195155,1.1528081,10.135254,2.0745757
29935,1436609195175,1.073201,10.102334,2.0512323
29936,1436609195193,1.0019734,10.033501,2.0284874
29937,1436609195215,0.94690675,9.995792,2.0093338
29938,1436609195235,0.8948329,9.929952,2.0326772
29939,1436609195256,0.8738836,9.903017,2.0033484
29940,1436609195275,0.8702923,9.922171,2.0308816
29941,1436609195296,0.878672,9.922769,2.0386627
29942,1436609195315,0.86131406,9.968259,2.0272903
29943,1436609195335,0.92296475,9.997588,2.0751743
29944,1436609195357,0.9684546,9.981427,2.1003134
29945,1436609195375,0.97384155,10.033501,2.1051018
29946,1436609195396,0.97862995,10.003573,2.106299
29947,1436609195415,0.99538934,9.973646,2.0841527
29948,1436609195435,1.0145429,9.951499,2.071583
29949,1436609195453,1.0809821,9.945514,2.0410569
29950,1436609195519,1.1145009,9.937733,2.0189106
29951,1436609195520,1.1653777,9.956287,2.023699
29952,1436609195521,1.2324153,9.976639,2.0392613
29953,1436609195539,1.2665327,9.989806,2.0165164
29954,1436609195552,1.271321,9.990405,2.0099323
29955,1436609195573,1.2623428,9.969456,2.0123265
29956,1436609195592,1.2641385,9.933543,2.0129251
29957,1436609195612,1.2946646,9.907207,2.0129251
29958,1436609195634,1.2958617,9.870695,2.0362685
29959,1436609195657,1.2545617,9.921572,2.0458453
29960,1436609195673,1.2378023,9.883265,2.0488381
29961,1436609195694,1.1959038,9.923966,2.086547
29962,1436609195716,1.192911,9.925163,2.0925324
29963,1436609195733,1.1988965,9.930551,2.1188686
29964,1436609195756,1.2455834,9.933543,2.100912
29965,1436609195776,1.2545617,9.965864,2.0817583
29966,1436609195796,1.316811,9.961675,2.0709844
29967,1436609195816,1.3000516,9.91439,2.0626047
29968,1436609197382,1.3198037,9.902418,2.0691888
29969,1436609197383,1.359308,9.910798,2.0446482
29970,1436609197384,1.4161704,9.90601,2.0787656
29971,1436609197385,1.4437037,9.916783,2.0811598
29972,1436609197386,1.4143747,9.886257,2.0590134
29973,1436609197387,1.3413515,9.938332,2.0189106
29974,1436609197388,1.2850877,9.952697,2.0027497
29975,1436609197389,1.2210429,9.977836,2.0428526
29976,1436609197390,1.158195,10.007165,2.0524294
29977,1436609197391,1.0959458,9.983223,2.0691888
29978,1436609197392,1.0875661,9.979631,2.0470424
29979,1436609197393,1.1127052,9.998785,2.0536265
29980,1436609197394,1.1162965,10.009559,2.071583
29981,1436609197395,1.1246762,10.023924,2.0578163
29982,1436609197396,1.158195,10.020332,2.079364
29983,1436609197397,1.1803415,10.016742,2.0566192
29984,1436609197398,1.2162545,9.985617,2.0398598
29985,1436609197399,1.3012487,9.953295,2.0404584
29986,1436609197400,1.3664906,9.941922,2.0446482
29987,1436609197401,1.3922282,9.931747,2.0386627
29988,1436609197402,1.3850456,9.880272,2.082357
29989,1436609197403,1.3856442,9.889849,2.0895395
29990,1436609197404,1.3730747,9.906608,2.0709844
29991,1436609197405,1.3970166,9.895834,2.0667946
29992,1436609197406,1.3772645,9.937733,2.0614076
29993,1436609197407,1.3389573,9.922171,2.0883424
29994,1436609197408,1.3275849,9.924564,2.055422
29995,1436609197409,1.3198037,9.956287,2.047641
29996,1436609197410,1.3096284,9.977836,2.0362685
29997,1436609197411,1.2910733,9.966463,2.0392613
29998,1436609197412,1.2755109,9.953894,2.0679917
29999,1436609197413,1.2898762,10.008362,2.0332758
30000,1436609197414,1.299453,9.961675,2.0362685
30001,1436609197415,1.2886791,9.933543,2.0566192
30002,1436609197416,1.276708,9.953295,2.0608091
30003,1436609197417,1.2443863,9.996989,2.0380642
30004,1436609197418,1.2348095,10.034698,1.9985598
30005,1436609197419,1.2635399,9.97185,2.0739772
30006,1436609197420,1.2916719,9.962872,2.1080947
30007,1436609197421,1.2743138,9.904813,2.0859482
30008,1436609197422,1.3036429,9.882068,2.0620062
30009,1436609197423,1.2982559,9.910199,2.0679917
30010,1436609197424,1.2761095,9.871294,2.111686
30011,1436609197425,1.2348095,9.901819,2.100912
30012,1436609197426,1.2174516,9.955689,2.082357
30013,1436609197427,1.2378023,9.993398,2.0931308
30014,1436609197428,1.2551602,10.014946,2.0901382
30015,1436609197429,1.2725182,9.997588,2.0973208
30016,1436609197430,1.3060371,9.9928,2.0757728
30017,1436609197431,1.3000516,9.956287,2.0805612
30018,1436609197432,1.3204023,9.944916,2.0745757
30019,1436609197433,1.3239936,9.91439,2.0961237
30020,1436609197434,1.3269863,9.950302,2.0638018
30021,1436609197435,1.3126211,9.953894,2.0697873
30022,1436609197436,1.2802993,9.949105,2.1003134
30023,1436609197437,1.2683283,9.931149,2.1296425
30024,1436609197438,1.2797008,9.929952,2.095525
30025,1436609197439,1.2599486,9.952098,2.0691888
30026,1436609197440,1.2503718,9.955689,2.0871453
30027,1436609197441,1.2324153,9.938332,2.078167
30028,1436609197442,1.2312182,9.929353,2.0685902
30029,1436609197443,1.2306197,9.911396,2.082357
30030,1436609197444,1.2515689,9.972448,2.071583
30031,1436609197445,1.2671312,9.938332,2.1086931
30032,1436609197446,1.2635399,9.970653,2.1260512
30033,1436609197447,1.2395979,9.952098,2.147599
30034,1436609197448,1.210269,9.977836,2.1404164
30035,1436609197449,1.168969,9.9928,2.1134815
30036,1436609197450,1.1617863,9.993997,2.107496
30037,1436609197451,1.168969,9.958083,2.1086931
30038,1436609197452,1.158195,9.910798,2.142212
30039,1436609197453,1.174356,9.880871,2.1146786
30040,1436609197454,1.1677719,9.880871,2.0931308
30041,1436609197455,1.186327,9.931747,2.082357
30042,1436609197456,1.2318168,9.94312,2.1296425
30043,1436609197457,1.2485762,9.946711,2.19249
30044,1436609197458,1.2503718,9.998785,2.2397757
30045,1436609197459,1.2090719,9.961076,2.166154
30046,1436609197460,1.1988965,9.950901,2.071583
30047,1436609197461,1.1827357,9.919776,2.0638018
30048,1436609197462,1.2204443,9.935339,2.1051018
30049,1436609197463,1.1959038,9.946113,2.1404164
30050,1436609197473,1.163582,9.952697,2.2122424
30051,1436609197493,1.0935516,9.93893,2.232593
30052,1436609197513,1.0301052,9.928755,2.1206641
30053,1436609197533,1.0055647,9.931149,2.0931308
30054,1436609197553,1.0103531,9.990405,2.088941
30055,1436609197573,1.06123,10.020332,2.1386206
30056,1436609197593,1.0869676,10.00477,2.142212
30057,1436609197613,1.1067197,9.981427,2.143409
30058,1436609197636,1.1127052,9.929952,2.148796
30059,1436609197655,1.1061212,9.928755,2.0913353
30060,1436609197678,1.0773908,9.896433,2.0638018
30061,1436609197695,1.0408791,9.911396,2.0679917
30062,1436609197717,0.99179804,9.914988,2.0697873
30063,1436609197736,0.97384155,9.980229,2.0578163
30064,1436609197756,1.0031705,9.964069,2.1086931
30065,1436609197779,1.0600328,9.977836,2.1242554
30066,1436609197799,1.0660183,9.983223,2.142212
30067,1436609197819,1.0510546,10.023325,2.0931308
30068,1436609197838,1.0384849,10.028113,2.1158757
30069,1436609197857,1.0013748,10.022727,2.1458032
30070,1436609197876,0.9379285,10.023325,2.1523874
30071,1436609197897,0.8726865,10.007763,2.147599
30072,1436609197916,0.85891986,9.988609,2.1386206
30073,1436609197938,0.8379706,9.942521,2.1511903
30074,1436609198002,0.8619126,9.907207,2.1709423
30075,1436609198003,0.8331822,9.945514,2.1481974
30076,1436609198004,0.86969376,10.008362,2.1493945
30077,1436609198016,0.8900445,10.052056,2.1769278
30078,1436609198043,0.9427169,10.107721,2.2122424
30079,1436609198055,0.94810385,10.023325,2.2301989
30080,1436609198075,0.92655605,10.013748,2.1613655
30081,1436609198097,0.9008184,9.988609,2.0937295
30082,1436609198116,0.90979666,9.943718,2.0817583
30083,1436609198135,0.92176765,9.859921,2.1098902
30084,1436609198156,0.9463082,9.881469,2.1284454
30085,1436609198180,0.9684546,9.882068,2.094328
30086,1436609198196,1.067814,9.950901,2.067393
30087,1436609198218,1.1366472,9.956886,2.1601684
30088,1436609198238,1.151611,9.929952,2.1972785
30089,1436609198261,1.1522095,9.929353,2.2098482
30090,1436609198278,1.1025299,9.938332,2.1332338
30091,1436609198298,1.0648212,9.949105,2.107496
30092,1436609198318,1.0486604,9.932345,2.1583729
30093,1436609198338,1.009156,9.912594,2.1589713
30094,1436609198360,0.9935937,9.943718,2.1200657
30095,1436609198376,0.94331545,9.991602,2.160767
30096,1436609198407,0.8834604,10.023924,2.1230583
30097,1436609198415,0.81881696,10.09156,2.1176715
30098,1436609198436,0.7457938,10.024523,2.135628
30099,1436609198455,0.6937199,10.01734,2.1158757
30100,1436609198478,0.6727707,10.047866,2.1057005
30101,1436609198495,0.6967127,10.070012,2.0769699
30102,1436609198515,0.7278373,10.080787,2.1266496
30103,1436609198537,0.78529817,10.105327,2.1589713
30104,1436609198559,0.81881696,10.10413,2.203264
30105,1436609198579,0.82779527,10.107122,2.180519
30106,1436609198598,0.8110358,10.086173,2.1960814
30107,1436609198616,0.81522566,10.052056,2.178125
30108,1436609198638,0.78529817,10.073005,2.1481974
30109,1436609198657,0.7835025,9.97604,2.1841104
30110,1436609198684,0.76554596,9.913791,2.1697452
30111,1436609198741,0.7529764,9.862914,2.1529858
30112,1436609198742,0.75477207,9.813833,2.136825
30113,1436609198743,0.7565677,9.878476,2.1039047
30114,1436609198759,0.7846996,9.953295,2.1134815
30115,1436609198777,0.8367735,10.018537,2.1936872
30116,1436609198800,0.8738836,10.098145,2.2463598
30117,1436609198815,0.89782566,10.108918,2.2798786
30118,1436609198836,0.96306765,10.028113,2.2062569
30119,1436609198858,1.0444705,9.932944,2.168548
30120,1436609198878,1.1079168,9.910199,2.134431
30121,1436609198898,1.1055226,9.879673,2.1589713
30122,1436609198917,1.0929531,9.857527,2.2014685
30123,1436609198939,1.0540473,9.915586,2.1823149
30124,1436609198955,1.0259154,9.936536,2.1906946
30125,1436609198979,0.99060094,9.976639,2.1883004
30126,1436609198999,0.9211691,9.979631,2.1655555
30127,1436609199019,0.85293436,10.0029745,2.1894975
30128,1436609199042,0.7685388,10.0269165,2.1960814
30129,1436609199059,0.694917,10.017939,2.184709
30130,1436609199077,0.7104794,9.968259,2.1637597
30131,1436609199102,0.75237787,9.964069,2.168548
30132,1436609199117,0.81761986,9.965864,2.1859062
30133,1436609199136,0.8511387,9.986216,2.1583729
30134,1436609199158,0.87807345,10.040684,2.15538
30135,1436609199178,0.9504981,10.026319,2.167351
30136,1436609199201,0.997185,10.003573,2.1775265
30137,1436609199221,1.0223241,10.022128,2.1811178
30138,1436609199238,1.0067618,9.985018,2.1619642
30139,1436609199256,0.9744401,9.986216,2.1655555
30140,1436609199276,0.9379285,10.020931,2.1691468
30141,1436609199296,0.8882488,10.074203,2.207454
30142,1436609199321,0.87567925,9.964069,2.1978772
30143,1436609199342,0.9115923,9.987412,2.1380222
30144,1436609199358,0.93254155,9.906608,2.1733365
30145,1436609199377,1.0289081,9.8916445,2.1853075
30146,1436609199400,1.0815806,9.965864,2.2080526
30147,1436609199464,1.0869676,10.007763,2.19668
30148,1436609199465,1.1432313,9.993997,2.2176294
30149,1436609199466,1.1911154,9.986216,2.2014685
30150,1436609199476,1.1671734,9.96347,2.1691468
30151,1436609199502,1.1426327,9.958083,2.1416135
30152,1436609199540,1.1067197,9.962274,2.1547816
30153,1436609199541,1.0965444,9.9951935,2.1649568
30154,1436609199566,1.0893618,9.973047,2.1613655
30155,1436609199578,1.0899603,9.943718,2.2182279
30156,1436609199601,1.09834,9.937134,2.144606
30157,1436609199617,1.0899603,9.929952,2.1266496
30158,1436609199639,1.0887632,9.930551,2.123657
30159,1436609199657,1.1043255,9.965864,2.1452048
30160,1436609199680,1.0953473,9.959879,2.1625626
30161,1436609199699,1.115698,9.924564,2.2038627
30162,1436609199719,1.1073183,9.914988,2.178125
30163,1436609199739,1.1336545,9.949105,2.156577
30164,1436609199760,1.1540052,9.911995,2.166154
30165,1436609199779,1.1767502,9.886257,2.184709
30166,1436609199799,1.1976994,9.883863,2.2104468
30167,1436609199820,1.198298,9.879673,2.195483
30168,1436609199837,1.2282255,9.871294,2.179322
30169,1436609199860,1.2569559,9.83957,2.1883004
30170,1436609199879,1.2587515,9.869498,2.180519
30171,1436609199899,1.2557588,9.90601,2.1697452
30172,1436609199920,1.2395979,9.911995,2.132635
30173,1436609199940,1.2264298,9.933543,2.1601684
30174,1436609199960,1.1947067,9.980229,2.1398177
30175,1436609199980,1.127669,9.977836,2.132635
30176,1436609199999,1.0929531,10.049063,2.1140802
30177,1436609200020,1.0690111,10.050261,2.1362264
30178,1436609200046,1.0402806,10.061034,2.156577
30179,1436609200060,1.0319009,10.046669,2.1362264
30180,1436609200179,0.9959879,9.988011,2.0919337
30181,1436609200180,1.0169371,9.937733,2.0638018
30182,1436609200181,1.0354922,9.910199,2.0560207
30183,1436609200182,1.0809821,9.910199,2.0733786
30184,1436609200183,1.09834,9.920375,2.1092918
30185,1436609200184,1.1426327,9.985018,2.1230583
30186,1436609200200,1.1905168,10.081984,2.1146786
30187,1436609200232,1.2312182,10.101735,2.1254525
30188,1436609200237,1.2425907,10.0664215,2.1775265
30189,1436609200257,1.1468226,10.083779,2.1511903
30190,1436609200281,1.0462662,10.073005,2.1086931
30191,1436609200297,0.9331401,10.077195,2.0871453
30192,1436609200318,0.8295909,10.053851,2.1242554
30193,1436609200342,0.7404069,10.0341,2.1134815
30194,1436609200359,0.6907272,9.9951935,2.0973208
30195,1436609200379,0.7032967,9.987412,2.0871453
30196,1436609200399,0.748188,9.982025,2.0949266
30197,1436609200420,0.83976626,9.983223,2.099715
30198,1436609200440,0.92655605,9.97185,2.1110873
30199,1436609200460,1.0217255,9.988011,2.1398177
30200,1436609200480,1.0911574,9.958083,2.1470003
30201,1436609200500,1.1899183,9.985617,2.1547816
30202,1436609200521,1.2808979,9.926959,2.1320367
30203,1436609200540,1.3138182,9.940725,2.144606
30204,1436609200560,1.2910733,9.935339,2.1577742
30205,1436609200579,1.2324153,9.937134,2.1853075
30206,1436609200600,1.1773487,9.928156,2.190096
30207,1436609200618,1.0803835,9.890448,2.2296004
30208,1436609200640,1.0348936,9.862315,2.2038627
30209,1436609200659,1.0145429,9.861118,2.1751323
30210,1436609200680,1.0606314,9.879075,2.1577742
30211,1436609200700,1.1139023,9.932944,2.1990743
30212,1436609200720,1.1546037,9.997588,2.2080526
30213,1436609200741,1.1593921,9.989806,2.260725
30214,1436609200760,1.1677719,10.000581,2.3068132
30215,1436609200781,1.1234791,9.999982,2.243367
30216,1436609200799,1.0336965,9.9951935,2.1523874
30217,1436609200818,0.9911995,9.969456,2.1811178
30218,1436609200838,0.99299514,9.9550905,2.203264
30219,1436609200902,1.0031705,9.929952,2.2140381
30220,1436609200903,1.0169371,9.891046,2.2691047
30221,1436609200904,1.0049661,9.911396,2.2774844
30222,1436609200924,1.0115502,9.929353,2.2984335
30223,1436609200938,0.9463082,9.938332,2.3211784
30224,1436609200958,0.8882488,9.974843,2.2762873
30225,1436609200977,0.9115923,9.956287,2.2415714
30226,1436609200998,1.0348936,9.941922,2.315193
30227,1436609201019,1.1611878,10.07121,2.3732524
30228,1436609201038,1.115698,10.075399,2.356493
30229,1436609201059,0.97025025,9.962274,2.3187842
30230,1436609201085,0.89303726,9.915586,2.2990322
30231,1436609201098,0.8295909,9.836577,2.2451627
30232,1436609201118,0.79846627,9.721656,2.2170308
30233,1436609201139,0.85054016,9.640253,2.1883004
30234,1436609201160,0.96665895,9.693524,2.184709
30235,1436609201180,1.1228806,9.816826,2.207454
30236,1436609201198,1.2324153,9.901221,2.2254105
30237,1436609201238,1.2467805,9.937733,2.2984335
30238,1436609201239,1.228824,9.955689,2.3774424
30239,1436609201260,1.1737574,9.949105,2.381632
30240,1436609201278,1.0570401,9.845556,2.3277626
30241,1436609201300,0.9684546,9.827001,2.3235726
30242,1436609201318,0.8822633,9.897031,2.3008277
30243,1436609201340,0.8002619,9.88925,2.284667
30244,1436609201360,0.79487497,9.959879,2.2559366
30245,1436609201380,0.8002619,10.0508585,2.2104468
30246,1436609201400,0.81522566,10.092757,2.2104468
30247,1436609201420,0.8050503,10.061633,2.2481554
30248,1436609201440,0.79008657,9.969456,2.284667
30249,1436609201460,0.7326257,9.908403,2.2840683
30250,1436609201482,0.7032967,9.922171,2.2110453
30251,1436609201501,0.76195467,9.964069,2.1667526
30252,1436609201521,0.8499416,9.954493,2.2110453
30253,1436609201540,0.9876082,9.982025,2.2517467
30254,1436609201560,1.1240777,10.043676,2.2331917
30255,1436609201578,1.1923125,10.214862,2.1398177
30256,1436609201600,1.2078748,10.190321,2.1242554
30257,1436609201648,1.2635399,10.012551,2.1027076
30258,1436609201649,1.3150153,9.825804,2.1829133
30259,1436609201667,1.3383588,9.791088,2.19668
30260,1436609201678,1.2880806,9.808446,2.171541
30261,1436609201701,1.2617443,9.886257,2.19668
30262,1436609201718,1.1761516,9.990405,2.1853075
30263,1436609201740,1.1486182,10.044274,2.2110453
30264,1436609201760,1.103727,10.037092,2.2176294
30265,1436609201779,1.086369,10.029909,2.2272062
30266,1436609201799,1.0301052,9.988609,2.2056582
30267,1436609201820,1.0127473,9.965864,2.2026656
30268,1436609201841,0.97982705,9.884461,2.1775265
30269,1436609201862,0.985214,9.836577,2.1499932
30270,1436609201881,0.997185,9.895834,2.1499932
30271,1436609201901,1.0348936,9.927557,2.179322
30272,1436609201921,1.0654198,9.969456,2.1990743
30273,1436609201938,1.0169371,10.019734,2.2469583
30274,1436609201960,0.92535895,9.997588,2.2691047
30275,1436609201980,0.8379706,9.992201,2.2750902
30276,1436609202000,0.6901286,10.038888,2.2900538
30277,1436609202021,0.53689975,10.053253,2.2768857
30278,1436609202046,0.40043023,10.010158,2.28347
30279,1436609202061,0.29029694,10.007165,2.2631192
30280,1436609202091,0.20350714,9.996989,2.2631192
30281,1436609202102,0.16340427,10.038888,2.2146366
30282,1436609202122,0.22325931,10.020332,2.2451627
30283,1436609202141,0.3345897,10.022128,2.2403743
30284,1436609202161,0.42317516,9.986216,2.2756886
30285,1436609202181,0.4950012,9.987412,2.2780828
30286,1436609202199,0.5303157,9.999982,2.2798786
30287,1436609202223,0.5303157,10.031107,2.2397757
30288,1436609202385,0.5446809,10.011953,2.2822728
30289,1436609202386,0.53211135,9.97185,2.3110032
30290,1436609202387,0.5303157,9.93893,2.31639
30291,1436609202388,0.49320555,9.995792,2.303222
30292,1436609202389,0.46447513,9.981427,2.2774844
30293,1436609202390,0.4321534,9.98442,2.2822728
30294,1436609202391,0.40880993,9.990405,2.2882583
30295,1436609202392,0.4237737,9.9951935,2.2667105
30296,1436609202501,0.44651863,9.954493,2.3002293
30297,1436609202502,0.49919105,9.871892,2.3624785
30298,1436609202503,0.55844754,9.91798,2.3002293
30299,1436609202504,0.6087258,9.9790325,2.2343888
30300,1436609202505,0.6356605,9.981427,2.2391772
30301,1436609202506,0.7230489,9.996989,2.2421699
30302,1436609202531,0.81642276,9.991602,2.31639
30303,1436609202541,0.85532856,9.962274,2.2948422
30304,1436609202560,0.8559271,9.965266,2.255338
30305,1436609202579,0.8714894,9.961675,2.1894975
30306,1436609202599,0.91817635,9.9712515,2.2068555
30307,1436609202619,0.95349085,9.944916,2.235586
30308,1436609202639,0.91937345,9.93474,2.2290018
30309,1436609202660,0.8343793,9.937733,2.1655555
30310,1436609202679,0.8583213,9.936536,2.1619642
30311,1436609202737,0.8702923,9.928156,2.2176294
30312,1436609202738,0.8367735,9.9473095,2.2068555
30313,1436609202739,0.801459,9.9712515,2.1733365
30314,1436609202759,0.7823054,9.97604,2.134431
30315,1436609202780,0.85532856,10.041881,2.1733365
30316,1436609202803,0.91697925,10.010756,2.2104468
30317,1436609202823,0.99299514,9.928755,2.2337902
30318,1436609202841,1.0426749,9.956287,2.2110453
30319,1436609202863,1.0564415,9.933543,2.1996727
30320,1436609202883,1.050456,9.940127,2.1960814
30321,1436609202903,1.0007763,9.922171,2.1930888
30322,1436609202923,0.9139865,9.929952,2.2284033
30323,1436609202940,0.8846575,9.918579,2.2463598
30324,1436609202963,0.8888474,9.909601,2.2529438
30325,1436609202983,0.878672,9.940127,2.2301989
30326,1436609203000,0.85173726,9.907207,2.2337902
30327,1436609203020,0.7703344,9.906608,2.212841
30328,1436609203039,0.7224504,9.956886,2.2457612
30329,1436609203069,0.7015011,9.99639,2.259528
30330,1436609203083,0.6739678,10.157401,2.267309
30331,1436609203099,0.61171854,10.213664,2.2499511
30332,1436609203119,0.55006784,10.210671,2.2278047
30333,1436609203142,0.52253455,10.09575,2.2200236
30334,1436609203160,0.5231331,10.046669,2.2002714
30335,1436609203183,0.53450555,10.028113,2.1865046
30336,1436609203199,0.59017074,9.956287,2.1883004
30337,1436609203224,0.6973112,9.913192,2.160767
30338,1436609203240,0.84335756,9.874885,2.1523874
30339,1436609203261,0.99898064,9.834184,2.2164323
30340,1436609203279,1.168969,9.771336,2.2272062
30341,1436609203302,1.3371617,9.866506,2.204461
30342,1436609203321,1.4077905,9.871892,2.195483
30343,1436609203341,1.3934253,9.912594,2.1883004
30344,1436609203364,1.3204023,10.006566,2.190096
30345,1436609203381,1.2036849,9.989806,2.1643584
30346,1436609203403,1.0941502,9.929353,2.172738
30347,1436609203420,1.0384849,9.898827,2.190096
30348,1436609203439,0.9828198,9.937134,2.1721394
30349,1436609203461,0.9708488,9.925163,2.1841104
30350,1436609203484,0.95947635,9.967062,2.1733365
30351,1436609203502,0.92416185,10.028712,2.1481974
30352,1436609203524,0.88944596,10.020332,2.2062569
30353,1436609203541,0.8451532,10.0029745,2.1960814
30354,1436609203561,0.8194155,9.933543,2.1823149
30355,1436609203583,0.81402856,9.881469,2.1787236
30356,1436609203604,0.8206126,9.862315,2.142212
30357,1436609203624,0.8523358,9.8437605,2.11827
30358,1436609203643,0.8822633,9.862315,2.1721394
30359,1436609203662,0.9235633,9.86471,2.2230163
30360,1436609203681,0.93254155,9.926959,2.2170308
30361,1436609203761,0.9636662,9.948506,2.2200236
30362,1436609203762,0.9187749,9.985018,2.2517467
30363,1436609203763,0.8535329,9.988609,2.2732944
30364,1436609203764,0.7380127,9.93474,2.333748
30365,1436609203780,0.6739678,9.932944,2.2864625
30366,1436609203801,0.5931635,10.028712,2.2182279
30367,1436609203820,0.5650316,10.08318,2.2122424
30368,1436609203843,0.55605334,10.140641,2.2709002
30369,1436609203860,0.5279215,10.126875,2.3403323
30370,1436609203881,0.53570265,10.12448,2.3235726
30371,1436609203902,0.51116204,10.120291,2.3092074
30372,1436609203921,0.50158525,10.059238,2.291251
30373,1436609203942,0.4866215,9.943718,2.295441
30374,1436609203964,0.47644615,9.98442,2.2990322
30375,1436609203982,0.45130703,9.93893,2.2852654
30376,1436609204004,0.50876784,9.954493,2.2762873
30377,1436609204024,0.5494693,10.023325,2.2697031
30378,1436609204043,0.59495914,10.074203,2.3002293
30379,1436609204061,0.56563014,10.102933,2.291251
30380,1436609204083,0.516549,10.110115,2.256535
30381,1436609204101,0.4165911,10.135254,2.2002714
30382,1436609204123,0.35194764,10.086173,2.2002714
30383,1436609204141,0.36990416,10.033501,2.1906946
30384,1436609204164,0.46028528,10.09994,2.1296425
30385,1436609204183,0.59855044,10.193314,2.1481974
30386,1436609204203,0.7691373,10.229227,2.1679497
30387,1436609204223,0.90141696,10.242993,2.1769278
30388,1436609204244,1.0097545,10.171766,2.2296004
30389,1436609204264,1.0887632,10.049063,2.2146366
30390,1436609204284,1.1767502,9.926959,2.2002714
30391,1436609204301,1.1348516,9.799467,2.1404164
30392,1436609204324,1.1055226,9.68694,2.1428106
30393,1436609204346,1.0839748,9.625888,2.1176715
30394,1436609204364,1.0648212,9.610924,2.0913353
30395,1436609204384,1.0342951,9.530719,2.1350293
30396,1436609204406,0.9672575,9.539098,2.1254525
30397,1436609204474,0.90859956,9.610326,2.083554
30398,1436609204475,0.85173726,9.768343,2.058415
30399,1436609204476,0.88286185,9.972448,2.142212
30400,1436609204483,0.9588778,10.228029,2.259528
30401,1436609204501,1.049259,10.411186,2.3690627
30402,1436609204524,1.1204864,10.475231,2.4474726
30403,1436609204541,1.1306617,10.356119,2.4235306
30404,1436609204564,1.0767922,10.1861315,2.2972364
30405,1436609204581,1.0307038,10.085575,2.2373815
30406,1436609204602,0.997185,9.8198185,2.1308396
30407,1436609204622,0.94451255,9.603143,2.043451
30408,1436609204642,0.9020155,9.586982,2.0416555
30409,1436609204662,0.8762778,9.677363,2.0572178
30410,1436609204683,0.97025025,9.834782,2.1589713
30411,1436609204704,1.1067197,10.140042,2.2571337
30412,1436609204725,1.1180922,10.408194,2.3648727
30413,1436609204744,1.09834,10.477625,2.4319103
30414,1436609204765,0.9911995,10.409989,2.4253263
30415,1436609204785,0.7858967,10.229227,2.3654714
30416,1436609204804,0.55844754,10.032902,2.2571337
30417,1436609204825,0.41359833,10.005967,2.0111294
30418,1436609204846,0.4914099,9.710882,2.094328
30419,1436609204862,0.66618663,9.679159,2.2403743
30420,1436609204885,0.87567925,9.716867,2.3062148
30421,1436609204905,1.0708067,9.782708,2.2798786
30422,1436609204924,1.2569559,9.89344,2.2361844
30423,1436609204944,1.4173675,10.032902,2.259528
30424,1436609204965,1.4634558,10.089765,2.3104045
30425,1436609204985,1.4000094,10.142437,2.333748
30426,1436609205005,1.2868834,10.108918,2.3116016
30427,1436609205024,1.234211,9.961076,2.2876596
30428,1436609205050,1.1540052,9.933543,2.2403743
30429,1436609205068,1.0414777,9.942521,2.1691468
30430,1436609205094,0.9708488,9.863512,2.219425
30431,1436609205107,0.9103952,9.890448,2.2709002
30432,1436609205124,0.8391677,9.928755,2.3020248
30433,1436609205174,0.7218518,10.008362,2.2601264
30434,1436609205178,0.7230489,10.00477,2.2828712
30435,1436609205194,0.7799112,9.919776,2.2936451
30436,1436609205202,0.8331822,9.816227,2.2888567
30437,1436609205228,0.83258367,9.7803135,2.259528
30438,1436609205244,0.8798691,9.834184,2.195483
30439,1436609205264,1.0295067,9.877877,2.1134815
30440,1436609205285,1.0971429,9.868899,2.1068976
30441,1436609205304,1.2497733,9.828796,2.1577742
30442,1436609205323,1.3760674,9.81503,2.1865046
30443,1436609205343,1.4736311,9.816227,2.1978772
30444,1436609205366,1.4885949,9.904813,2.1829133
30445,1436609205382,1.472434,9.88506,2.1739352
30446,1436609205403,1.4508862,9.826403,2.130241
30447,1436609205426,1.3916297,9.746197,2.0895395
30448,1436609205445,1.3617022,9.679757,2.1332338
30449,1436609205465,1.2617443,9.794679,2.1458032
30450,1436609205486,1.1617863,9.840169,2.2242134
30451,1436609205505,1.0342951,9.89763,2.2613235
30452,1436609205525,0.8822633,9.96766,2.3277626
30453,1436609205549,0.7386112,9.907805,2.3834279
30454,1436609205567,0.6374562,9.923966,2.3421278
30455,1436609205583,0.5446809,9.932944,2.3415294
30456,1436609205606,0.5129577,9.983223,2.344522
30457,1436609205623,0.52612585,10.005369,2.3409307
30458,1436609205643,0.6171055,10.044873,2.3720553
30459,1436609205662,0.6859388,10.09994,2.3523033
30460,1436609205687,0.7380127,10.1143055,2.3624785
30461,1436609205708,0.74639237,10.123882,2.3187842
30462,1436609205728,0.78050977,10.113707,2.3223755
30463,1436609205746,0.78050977,10.059837,2.284667
30464,1436609205762,0.789488,9.999982,2.2864625
30465,1436609205782,0.7918822,9.913192,2.2415714
30466,1436609205802,0.78290397,9.870695,2.2373815
30467,1436609205825,0.8194155,9.88925,2.2140381
30468,1436609205844,0.7942764,9.911396,2.2098482
30469,1436609205898,0.80325466,9.914988,2.2104468
30470,1436609205910,0.84216046,9.964667,2.2319946
30471,1436609205911,0.89603,10.075399,2.2463598
30472,1436609205922,0.9139865,10.122087,2.2559366
30473,1436609205947,0.94690675,10.073005,2.2780828
30474,1436609205965,0.9247604,10.022727,2.2631192
30475,1436609205985,0.9139865,9.975441,2.223615
30476,1436609206006,0.9247604,9.928755,2.220622
30477,1436609206023,0.8655039,9.87668,2.1751323
30478,1436609206044,0.8655039,9.809643,2.178125
30479,1436609206066,0.878672,9.804854,2.1583729
30480,1436609206083,0.94331545,9.877279,2.1859062
30481,1436609206105,0.9935937,10.007165,2.1619642
30482,1436609206125,1.0564415,10.056246,2.172738
30483,1436609206146,1.134253,10.050261,2.2337902
30484,1436609206165,1.1869255,10.032304,2.2547395
30485,1436609206186,1.186327,10.005967,2.2188265
30486,1436609206206,1.1456255,10.016143,2.204461
30487,1436609206226,1.0923545,9.96347,2.2104468
30488,1436609206247,1.0175357,9.89344,2.223615
30489,1436609206265,0.94690675,9.870695,2.2230163
30490,1436609206338,0.8912416,9.888652,2.179322
30491,1436609206339,0.88765025,9.93474,2.1679497
30492,1436609206340,0.93254155,9.938332,2.2080526
30493,1436609206344,0.9516952,9.959281,2.2403743
30494,1436609206366,0.91937345,9.962274,2.2481554
30495,1436609206386,0.90740246,9.966463,2.224812
30496,1436609206404,0.8984242,10.031705,2.1787236
30497,1436609206426,0.878672,10.061034,2.2457612
30498,1436609206447,0.87328506,10.064626,2.2828712
30499,1436609206465,0.83856916,10.065224,2.307412
30500,1436609206485,0.78529817,10.057443,2.2703018
30501,1436609206506,0.7344214,9.983821,2.2050598
30502,1436609206526,0.7392098,9.9712515,2.2200236
30503,1436609206546,0.6596026,9.952098,2.2703018
30504,1436609206566,0.5530606,9.966463,2.2750902
30505,1436609206584,0.5153519,9.988011,2.2451627
30506,1436609206613,0.50637364,10.000581,2.2894554
30507,1436609206669,0.60333884,10.032902,2.284667
30508,1436609206670,0.6548142,9.977237,2.3451207
30509,1436609206671,0.7206547,9.997588,2.3116016
30510,1436609206689,0.7715315,9.991602,2.2780828
30511,1436609206705,0.8086416,9.9712515,2.2697031
30512,1436609206731,0.9115923,9.937134,2.2655134
30513,1436609206746,0.97264445,9.886257,2.243367
30514,1436609206763,1.0169371,9.873089,2.2188265
30515,1436609206787,1.0534488,9.860519,2.2056582
30516,1436609206804,1.0893618,9.882068,2.1972785
30517,1436609206825,1.1324574,9.8994255,2.2170308
30518,1436609206844,1.1294646,9.945514,2.2134395
30519,1436609206865,1.1085154,9.946711,2.2319946
30520,1436609206883,1.1336545,9.956886,2.2373815
30521,1436609206907,1.1204864,9.936536,2.2331917
30522,1436609206927,1.1210849,9.954493,2.235586
30523,1436609206947,1.1216835,10.097546,2.2002714
30524,1436609206966,1.1605892,10.068815,2.2744915
30525,1436609206987,1.1707647,10.083779,2.2990322
30526,1436609207007,1.1091139,10.119692,2.285864
30527,1436609207027,1.0001777,10.062231,2.2535424
30528,1436609207046,0.85891986,10.068216,2.183512
30529,1436609207070,0.7152678,10.009559,2.146402
30530,1436609207086,0.66738373,9.988609,2.119467
30531,1436609207138,0.7068881,9.901819,2.12246
30532,1436609207139,0.801459,9.836577,2.1517887
30533,1436609207148,0.9127894,9.785701,2.1200657
30534,1436609207168,1.062427,9.734225,2.1242554
30535,1436609207187,1.2018893,9.831789,2.1212628
30536,1436609207206,1.2312182,9.932345,2.1230583
30537,1436609207226,1.2503718,10.00477,2.1499932
30538,1436609207246,1.2024878,10.038888,2.2343888
30539,1436609207268,1.1719618,9.931149,2.3068132
30540,1436609207288,1.1061212,9.932944,2.2709002
30541,1436609207309,1.0163386,9.970653,2.1613655
30542,1436609207326,0.9463082,9.947908,2.1278467
30543,1436609207435,0.90261406,9.932944,2.130241
30544,1436609207436,0.8996213,9.89763,2.1906946
30545,1436609207437,0.9403227,9.892242,2.2002714
30546,1436609207438,0.98222125,9.901221,2.1942859
30547,1436609207439,1.0348936,9.911995,2.171541
30548,1436609207451,1.074398,9.856929,2.1667526
30549,1436609207476,1.0827777,9.888652,2.1284454
30550,1436609207485,1.0815806,9.931747,2.1452048
30551,1436609207507,1.0827777,9.952098,2.1613655
30552,1436609207526,1.1121067,9.9550905,2.208651
30553,1436609207545,1.1061212,9.979631,2.2254105
30554,1436609207566,1.0127473,9.992201,2.2278047
30555,1436609207584,0.92416185,10.00477,2.2164323
30556,1436609207607,0.8391677,9.97604,2.220622
30557,1436609207626,0.7966706,9.955689,2.203264
30558,1436609207647,0.79008657,10.043077,2.142212
30559,1436609207665,0.74639237,10.101137,2.107496
30560,1436609207684,0.7793127,10.014347,2.1493945
30561,1436609207704,0.8050503,9.986216,2.171541
30562,1436609207724,0.8403648,9.962872,2.172738
30563,1436609207746,0.8870517,10.061034,2.119467
30564,1436609207767,0.9008184,10.029311,2.1571758
30565,1436609207787,0.89184016,10.023924,2.2242134
30566,1436609207809,0.7835025,10.059837,2.2427685
30567,1436609207824,0.6584055,10.077793,2.2499511
30568,1436609207848,0.5859809,10.028712,2.2613235
30569,1436609207867,0.5494693,10.020332,2.224812
30570,1436609207887,0.47465047,10.064027,2.1505916
30571,1436609207908,0.4345476,10.177153,2.0787656
30572,1436609207927,0.4225766,10.137649,2.0380642
30573,1436609207948,0.54168814,10.057443,2.0590134
30574,1436609207968,0.7200562,9.972448,2.0949266
30575,1436609207988,0.90859956,9.905411,2.0757728
30576,1436609208017,1.158195,10.037092,1.9303252
30577,1436609208208,1.4598645,10.195708,1.8273745
30578,1436609208209,1.6286557,10.187328,1.9129672
30579,1436609208210,1.7645266,10.183737,2.1098902
30580,1436609208211,1.673547,9.950901,2.3127987
30581,1436609208212,1.376666,9.879075,2.3918076
30582,1436609208213,1.2024878,9.828796,2.3678656
30583,1436609208214,0.8050503,9.759963,2.243367
30584,1436609208215,0.46806642,9.709685,2.0979192
30585,1436609208216,0.24959552,9.688137,1.946486
30586,1436609208217,0.24241292,9.655217,1.8567034
30587,1436609208239,0.36152446,9.798869,1.7902644
30588,1436609208245,0.62488663,10.043077,1.8531121
30589,1436609208265,0.88046765,10.207679,1.9596541
30590,1436609208285,1.0348936,10.404003,1.9812019
30591,1436609208311,1.0408791,10.336966,1.977012
30592,1436609208325,1.039682,10.108918,2.0404584
30593,1436609208347,1.110311,10.023924,1.9967642
30594,1436609208369,1.2563573,10.03769,1.8537107
30595,1436609208386,1.4748282,10.0987425,1.7711107
30596,1436609208406,1.6992847,10.271724,1.797447
30597,1436609208425,1.929128,10.397419,1.8716671
30598,1436609208446,2.0440497,10.228029,2.0644004
30599,1436609208467,2.0440497,9.951499,2.273893
30600,1436609208488,1.8561049,9.67018,2.3391352
30601,1436609208508,1.6041151,9.498397,2.1170728
30602,1436609208529,1.3694834,9.296086,1.9297266
30603,1436609208548,1.1061212,9.303269,1.8052281
30604,1436609208568,0.88046765,9.692925,1.5514427
30605,1436609208587,0.7649474,10.11251,1.3694834
30606,1436609208606,0.7224504,10.231621,1.6819267
30607,1436609208627,0.6937199,10.295067,2.1188686
30608,1436609208648,0.7236475,10.243592,2.2098482
30609,1436609208668,0.91099375,9.941922,2.0332758
30610,1436609208688,1.2150574,9.673772,1.8656816
30611,1436609208708,1.644218,9.752781,1.5747862
30612,1436609208728,2.0296845,9.870096,1.4891934
30613,1436609208748,2.3002293,9.985018,1.6065093
30614,1436609208768,2.336741,10.134656,1.8207904
30615,1436609208789,2.1577742,10.286688,2.0159178
30616,1436609208810,1.7615339,10.313024,2.0733786
30617,1436609208830,1.5245079,10.242993,2.0721815
30618,1436609208847,1.1773487,10.094553,1.9524715
30619,1436609208872,1.1019313,9.981427,1.7932571
30620,1436609208937,1.1785458,9.848549,1.7944542
30621,1436609208938,1.3736732,9.852738,1.8375498
30622,1436609208939,1.5508442,9.867104,1.8884265
30623,1436609208948,1.685518,9.9473095,1.893215
30624,1436609208975,1.678934,9.980828,1.9363106
30625,1436609208986,1.6478093,9.997588,1.9620483
30626,1436609209005,1.602918,9.992201,1.988983
30627,1436609209028,1.5280992,9.9233675,1.9871874
30628,1436609209046,1.4993688,9.935937,1.9015948
30629,1436609209068,1.5125369,9.865907,1.9201498
30630,1436609209102,1.5310919,9.789292,1.8782512
30631,1436609209114,1.578976,9.776124,1.8722657
30632,1436609209126,1.6591818,9.841366,1.8608932
30633,1436609209147,1.7357962,9.910199,1.9033904
30634,1436609209169,1.7830818,9.990405,1.9548657
30635,1436609209189,1.7202339,10.023924,1.9877859
30636,1436609209209,1.5885528,10.033501,1.9758149
30637,1436609209229,1.4449008,9.976639,1.8752584
30638,1436609209249,1.3958195,10.027515,1.7411832
30639,1436609209269,1.3928268,10.022727,1.7567455
30640,1436609209289,1.4987702,10.010158,1.8543092
30641,1436609209309,1.6292542,9.93893,1.963844
30642,1436609209327,1.721431,9.825205,1.9446903
30643,1436609209348,1.8106151,9.850345,1.857302
30644,1436609209369,1.834557,9.804854,1.893215
30645,1436609209386,1.7956513,9.8042555,1.9458874
30646,1436609209406,1.7435774,9.866506,1.9614497
30647,1436609209426,1.6364368,9.892242,1.9782091
30648,1436609209451,1.5436616,9.884461,1.9716251
30649,1436609209472,1.4598645,9.882666,1.9506758
30650,1436609209492,1.3790601,9.985018,1.851915
30651,1436609209509,1.4550761,10.064626,1.8088194
30652,1436609209527,1.5185224,9.977237,1.8495208
30653,1436609209546,1.721431,9.890448,1.9482816
30654,1436609209566,1.7902644,9.907207,2.0452468
30655,1436609209588,1.7154455,9.829395,2.0254946
30656,1436609209610,1.5975311,9.727641,1.9261353
30657,1436609209676,1.5089456,9.727641,1.8836381
30658,1436609209677,1.4610616,9.828198,1.8369513
30659,1436609209678,1.4514848,9.91439,1.8441339
30660,1436609209686,1.412579,9.903615,1.9470845
30661,1436609209709,1.3569138,10.045472,1.977012
30662,1436609209727,1.3281834,10.21127,1.9003977
30663,1436609209747,1.3311762,10.168773,1.8776526
30664,1436609209768,1.3736732,10.151415,1.9267339
30665,1436609209787,1.411382,10.068216,1.9973627
30666,1436609209807,1.3892355,9.9951935,1.8872294
30667,1436609209827,1.3628993,9.8916445,1.7597382
30668,1436609209849,1.2958617,9.837176,1.7399861
30669,1436609209866,1.2623428,9.8276,1.7986441
30670,1436609209889,1.2096704,9.862315,1.8148049
30671,1436609209909,1.1498153,10.044274,1.804031
30672,1436609209930,1.0899603,10.152014,1.8788497
30673,1436609209949,1.039682,10.185533,2.0207062
30674,1436609209970,0.9415198,10.248381,2.0524294
30675,1436609209990,0.8900445,10.234015,2.0093338
30676,1436609210010,0.8343793,10.134656,1.8848352
30677,1436609210029,0.83378077,10.081385,1.7782934
30678,1436609210047,0.8912416,10.027515,1.7070658
30679,1436609210067,1.039682,9.939528,1.6944963
30680,1436609210087,1.1971009,9.921572,1.7226281
30681,1436609210108,1.2838906,9.901819,1.8351556
30682,1436609210126,1.2791022,9.902418,1.8920178
30683,1436609210149,1.2012907,9.964667,1.8920178
30684,1436609210169,1.1456255,10.044873,1.8794483
30685,1436609210189,1.1833342,10.144831,1.8950106
30686,1436609210209,1.2743138,10.098145,1.9303252
30687,1436609210229,1.2964603,10.116699,1.9303252
30688,1436609210250,1.3186066,10.175956,1.8662802
30689,1436609210269,1.2761095,10.102334,1.7615339
30690,1436609210287,1.2366052,10.006566,1.7723078
30691,1436609210307,1.1534066,9.950901,1.8189948
30692,1436609210329,1.0301052,9.978435,1.8728642
30693,1436609210382,0.96905315,9.991004,1.9165585
30694,1436609210383,0.9115923,9.964667,1.9716251
30695,1436609210395,0.90021986,9.998186,1.9853917
30696,1436609210407,0.96306765,10.020931,1.9686323
30697,1436609210427,1.0253168,10.0029745,1.9608512
30698,1436609210447,1.103727,9.980828,1.9123687
30699,1436609210467,1.204882,9.9790325,1.8686744
30700,1436609210488,1.3066356,9.895834,1.8285716
30701,1436609210507,1.4030021,9.91798,1.797447
30702,1436609210529,1.5035586,9.98442,1.7705121
30703,1436609210547,1.5616181,9.959879,1.7579426
30704,1436609210568,1.5897499,10.037092,1.8136078
30705,1436609210589,1.5526398,10.028712,1.8249803
30706,1436609210610,1.4885949,9.964069,1.8291701
30707,1436609210628,1.4526819,9.871892,1.8537107
30708,1436609210650,1.3670892,9.859323,1.8722657
30709,1436609210670,1.328782,9.811439,1.9183542
30710,1436609210690,1.3150153,9.776124,1.9249382
30711,1436609210710,1.3251907,9.813833,1.881244
30712,1436609210730,1.3042414,9.779716,1.7782934
30713,1436609210750,1.3174095,9.71986,1.7741034
30714,1436609210771,1.3868413,9.733028,1.7968484
30715,1436609210791,1.4730326,9.814431,1.7531542
30716,1436609210810,1.5927427,9.933543,1.7435774
30717,1436609210829,1.7196354,10.114903,1.7585411
30718,1436609210849,1.7830818,10.3226,1.7914615
30719,1436609210869,1.7914615,10.450092,1.7950528
30720,1436609210891,1.7316064,10.458471,1.7914615
30721,1436609210911,1.602918,10.415975,1.8112136
30722,1436609210931,1.5245079,10.318411,1.8608932
30723,1436609210950,1.34195,10.126875,1.9069817
30724,1436609210969,1.2060791,10.09994,1.8339585
30725,1436609210988,1.1348516,10.059837,1.8016368
30726,1436609211009,1.1306617,9.9550905,1.7980455
30727,1436609211029,1.1623849,9.855731,1.851915
30728,1436609211130,1.2886791,9.832987,1.834557
30729,1436609211131,1.5113398,9.830592,1.8177977
30730,1436609211132,1.7531542,9.7563715,1.797447
30731,1436609211133,1.9997569,9.667787,1.8255788
30732,1436609211134,2.1517887,9.56723,1.8441339
30733,1436609211158,2.2140381,9.465476,1.7938557
30734,1436609211188,2.1883004,9.36073,1.774702
30735,1436609211189,2.0973208,9.444528,1.6998832
30736,1436609211207,2.0045455,9.622296,1.6394296
30737,1436609211229,1.9369092,9.946711,1.5903485
30738,1436609211248,1.8884265,10.205883,1.5197195
30739,1436609211269,1.8255788,10.262147,1.6717514
30740,1436609211299,1.7244238,10.258555,1.7567455
30741,1436609211312,1.6071079,10.143036,1.6831238
30742,1436609211329,1.4688427,9.939528,1.54845
30743,1436609211350,1.3611037,9.864111,1.4490906
30744,1436609211371,1.3060371,9.952098,1.3910311
30745,1436609211390,1.2372037,10.003573,1.429937
30746,1436609211411,1.2485762,10.116699,1.4371196
30747,1436609211431,1.3084313,10.209475,1.5059528
30748,1436609211450,1.347337,10.272323,1.6514006
30749,1436609211470,1.30484,10.385448,1.7178397
30750,1436609211491,1.271321,10.578181,1.7351977
30751,1436609211511,1.2378023,10.593744,1.7004818
30752,1436609211531,1.1845313,10.518327,1.7124528
30753,1436609211551,1.1073183,10.424355,1.7711107
30754,1436609211569,0.9648633,10.317214,1.8207904
30755,1436609211588,0.83617496,10.1699705,1.7866731
30756,1436609211608,0.74998367,10.061034,1.7052702
30757,1436609211629,0.7260417,10.030508,1.6400281
30758,1436609211649,0.75596917,9.921572,1.5849615
30759,1436609211672,0.92416185,9.857527,1.5705963
30760,1436609211693,1.1121067,9.987412,1.5269021
30761,1436609211715,1.3371617,10.029909,1.5370775
30762,1436609211730,1.5933412,10.1460285,1.5304934
30763,1436609211749,1.8189948,10.201095,1.6310499
30764,1436609211768,1.9841946,10.158598,1.7369933
30765,1436609211788,2.0931308,10.129269,1.8207904
30766,1436609211810,2.0739772,10.044274,1.8501194
30767,1436609211832,2.0260932,9.897031,1.8746599
30768,1436609211897,1.905186,9.796474,1.922544
30769,1436609211898,1.7405846,9.76535,1.8596961
30770,1436609211899,1.596334,9.804854,1.8722657
30771,1436609211908,1.4431051,9.818023,1.8980033
30772,1436609211932,1.3066356,9.838373,1.9937714
30773,1436609211949,1.2282255,9.8515415,2.0608091
30774,1436609211968,1.1617863,9.9550905,2.0697873
30775,1436609211990,1.0995371,10.053851,2.010531
30776,1436609212010,1.0785879,10.011953,1.9925743
30777,1436609212030,1.1498153,9.880272,2.0374656
30778,1436609212051,1.2557588,9.791686,1.9901801
30779,1436609212069,1.3670892,9.69951,1.9237411
30780,1436609212094,1.4131776,9.69532,1.8423382
30781,1436609212109,1.4670471,9.686341,1.8992004
30782,1436609212130,1.5424645,9.714474,1.9608512
30783,1436609212150,1.5837644,9.770139,2.1051018
30784,1436609212172,1.4999673,9.828198,2.1883004
30785,1436609212192,1.364695,9.859323,2.2200236
30786,1436609212212,1.2761095,9.91439,2.1140802
30787,1436609212232,1.2126632,9.874885,2.1039047
30788,1436609212250,1.2707225,9.834184,2.1039047
30789,1436609212271,1.30484,9.855731,2.0919337
30790,1436609212292,1.3132197,9.883863,2.0799627
30791,1436609212309,1.3054385,9.818023,2.1158757
30792,1436609212329,1.2862848,9.780912,2.1015105
30793,1436609212351,1.271321,9.774328,2.0679917
30794,1436609212370,1.3227965,9.782708,2.0332758
30795,1436609212390,1.3748703,9.774927,2.0500352
30796,1436609212411,1.3748703,9.789292,2.1170728
30797,1436609212431,1.4012065,9.888652,2.0721815
30798,1436609212451,1.4574703,9.932345,2.0219033
30799,1436609212472,1.5664065,9.881469,2.0512323
30800,1436609212489,1.6681601,9.93893,2.0560207
30801,1436609212510,1.7495629,9.904813,2.0506337
30802,1436609214091,1.7932571,9.911995,2.023699
30803,1436609214092,1.7986441,9.82341,2.0991163
30804,1436609214093,1.7615339,9.887454,2.0739772
30805,1436609214094,1.7369933,9.90601,1.9686323
30806,1436609214095,1.7106571,9.947908,1.9249382
30807,1436609214096,1.6609775,9.943718,1.9686323
30808,1436609214097,1.5143325,9.9928,1.9752164
30809,1436609214098,1.3664906,9.934141,1.9662381
30810,1436609214099,1.258153,9.846753,1.9614497
30811,1436609214100,1.1641805,9.864111,1.9129672
30812,1436609214101,1.1180922,9.932345,1.8513165
30813,1436609214102,1.146224,9.966463,1.8249803
30814,1436609214103,1.1875241,9.980229,1.8818425
30815,1436609214104,1.246182,9.973047,1.9901801
30816,1436609214105,1.2623428,9.97185,2.0566192
30817,1436609214106,1.2719196,9.900622,2.1134815
30818,1436609214107,1.2360066,9.793482,2.1577742
30819,1436609214108,1.1486182,9.913192,2.0895395
30820,1436609214109,1.0899603,9.890448,2.0667946
30821,1436609214110,0.89782566,9.921572,2.083554
30822,1436609214111,0.6655881,10.357317,1.9961656
30823,1436609214112,0.5279215,10.678739,1.8100165
30824,1436609214113,0.51355624,10.664971,1.751957
30825,1436609214114,0.81881696,10.877457,1.7597382
30826,1436609214115,1.2234371,10.56681,2.0518308
30827,1436609214116,1.4766239,10.439917,2.1410148
30828,1436609214117,1.903989,10.163386,2.307412
30829,1436609214118,1.9273324,9.800066,2.4127567
30830,1436609214119,1.7351977,9.582792,2.31639
30831,1436609214120,1.6238673,9.530719,2.083554
30832,1436609214121,1.5688007,9.548077,1.9309237
30833,1436609214122,1.3748703,9.566631,2.0500352
30834,1436609214123,1.0606314,9.70789,2.231396
30835,1436609214124,0.7769185,9.933543,2.3385365
30836,1436609214125,0.55126494,10.326791,2.2451627
30837,1436609214126,0.53450555,10.544662,2.0979192
30838,1436609214127,0.6865373,10.327988,2.2062569
30839,1436609214128,0.8475474,10.166978,2.2559366
30840,1436609214129,0.866701,9.972448,2.1332338
30841,1436609214130,0.8798691,9.913192,1.9267339
30842,1436609214131,1.0193313,9.9550905,1.8255788
30843,1436609214132,1.271321,9.863512,1.9309237
30844,1436609214133,1.460463,9.818023,2.055422
30845,1436609214134,1.4933833,9.818023,2.0721815
30846,1436609214135,1.5005659,9.900622,1.9746178
30847,1436609214136,1.5490485,10.015544,1.9081788
30848,1436609214137,1.6627731,10.098145,1.9602526
30849,1436609214138,1.7292122,10.075998,2.0284874
30850,1436609214139,1.6992847,10.065224,2.0991163
30851,1436609214140,1.6280571,10.031705,2.0841527
30852,1436609214141,1.5568297,10.07121,1.9698294
30853,1436609214142,1.513734,10.023924,1.893215
30854,1436609214143,1.4628572,9.959879,1.9207484
30855,1436609214144,1.4251486,9.914988,1.9213469
30856,1436609214145,1.3850456,9.870096,1.9285295
30857,1436609214146,1.3784616,9.907805,1.8872294
30858,1436609214147,1.4443022,9.906608,1.8740613
30859,1436609214148,1.5676036,9.861118,1.929128
30860,1436609214149,1.6370354,9.844957,1.9949685
30861,1436609214150,1.6394296,9.845556,1.9614497
30862,1436609214151,1.6514006,9.840169,1.9333179
30863,1436609214152,1.7088615,9.863512,1.8968062
30864,1436609214153,1.757344,9.903017,1.9093759
30865,1436609214154,1.8082209,9.918579,1.958457
30866,1436609214155,1.7776948,9.931747,1.9865888
30867,1436609214156,1.7280151,9.886257,1.9494787
30868,1436609214157,1.7304093,9.884461,1.927931
30869,1436609214158,1.757344,9.885659,1.9387048
30870,1436609214159,1.7830818,9.896433,1.9249382
30871,1436609214160,1.8112136,9.879075,1.951873
30872,1436609214161,1.8740613,9.872491,1.9662381
30873,1436609214162,1.8800468,9.8276,1.9662381
30874,1436609214163,1.9201498,9.826403,1.9620483
30875,1436609214164,1.9572599,9.808446,1.929128
30876,1436609214165,2.023699,9.804854,1.927931
30877,1436609214166,2.0602105,9.76535,1.9147629
30878,1436609214167,2.1045034,9.794081,1.9231426
30879,1436609214168,2.1045034,9.805453,1.9231426
30880,1436609214169,2.1200657,9.829993,1.9488802
30881,1436609214170,2.106299,9.877279,1.9758149
30882,1436609214171,2.030283,9.917382,2.007538
30883,1436609214172,1.9081788,9.900622,2.042254
30884,1436609214173,1.7687165,9.898827,1.9913772
30885,1436609214189,1.6627731,9.87668,1.9728222
30886,1436609214209,1.6041151,9.8754835,1.9452889
30887,1436609214229,1.6460136,9.831789,1.9416976
30888,1436609214249,1.7256209,9.849746,1.9656396
30889,1436609214269,1.8255788,9.809045,2.005144
30890,1436609214289,1.882441,9.7958765,2.0242975
30891,1436609214309,1.9273324,9.815628,2.0272903
30892,1436609214329,1.9548657,9.894038,1.9614497
30893,1436609214351,1.9782091,9.945514,1.9548657
30894,1436609214371,1.9542671,9.965864,2.0213048
30895,1436609214391,1.8860323,9.911396,2.0608091
30896,1436609214413,1.804031,9.835979,2.086547
30897,1436609214431,1.7375919,9.81922,2.0937295
30898,1436609214450,1.6274586,9.844957,2.0530279
30899,1436609214471,1.5640123,9.928755,2.011728
30900,1436609214492,1.4885949,9.989208,2.0201077
30901,1436609214513,1.4407109,9.884461,2.088941
30902,1436609214536,1.460463,9.930551,2.1176715
30903,1436609214552,1.4754268,9.910199,2.135628
30904,1436609214570,1.4526819,9.915586,2.0901382
30905,1436609214590,1.4999673,9.958682,2.0518308
30906,1436609214610,1.4975731,9.982025,2.047641
30907,1436609214632,1.4933833,9.93474,2.0530279
30908,1436609214670,1.4814123,9.894038,2.0691888
30909,1436609214671,1.4460979,9.838972,2.0979192
30910,1436609214691,1.417966,9.852738,2.0967221
30911,1436609214714,1.395221,9.888053,2.0560207
30912,1436609214732,1.4065934,9.929353,2.0685902
30913,1436609214751,1.4012065,9.924564,2.111686
30914,1436609214771,1.4041992,9.956287,2.1404164
30915,1436609214792,1.3587095,9.947908,2.1613655
30916,1436609214814,1.3096284,9.900024,2.1320367
30917,1436609214833,1.2509704,9.859323,2.1308396
30918,1436609214851,1.1851299,9.837775,2.1146786
30919,1436609214877,1.134253,9.884461,2.100912
30920,1436609214895,1.1055226,9.885659,2.082357
30921,1436609214913,1.0971429,9.917382,2.098518
30922,1436609214934,1.0696096,9.918579,2.1284454
30923,1436609214952,0.9720459,9.880272,2.1320367
30924,1436609214974,0.9355343,9.876082,2.0727801
30925,1436609214995,0.90021986,9.915586,2.0123265
30926,1436609215014,0.92655605,9.900622,2.0057425
30927,1436609215038,0.9552865,9.912594,2.0733786
30928,1436609215053,0.95468795,9.951499,2.119467
30929,1436609215076,0.92775315,9.955689,2.1362264
30930,1436609215092,0.8810662,10.001179,2.134431
30931,1436609215114,0.8391677,10.064626,2.147599
30932,1436609215135,0.8098387,10.070611,2.1589713
30933,1436609215155,0.74399817,10.171766,2.1386206
30934,1436609215174,0.6853402,10.164583,2.1649568
30935,1436609215195,0.6655881,10.169372,2.1811178
30936,1436609215215,0.6476316,10.117896,2.1990743
30937,1436609215235,0.61770403,10.089765,2.1918917
30938,1436609215256,0.5919664,10.07121,2.1637597
30939,1436609215274,0.56084174,10.068815,2.1410148
30940,1436609215295,0.5410896,10.110714,2.0859482
30941,1436609215315,0.55365914,10.053851,2.15538
30942,1436609215332,0.587178,10.07121,2.1745336
30943,1436609215354,0.641646,10.028113,2.2134395
30944,1436609215425,0.6985083,10.023924,2.1739352
30945,1436609215426,0.7517793,10.029909,2.1416135
30946,1436609215427,0.7978677,10.006566,2.1589713
30947,1436609215434,0.81283146,10.000581,2.1350293
30948,1436609215454,0.82001406,9.944916,2.1589713
30949,1436609215473,0.8002619,9.906608,2.132635
30950,1436609215492,0.78290397,9.930551,2.1140802
30951,1436609215517,0.78050977,9.929952,2.0769699
30952,1436609215541,0.81343,9.974244,2.082357
30953,1436609215553,0.8170213,9.998785,2.0991163
30954,1436609215575,0.78050977,9.944916,2.1051018
30955,1436609215593,0.7493851,9.968858,2.1230583
30956,1436609215612,0.729633,9.973646,2.107496
30957,1436609215635,0.717662,9.994595,2.0937295
30958,1436609215655,0.6997054,10.030508,2.0649989
30959,1436609215674,0.6985083,9.9951935,2.071583
30960,1436609215695,0.7020996,10.0341,2.0626047
30961,1436609215716,0.7224504,10.022128,2.1140802
30962,1436609215735,0.7272388,10.043077,2.0799627
30963,1436609215755,0.729633,10.032304,2.0859482
30964,1436609215774,0.7338228,10.01315,2.1170728
30965,1436609215796,0.6901286,10.015544,2.1296425
30966,1436609215812,0.6410475,10.03769,2.0937295
30967,1436609215836,0.6087258,10.035895,2.0829554
30968,1436609215855,0.6051345,10.040684,2.0757728
30969,1436609215875,0.6536171,10.052056,2.0500352
30970,1436609215896,0.717662,10.047866,2.0620062
30971,1436609215915,0.79367787,10.016143,2.0638018
30972,1436609215935,0.86729956,10.032304,2.0560207
30973,1436609215955,0.8810662,10.024523,2.0452468
30974,1436609215975,0.88166475,10.007763,2.0620062
30975,1436609215996,0.84694886,10.019734,2.0721815
30976,1436609216017,0.80086046,10.048465,2.0272903
30977,1436609216037,0.8050503,10.056246,2.054225
30978,1436609216054,0.81163436,10.035296,2.086547
30979,1436609216155,0.8002619,10.101735,2.0751743
30980,1436609216156,0.7781156,10.09156,2.066196
30981,1436609216157,0.76554596,10.058042,2.0590134
30982,1436609216158,0.7164649,10.088568,2.03148
30983,1436609216159,0.7158663,10.05864,2.0530279
30984,1436609216181,0.717662,10.0748005,2.0266917
30985,1436609216206,0.7565677,10.055647,2.0470424
30986,1436609216245,0.7823054,10.031705,2.0638018
30987,1436609216246,0.7846996,10.019734,2.0817583
30988,1436609216255,0.7649474,10.020332,2.0614076
30989,1436609216273,0.75357497,10.038888,2.0446482
30990,1436609216299,0.8038532,10.027515,2.0602105
30991,1436609216313,0.84096336,10.022128,2.0721815
30992,1436609216333,0.86251116,10.006566,2.1086931
30993,1436609216380,0.8619126,9.987412,2.082357
30994,1436609216381,0.86251116,9.979631,2.119467
30995,1436609216395,0.83856916,9.985018,2.095525
30996,1436609216416,0.8098387,9.977836,2.0566192
30997,1436609216435,0.8098387,9.964667,2.0667946
30998,1436609216456,0.8583213,9.991004,2.100912
30999,1436609216476,0.8924387,10.005967,2.0805612
31000,1436609216496,0.8996213,10.041282,2.0620062
31001,1436609216517,0.93134445,10.037092,2.070386
31002,1436609216533,0.9187749,10.0341,2.082357
31003,1436609216556,0.9163807,10.074203,2.0560207
31004,1436609216576,0.88046765,10.00896,2.067393
31005,1436609216596,0.88046765,9.923966,2.099715
31006,1436609216616,0.89184016,9.897031,2.1380222
31007,1436609216636,0.97025025,9.929952,2.130241
31008,1436609216697,1.0498575,9.901221,2.0979192
31009,1436609216698,1.0654198,10.008362,2.0919337
31010,1436609216699,1.1097125,10.057443,2.1619642
31011,1436609216716,1.1438298,10.113108,2.1936872
31012,1436609216737,1.103727,10.084976,2.2188265
31013,1436609216757,1.1282675,10.002377,2.2098482
31014,1436609216776,1.1641805,9.920973,2.1691468
31015,1436609216796,1.283292,9.782708,2.1440077
31016,1436609216866,1.4598645,9.745,2.1386206
31017,1436609216867,1.6519991,9.771336,2.1655555
31018,1436609216868,1.8130093,9.8683,2.1769278
31019,1436609216875,1.797447,9.928755,2.0667946
31020,1436609216903,1.6681601,9.790489,2.1080947
31021,1436609216917,1.525705,9.779716,2.1643584
31022,1436609216933,1.3102269,9.805453,2.180519
31023,1436609216954,1.1133038,9.770139,2.1308396
31024,1436609216973,1.067814,9.783307,2.0626047
31025,1436609216997,1.0941502,9.777321,2.0153193
31026,1436609217017,1.1887212,9.848549,1.9871874
31027,1436609217036,1.3329718,9.953894,1.9668367
31028,1436609217060,1.4425066,9.973047,2.0308816
31029,1436609217075,1.4580688,10.020931,2.0638018
31030,1436609217097,1.3934253,10.044274,2.094328
31031,1436609217142,1.3293805,9.997588,2.0626047
31032,1436609217143,1.3078327,9.956287,2.058415
31033,1436609217157,1.2467805,10.002377,2.086547
31034,1436609217177,1.1252748,9.943718,2.142212
31035,1436609217197,0.9911995,10.008362,2.132635
31036,1436609217217,0.8912416,9.9928,2.0895395
31037,1436609217237,0.8535329,9.993398,2.0482395
31038,1436609217256,0.8750807,10.053253,2.018312
31039,1436609217276,0.93972415,10.058042,2.0536265
31040,1436609217297,1.0648212,10.045472,2.107496
31041,1436609217314,1.127669,10.047866,2.1254525
31042,1436609217335,1.1611878,10.02572,2.1733365
31043,1436609217356,1.2922704,9.913791,2.211644
31044,1436609217379,1.3431472,9.86471,2.2469583
31045,1436609217399,1.2737153,9.872491,2.2158337
31046,1436609217419,1.122282,9.812037,2.2176294
31047,1436609217437,1.0588357,9.828198,2.1829133
31048,1436609217453,1.0546459,9.824008,2.1374235
31049,1436609217475,1.0390835,9.880272,2.1206641
31050,1436609217496,1.0187328,10.04607,2.0961237
31051,1436609217517,0.95708215,10.060435,2.1051018
31052,1436609217537,0.8726865,9.965864,2.1290438
31053,1436609217589,0.8182184,9.9473095,2.1416135
31054,1436609217602,0.83138657,9.87668,2.1308396
31055,1436609217603,0.83856916,9.80665,2.0907366
31056,1436609217615,0.86849666,9.783307,2.0775685
31057,1436609217639,0.92895025,9.810242,2.1045034
31058,1436609217662,0.9792285,9.865907,2.11827
31059,1436609217683,1.0516531,9.91798,2.1254525
31060,1436609217696,1.0845734,9.922769,2.1320367
31061,1436609217716,1.1474211,9.915586,2.1033063
31062,1436609217736,1.1923125,9.8198185,2.12246
31063,1436609217755,1.2695254,9.723452,2.0979192
31064,1436609217776,1.2946646,9.729437,2.0667946
31065,1436609217794,1.3018472,9.785701,2.1068976
31066,1436609217817,1.2491747,9.785701,2.0679917
31067,1436609217837,1.2072762,9.874885,2.0099323
31068,1436609217857,1.1941081,9.950901,2.0081367
31069,1436609217878,1.1384429,9.965864,2.0506337
31070,1436609217897,0.9720459,10.011354,2.0308816
31071,1436609217917,0.8074445,10.080787,1.965041
31072,1436609217937,0.7092823,10.107122,1.9135658
31073,1436609217957,0.55246204,10.300454,1.8686744
31074,1436609217978,0.3309984,10.465654,1.8046296
31075,1436609217997,0.16101007,10.454282,1.83336
31076,1436609218018,0.055066638,10.494385,1.7914615
31077,1436609218035,-0.038905777,10.487202,1.6579847
31078,1436609218054,0.019752163,10.405201,1.5622166
31079,1436609218084,0.16460137,10.2178545,1.4796166
31080,1436609218098,0.44532153,10.275913,1.5472529
31081,1436609218119,0.7308301,10.45069,1.6651673
31082,1436609218137,0.8738836,10.411784,1.7633295
31083,1436609218158,0.9175778,10.380061,1.858499
31084,1436609218177,0.8690952,10.316016,1.845331
31085,1436609218198,0.878672,10.279505,1.8483237
31086,1436609218218,0.8242039,10.175956,1.8764555
31087,1436609218238,0.8559271,10.13286,1.9123687
31088,1436609218258,0.84694886,10.067019,1.9369092
31089,1436609218277,0.86011696,9.915586,1.9841946
31090,1436609218295,0.9115923,9.887454,1.9686323
31091,1436609218351,0.9235633,9.873688,1.9907787
31092,1436609218364,0.93493575,9.907207,1.939902
31093,1436609218365,0.9516952,10.002377,1.9213469
31094,1436609218375,0.9295488,9.874885,1.9626468
31095,1436609218399,0.919972,9.774927,1.988983
31096,1436609218415,0.92895025,9.841965,2.0009542
31097,1436609218435,0.9103952,9.924564,1.9853917
31098,1436609218456,0.9415198,9.973047,1.9877859
31099,1436609218477,0.94810385,10.020332,2.0290859
31100,1436609218497,0.9391256,9.974244,2.0973208
31101,1436609218516,0.9463082,9.996989,2.070386
31102,1436609218535,1.0103531,10.02153,2.042254
31103,1436609218555,1.002572,9.980229,2.0278888
31104,1436609218578,0.95827925,9.902418,2.0189106
31105,1436609218598,0.8702923,9.833585,2.0111294
31106,1436609218620,0.83378077,9.833585,2.0171149
31107,1436609218638,0.830788,9.826403,1.9973627
31108,1436609218658,0.9115923,9.830592,2.0171149
31109,1436609218678,0.98700964,9.847352,2.0566192
31110,1436609218698,1.033098,9.88925,2.066196
31111,1436609218718,1.0564415,9.959879,2.0470424
31112,1436609218739,1.0779893,9.985018,2.059612
31113,1436609218757,1.0851719,10.043676,2.0649989
31114,1436609218778,1.0648212,10.052056,2.054225
31115,1436609218797,0.97743285,10.038289,2.034473
31116,1436609218817,0.9487024,9.977836,2.0572178
31117,1436609218837,0.9115923,10.001778,2.082357
31118,1436609218859,0.8834604,10.024523,2.0470424
31119,1436609218879,0.87089086,10.058042,2.0380642
31120,1436609218900,0.8439561,10.059238,2.0614076
31121,1436609218918,0.8170213,10.060435,2.0829554
31122,1436609218937,0.7565677,10.052654,2.0272903
31123,1436609218957,0.74998367,10.019734,2.0003555
31124,1436609218977,0.81402856,9.98442,1.9626468
31125,1436609218996,0.91458505,9.956886,2.0027497
31126,1436609219109,0.96905315,9.946711,2.0398598
31127,1436609219110,0.9864111,9.981427,2.066196
31128,1436609219111,0.9744401,10.029311,2.03567
31129,1436609219112,0.96187055,9.996989,2.0805612
31130,1436609219113,0.93493575,10.00896,2.0614076
31131,1436609219178,0.89303726,9.969456,2.0949266
31132,1436609219179,0.83497787,10.0029745,2.088941
31133,1436609219180,0.79726917,10.038888,2.0871453
31134,1436609219181,0.7733272,10.075399,2.0482395
31135,1436609219223,0.76075757,10.046669,2.0404584
31136,1436609219224,0.83737206,10.022727,2.083554
31137,1436609219247,0.87208796,9.959879,2.0667946
31138,1436609219255,0.908001,9.990405,2.0093338
31139,1436609219276,0.9391256,9.991004,2.0177135
31140,1436609219298,0.9840169,10.014347,2.030283
31141,1436609219315,0.98940384,9.999383,2.0548236
31142,1436609219339,0.9780314,9.980229,2.0667946
31143,1436609219359,0.96426475,9.964069,2.0691888
31144,1436609219379,0.9475053,9.952697,2.0757728
31145,1436609219399,0.9672575,9.991004,2.0811598
31146,1436609219417,0.98581254,10.001179,2.098518
31147,1436609219439,0.97982705,10.001179,2.078167
31148,1436609219459,0.9876082,10.043077,2.0697873
31149,1436609219479,0.95349085,10.0029745,2.0913353
31150,1436609219497,0.8631097,9.881469,2.086547
31151,1436609219518,0.80684596,9.900024,2.055422
31152,1436609219539,0.81642276,9.929353,1.9949685
31153,1436609219557,0.87567925,9.958682,1.9847932
31154,1436609219576,0.9463082,10.000581,2.0296845
31155,1436609219596,0.9720459,10.107721,2.019509
31156,1436609219619,0.91458505,10.108319,2.0266917
31157,1436609219639,0.8194155,10.100538,2.0159178
31158,1436609219659,0.7457938,10.137649,1.9859903
31159,1436609219678,0.6703765,10.117298,1.91596
31160,1436609219697,0.5805939,10.108319,1.9572599
31161,1436609219717,0.52073884,10.02153,2.0518308
31162,1436609219737,0.48123455,9.994595,2.1140802
31163,1436609219757,0.50996494,9.999383,2.1051018
31164,1436609219777,0.5267244,10.061034,2.0763714
31165,1436609219831,0.60932434,10.057443,2.0763714
31166,1436609219844,0.6679823,10.063428,2.1092918
31167,1436609219845,0.7116765,10.032304,2.1350293
31168,1436609219856,0.7565677,10.017939,2.1110873
31169,1436609219878,0.8038532,10.026319,2.0254946
31170,1436609219896,0.8559271,9.916184,2.0111294
31171,1436609219917,0.8655039,9.831191,2.0470424
31172,1436609219939,0.8535329,9.86471,2.043451
31173,1436609219957,0.8319851,9.810242,2.132635
31174,1436609219977,0.85413146,9.895236,2.1176715
31175,1436609219997,0.86610246,9.913192,2.171541
31176,1436609220017,0.8690952,9.973047,2.1775265
31177,1436609220037,0.8451532,10.08318,2.168548
31178,1436609220059,0.7338228,10.008362,2.1655555
31179,1436609220076,0.65062433,10.002377,2.1146786
31180,1436609220099,0.5662287,10.057443,2.0638018
31181,1436609220117,0.5363012,10.107721,2.0135236
31182,1436609220140,0.6254852,10.049063,2.0272903
31183,1436609220159,0.7577648,10.034698,2.0679917
31184,1436609220179,0.81163436,9.973646,2.1057005
31185,1436609220199,0.8331822,9.947908,2.1266496
31186,1436609220221,0.8319851,9.953295,2.112883
31187,1436609220239,0.7763199,10.0341,2.1015105
31188,1436609220260,0.66858083,10.070611,2.0937295
31189,1436609220286,0.64823014,10.084377,2.1033063
31190,1436609220332,0.56982,10.05445,2.184709
31191,1436609220339,0.56443304,10.022727,2.2122424
31192,1436609220340,0.60932434,9.987412,2.1721394
31193,1436609220390,0.7410054,9.937733,2.148796
31194,1436609220391,0.9008184,9.950302,2.1679497
31195,1436609220405,0.99658644,9.97185,2.1990743
31196,1436609220416,1.0019734,9.973047,2.1787236
31197,1436609220437,0.97982705,9.985018,2.2260091
31198,1436609220457,0.92296475,9.939528,2.1960814
31199,1436609220483,0.86011696,9.959281,2.1470003
31200,1436609220534,0.8643068,9.940725,2.146402
31201,1436609220537,0.91458505,10.016143,2.1481974
31202,1436609220538,0.9427169,10.002377,2.1655555
31203,1436609220597,0.96067345,10.049662,2.1410148
31204,1436609220598,0.9792285,10.0341,2.1338322
31205,1436609220599,0.94211835,10.055647,2.1039047
31206,1436609220620,0.9187749,10.010158,2.0787656
31207,1436609220640,0.92775315,9.950901,2.082357
31208,1436609220669,0.93732995,9.978435,2.0380642
31209,1436609220681,0.98940384,9.870695,2.0787656
31210,1436609220713,1.0265139,9.832388,2.1140802
31211,1436609220717,1.0708067,9.8916445,2.1212628
31212,1436609220742,1.0480618,9.913192,2.1320367
31213,1436609220758,0.9475053,10.005369,2.1386206
31214,1436609220778,0.85413146,10.047267,2.1697452
31215,1436609220796,0.770933,9.9712515,2.2158337
31216,1436609220827,0.7380127,10.028113,2.112883
31217,1436609220836,0.7308301,10.093954,2.0087352
31218,1436609220856,0.78170687,10.090961,1.9662381
31219,1436609220876,0.8822633,10.045472,2.0506337
31220,1436609220896,0.9516952,10.016143,2.135628
31221,1436609220916,1.0307038,10.02153,2.098518
31222,1436609220936,1.0911574,10.019734,2.0733786
31223,1436609220956,1.103727,10.032902,2.0961237
31224,1436609220976,1.0384849,10.058042,2.0751743
31225,1436609220996,0.95708215,10.03769,2.059612
31226,1436609221016,0.90261406,10.019734,2.0518308
31227,1436609221036,0.87448215,10.022727,2.0536265
31228,1436609221056,0.89184016,10.032304,2.0458453
31229,1436609221076,0.8948329,9.986216,2.0320787
31230,1436609221096,0.8882488,9.968858,2.0290859
31231,1436609221116,0.8822633,9.964667,2.0129251
31232,1436609221136,0.9235633,9.982025,1.9835961
31233,1436609221156,0.9367314,10.007165,1.9973627
31234,1436609221176,0.9223662,10.089765,2.0428526
31235,1436609221197,0.89423436,10.0825815,2.0374656
31236,1436609221217,0.9091981,10.068815,2.0763714
31237,1436609221237,0.92416185,10.039486,2.147599
31238,1436609221272,0.88046765,10.075998,2.0775685
31239,1436609221276,0.82599956,10.094553,2.0219033
31240,1436609221297,0.86370826,10.049662,2.0338743
31241,1436609221316,0.91578215,10.079589,2.0632033
31242,1436609221338,0.96306765,10.059837,2.0727801
31243,1436609221357,1.0073603,10.004171,2.0219033
31244,1436609221377,1.0420763,9.991004,2.0021513
31245,1436609221397,1.1150994,9.90601,1.9985598
31246,1436609221422,1.1378443,9.845556,2.0572178
31247,1436609221438,1.0959458,9.834782,2.1057005
31248,1436609221458,1.0414777,9.856929,2.1080947
31249,1436609221477,0.9648633,9.93893,2.0326772
31250,1436609221499,0.91099375,9.943718,2.046444
31251,1436609221520,0.8690952,9.941922,2.124854
31252,1436609221540,0.88046765,9.929952,2.1523874
31253,1436609221560,0.90500826,9.919776,2.147599
31254,1436609221579,0.94451255,10.0029745,2.0685902
31255,1436609221598,1.0145429,10.065224,2.0446482
31256,1436609221617,1.0827777,10.019135,2.066196
31257,1436609221637,1.1228806,9.952098,2.1033063
31258,1436609221661,1.1043255,9.911396,2.0931308
31259,1436609221679,1.0953473,9.8754835,2.0129251
31260,1436609221699,1.0827777,9.935339,1.9482816
31261,1436609221721,1.0941502,9.987412,1.9746178
31262,1436609221738,1.0761937,9.994595,2.0410569
31263,1436609221759,1.1067197,9.973646,2.0829554
31264,1436609221780,1.1210849,9.978435,2.0632033
31265,1436609221802,1.127669,9.983821,2.0189106
31266,1436609221822,1.0869676,10.002377,2.0213048
31267,1436609221840,1.0295067,10.049662,2.0326772
31268,1436609221860,0.97743285,10.029311,2.0039468
31269,1436609221885,1.0019734,10.046669,1.9937714
31270,1436609221959,1.0175357,9.9928,2.030283
31271,1436609221960,1.0043676,9.9712515,2.0380642
31272,1436609221961,0.9588778,9.974244,2.018312
31273,1436609221962,0.9355343,9.991602,1.9973627
31274,1436609221980,0.92775315,10.018537,2.0045455
31275,1436609222003,0.96546185,10.041881,2.0248961
31276,1436609222018,0.9983821,10.064027,2.0326772
31277,1436609222038,1.0432734,10.059837,2.0290859
31278,1436609222066,1.0516531,10.030508,2.0410569
31279,1436609222108,1.0456676,9.986814,2.0626047
31280,1436609222109,0.9744401,9.949704,2.0667946
31281,1436609222119,0.90859956,10.0029745,1.9925743
31282,1436609222140,0.89064306,9.991602,1.9865888
31283,1436609222161,0.89303726,9.999982,1.9716251
31284,1436609222181,0.91697925,9.98442,2.0201077
31285,1436609222201,0.90381116,10.008362,2.0440497
31286,1436609222221,0.88166475,10.056845,1.9883845
31287,1436609222240,0.87448215,10.081984,1.9303252
31288,1436609222260,0.90261406,10.025121,1.951873
31289,1436609222282,0.9828198,10.044274,1.9955671
31290,1436609222302,1.049259,10.031107,2.0278888
31291,1436609222321,1.0803835,10.03769,2.0296845
31292,1436609222340,1.0420763,10.03769,2.0398598
31293,1436609222383,1.0097545,9.992201,2.0512323
31294,1436609222384,0.95468795,9.988609,2.0614076
31295,1436609222399,0.8948329,9.996989,2.078167
31296,1436609222420,0.78769237,9.974843,2.054225
31297,1436609222440,0.7146692,9.941324,2.0572178
31298,1436609222462,0.6667852,9.956886,2.0470424
31299,1436609222479,0.700304,9.979631,2.0751743
31300,1436609222501,0.7846996,9.996989,2.078167
31301,1436609222521,0.8774749,10.129269,2.0530279
31302,1436609222542,0.96905315,10.104729,2.066196
31303,1436609222560,0.99060094,10.013748,2.0691888
31304,1436609222579,1.0384849,10.096349,1.9596541
31305,1436609222599,1.0947487,10.0664215,2.0009542
31306,1436609222621,1.1174936,9.980828,2.0697873
31307,1436609222711,1.0702082,10.029311,2.0697873
31308,1436609222712,0.96426475,10.011953,2.0679917
31309,1436609222713,0.97503865,9.954493,2.0219033
31310,1436609222714,1.0187328,9.946113,2.0284874
31311,1436609222723,1.0205284,9.916184,2.0751743
31312,1436609222749,0.99898064,9.888053,2.0817583
31313,1436609222761,0.9307459,9.903615,2.0308816
31314,1436609222779,0.86131406,9.920973,2.0242975
31315,1436609222800,0.8463503,10.032304,1.9991584
31316,1436609222819,0.9032126,10.02153,2.0296845
31317,1436609222842,0.95229375,10.044274,2.0805612
31318,1436609222860,0.9588778,10.053253,2.1212628
31319,1436609222881,0.91219085,9.973646,2.1176715
31320,1436609222900,0.85772276,9.88506,2.094328
31321,1436609222922,0.825401,9.909002,2.0667946
31322,1436609222939,0.79248077,9.959879,2.0763714
31323,1436609222960,0.79248077,10.023325,2.0763714
31324,1436609222980,0.8194155,10.011953,2.1068976
31325,1436609223000,0.8535329,10.064027,2.0685902
31326,1436609223021,0.8948329,10.097546,2.0536265
31327,1436609223042,0.9367314,10.096947,2.0655975
31328,1436609223060,0.96546185,10.030508,2.0721815
31329,1436609223092,0.97025025,10.038888,2.0332758
31330,1436609223100,1.0145429,9.96347,2.0272903
31331,1436609223121,1.0791864,9.949105,2.0590134
31332,1436609223139,1.0911574,9.928156,2.0925324
31333,1436609223160,1.0582372,9.959281,2.0871453
31334,1436609223180,1.0001777,9.941922,2.058415
31335,1436609223202,1.0067618,9.990405,2.0500352
31336,1436609223223,1.0097545,10.040085,2.1015105
31337,1436609223243,0.96306765,10.047866,2.098518
31338,1436609223262,0.9091981,10.038888,2.1170728
31339,1436609223282,0.84575176,10.019135,2.12246
31340,1436609223300,0.83138657,10.011953,2.0721815
31341,1436609223321,0.81881696,9.961076,2.0207062
31342,1436609223342,0.8643068,9.886856,2.054225
31343,1436609223360,0.9211691,9.921572,2.0386627
31344,1436609223421,0.9780314,10.035895,2.0739772
31345,1436609223422,1.0121487,10.138845,2.1404164
31346,1436609223423,1.0163386,10.175357,2.1619642
31347,1436609223439,1.0187328,10.169372,2.2026656
31348,1436609223468,1.0594343,10.117298,2.2511482
31349,1436609223479,1.0085574,10.05864,2.2337902
31350,1436609223500,0.9840169,10.008362,2.2152352
31351,1436609223520,0.9696517,9.937733,2.2104468
31352,1436609223541,0.95708215,9.883863,2.2068555
31353,1436609223560,0.99658644,9.81503,2.2499511
31354,1436609223580,1.0534488,9.81922,2.255338
31355,1436609223600,1.1378443,9.85633,2.2349873
31356,1436609223622,1.1677719,9.949105,2.2296004
31357,1436609223640,1.151611,9.999383,2.1703439
31358,1436609223660,1.1168951,9.935937,2.19249
31359,1436609223679,1.0067618,9.873089,2.2056582
31360,1436609223700,0.96187055,9.824607,2.1619642
31361,1436609223722,0.9804256,9.76954,2.1158757
31362,1436609223741,1.0031705,9.6923275,2.1404164
31363,1436609223762,1.0384849,9.709685,2.1733365
31364,1436609223782,1.0582372,9.847352,2.1589713
31365,1436609223800,1.1007342,9.920973,2.2014685
31366,1436609223822,1.1252748,10.120889,2.2343888
31367,1436609223842,1.049259,10.163386,2.2613235
31368,1436609223860,0.9487024,10.185533,2.1751323
31369,1436609223881,0.8523358,10.1161,2.154183
31370,1436609223900,0.74639237,10.045472,2.178125
31371,1436609223926,0.60693014,10.048465,2.131438
31372,1436609223941,0.50397944,10.014946,2.1134815
31373,1436609223966,0.5141548,10.051457,2.0979192
31374,1436609223983,0.52253455,10.0748005,2.160767
31375,1436609224000,0.54767364,10.068815,2.2427685
31376,1436609224021,0.49081135,10.085575,2.2631192
31377,1436609224044,0.44771573,10.07121,2.2852654
31378,1436609224061,0.4842273,9.978435,2.2601264
31379,1436609224175,0.53330845,9.985617,2.2577322
31380,1436609224176,0.6356605,9.9928,2.2170308
31381,1436609224177,0.6919243,9.990405,2.2002714
31382,1436609224178,0.81881696,9.983821,2.180519
31383,1436609224179,0.9295488,9.949704,2.1703439
31384,1436609224186,1.0510546,9.889849,2.1739352
31385,1436609224201,1.1432313,9.772532,2.1667526
31386,1436609224220,1.2395979,9.727043,2.168548
31387,1436609224245,1.2186487,9.76535,2.1751323
31388,1436609224261,1.1797429,9.779117,2.2415714
31389,1436609224281,1.1390414,9.812037,2.27928
31390,1436609224301,1.0600328,9.892242,2.2828712
31391,1436609224322,1.033098,9.986814,2.2026656
31392,1436609224342,1.0761937,10.019734,2.1960814
31393,1436609224362,1.1336545,10.077195,2.1350293
31394,1436609224381,1.1641805,10.096947,2.1045034
31395,1436609224402,1.163582,10.031107,2.1290438
31396,1436609224421,1.1330559,10.015544,2.1212628
31397,1436609224441,1.049259,10.063428,2.0602105
31398,1436609224462,1.0133458,10.129269,2.0171149
31399,1436609224483,1.079785,10.1460285,2.023699
31400,1436609224503,1.062427,10.222643,2.111686
31401,1436609224523,1.055843,10.292673,2.0973208
31402,1436609224546,1.1881226,10.127473,2.2888567
31403,1436609224563,1.1659763,10.166379,2.540248
31404,1436609224583,1.151611,10.096947,2.520496
31405,1436609224603,1.2539631,9.931149,2.4522612
31406,1436609224621,1.2934675,9.900024,2.368464
31407,1436609224643,1.2431892,9.898229,2.2493525
31408,1436609224667,0.9864111,9.747394,2.1493945
31409,1436609224681,0.6751649,9.654618,2.2343888
31410,1436609224701,0.48362875,9.69951,2.232593
31411,1436609224729,0.37349546,9.683349,2.2439656
31412,1436609224745,0.27832595,9.89763,2.1984756
31413,1436609224772,0.3597288,9.8276,2.4343045
31414,1436609224781,0.39683893,9.978435,2.5181017
31415,1436609224801,0.6727707,10.260351,2.634819
31416,1436609224847,0.74878657,10.28549,2.7515364
31417,1436609224848,0.83617496,10.333375,2.8514943
31418,1436609224867,0.7278373,10.187927,2.8562827
31419,1436609224887,0.48243165,9.919178,2.6797101
31420,1436609224901,0.3345897,9.524135,2.469619
31421,1436609224923,0.6314707,9.31105,2.5683799
31422,1436609224941,1.0462662,9.566631,2.918532
31423,1436609224962,1.1701661,9.772532,2.9897594
31424,1436609224981,1.2569559,9.79827,3.0071173
31425,1436609225001,1.158195,9.88925,3.0903158
31426,1436609225024,1.0869676,9.862315,2.996942
31427,1436609225041,1.1216835,9.689933,2.902371
31428,1436609225061,1.103727,9.591172,2.891597
31429,1436609225082,0.94331545,9.603143,2.6803088
31430,1436609225101,0.6997054,9.669582,2.393603
31431,1436609225121,0.47764325,9.698313,2.2307975
31432,1436609225141,0.22804771,9.762956,2.2523453
31433,1436609225161,0.038905777,9.87668,2.1984756
31434,1436609225181,-0.08738836,9.843162,2.3277626
31435,1436609225201,-0.12689269,9.774927,2.4791958
31436,1436609225234,-0.046686932,9.765948,2.5677812
31437,1436609225241,0.08499416,9.904214,2.5629928
31438,1436609225261,0.1316811,10.166978,2.565387
31439,1436609225281,0.11492168,10.232818,2.6378117
31440,1436609225316,0.11671733,10.10413,2.6060886
31441,1436609225323,0.32621,10.00896,2.4887726
31442,1436609225342,0.700304,9.958682,2.3361423
31443,1436609225365,0.9983821,9.998785,2.3469162
31444,1436609225385,1.0576386,10.149619,2.3918076
31445,1436609225405,0.7308301,10.201694,2.4378958
31446,1436609225423,0.32621,10.18254,2.4887726
31447,1436609225443,0.08140286,10.037092,2.4462755
31448,1436609225462,0.110133275,9.901819,2.3690627
31449,1436609225483,0.23882163,9.910199,2.307412
31450,1436609225504,0.34237084,9.92636,2.3127987
31451,1436609225523,0.3477578,9.922769,2.3145945
31452,1436609225540,0.32920274,9.901221,2.3409307
31453,1436609225563,0.23762453,9.894637,2.3546975
31454,1436609225580,0.20350714,9.968259,2.3080103
31455,1436609225600,0.27952304,10.171167,2.1284454
31456,1436609225625,0.34955344,10.282497,2.0231004
31457,1436609225643,0.4818331,10.157999,2.183512
31458,1436609225662,0.59495914,10.0341,2.3343468
31459,1436609225683,0.6039374,10.055647,2.3546975
31460,1436609225706,0.51235914,9.946711,2.4331074
31461,1436609225725,0.40162733,9.911995,2.484583
31462,1436609225747,0.33638534,9.983223,2.4648306
31463,1436609225766,0.21787235,9.917382,2.4546554
31464,1436609225786,0.075417355,9.998785,2.3900118
31465,1436609225806,0.062249243,10.065224,2.3265655
31466,1436609225826,0.09636662,10.06283,2.380435
31467,1436609225845,0.18016368,10.14543,2.3020248
31468,1436609225865,0.30765492,10.152613,2.3409307
31469,1436609225883,0.47105917,10.067019,2.3582888
31470,1436609225903,0.62009823,9.952098,2.3762453
31471,1436609225926,0.6985083,9.815628,2.3930047
31472,1436609225945,0.59017074,9.665392,2.367267
31473,1436609225965,0.43754035,9.620501,2.3451207
31474,1436609225984,0.24241292,9.69532,2.3636756
31475,1436609226005,0.076614454,9.844957,2.3642743
31476,1436609226033,0.03172317,9.913791,2.4235306
31477,1436609226045,0.009576807,10.022727,2.5073278
31478,1436609226065,-0.0005985504,10.068216,2.534861
31479,1436609226093,0.019752163,10.119094,2.4809916
31480,1436609226107,0.08140286,10.140042,2.456451
31481,1436609226127,0.16160862,10.055647,2.4546554
31482,1436609226143,0.2633622,9.980828,2.4247277
31483,1436609226164,0.29568392,9.880272,2.3930047
31484,1436609226235,0.3250129,9.816826,2.369661
31485,1436609226236,0.32142156,9.818023,2.3241713
31486,1436609226237,0.3357868,9.846753,2.3187842
31487,1436609226245,0.36750996,9.88506,2.3529017
31488,1436609226263,0.3250129,9.898827,2.3930047
31489,1436609226284,0.2621651,9.949704,2.3840263
31490,1436609226302,0.23044191,9.972448,2.3888147
31491,1436609226328,0.19931729,9.986216,2.4366987
31492,1436609226344,0.14903906,10.00477,2.4462755
31493,1436609226363,0.11971009,9.997588,2.4372973
31494,1436609226383,0.089782566,10.008362,2.3959973
31495,1436609226448,0.14544775,10.00477,2.3870192
31496,1436609226449,0.2208651,9.937733,2.4361002
31497,1436609226450,0.22026655,9.923966,2.4480712
31498,1436609226465,0.16938977,9.888652,2.396596
31499,1436609226486,0.15023616,9.901819,2.3594859
31500,1436609226505,0.20410569,9.919776,2.36188
31501,1436609226526,0.26635495,9.944317,2.3600843
31502,1436609226546,0.30765492,9.927557,2.3750482
31503,1436609226566,0.31304187,9.953295,2.336741
31504,1436609226586,0.3441665,9.988609,2.337938
31505,1436609226606,0.39444473,9.957485,2.4211364
31506,1436609226626,0.38367084,9.982624,2.40318
31507,1436609226645,0.38067806,9.998186,2.404377
31508,1436609226664,0.3693056,10.022727,2.461838
31509,1436609226683,0.31004912,10.02153,2.4797945
31510,1436609226705,0.219668,10.047267,2.4181437
31511,1436609226723,0.077811554,9.991602,2.3295584
31512,1436609226743,-0.05865794,9.873688,2.2505496
31513,1436609226765,-0.06344634,9.777321,2.1930888
31514,1436609226787,-0.019153614,9.701904,2.1817162
31515,1436609226807,0.08619126,9.757569,2.236783
31516,1436609226828,0.2124854,9.865907,2.3355439
31517,1436609226846,0.30765492,9.979631,2.428319
31518,1436609226866,0.3716998,10.09156,2.4744074
31519,1436609226884,0.3693056,10.166978,2.4612393
31520,1436609226904,0.3693056,10.189124,2.4642322
31521,1436609226926,0.33997664,10.126276,2.463035
31522,1436609226944,0.2885013,10.084976,2.3840263
31523,1436609227016,0.22325931,10.062231,2.308609
31524,1436609227017,0.15981296,9.9951935,2.2583308
31525,1436609227018,0.22505496,9.968259,2.2619221
31526,1436609227029,0.30945057,9.991004,2.2481554
31527,1436609227047,0.26515785,10.025121,2.2391772
31528,1436609227076,0.260968,9.937733,2.2655134
31529,1436609227089,0.2184709,9.97185,2.280477
31530,1436609227126,0.14185645,10.02153,2.3050177
31531,1436609227167,0.06584055,9.983223,2.4061728
31532,1436609227168,0.06823475,9.97604,2.4774003
31533,1436609227169,0.08020575,10.131064,2.4678235
31534,1436609227184,0.15083471,10.110115,2.534861
31535,1436609227203,0.22744916,9.989806,2.469619
31536,1436609227226,0.320823,9.841965,2.336741
31537,1436609227246,0.338181,9.811439,2.2541409
31538,1436609227266,0.36032736,9.782708,2.1745336
31539,1436609227286,0.3854665,9.745,2.1523874
31540,1436609227306,0.39145198,9.813833,2.2517467
31541,1436609227326,0.3196259,9.965266,2.2864625
31542,1436609227346,0.15801731,9.994595,2.292448
31543,1436609227366,-0.008978256,10.023924,2.2768857
31544,1436609227386,-0.08738836,10.093954,2.255338
31545,1436609227407,-0.010773907,10.105926,2.2840683
31546,1436609227426,0.089184016,10.076596,2.3343468
31547,1436609227479,0.16819267,10.117896,2.4019828
31548,1436609227480,0.25378537,10.183737,2.4187422
31549,1436609227484,0.27712885,10.174759,2.3762453
31550,1436609227506,0.26635495,10.077195,2.309806
31551,1436609227527,0.29029694,10.01315,2.235586
31552,1436609227547,0.37110126,9.932345,2.179322
31553,1436609227568,0.44831428,9.855133,2.1817162
31554,1436609227586,0.51235914,9.876082,2.2200236
31555,1436609227606,0.51235914,9.883265,2.2523453
31556,1436609227625,0.45609543,9.878476,2.2697031
31557,1436609227645,0.31304187,9.883863,2.2643163
31558,1436609227666,0.18734628,9.848549,2.2421699
31559,1436609227753,0.17417817,9.829993,2.2709002
31560,1436609227754,0.23642741,9.920973,2.2720973
31561,1436609227755,0.2837129,10.113707,2.3235726
31562,1436609227756,0.3184288,10.08737,2.3594859
31563,1436609227767,0.3513491,10.08737,2.3732524
31564,1436609227789,0.3693056,10.084377,2.379238
31565,1436609227806,0.3878607,10.013748,2.3355439
31566,1436609227827,0.39145198,9.999383,2.2948422
31567,1436609227846,0.41180268,10.020332,2.2822728
31568,1436609227865,0.4249708,9.977237,2.2870612
31569,1436609227888,0.43035775,9.922769,2.2870612
31570,1436609227904,0.44651863,9.88506,2.2307975
31571,1436609227927,0.45789108,9.916184,2.1769278
31572,1436609227944,0.4890157,9.973047,2.191293
31573,1436609227967,0.48243165,10.061633,2.2870612
31574,1436609227987,0.3393781,10.056246,2.3409307
31575,1436609228007,0.16699557,10.035296,2.3319526
31576,1436609228028,0.06344634,9.9951935,2.295441
31577,1436609228050,0.090979666,9.940127,2.2750902
31578,1436609228066,0.18974048,9.96347,2.2888567
31579,1436609228086,0.28790274,10.000581,2.336741
31580,1436609228105,0.34356794,10.055049,2.3223755
31581,1436609228129,0.39803603,10.07121,2.2768857
31582,1436609228144,0.4441244,10.028712,2.2894554
31583,1436609228167,0.4854244,9.96347,2.3068132
31584,1436609228188,0.43155485,9.937733,2.273893
31585,1436609228207,0.3441665,9.903017,2.2631192
31586,1436609228227,0.29927522,9.910798,2.2577322
31587,1436609228247,0.3226187,9.931149,2.292448
31588,1436609228268,0.32680854,9.934141,2.3403323
31589,1436609228287,0.35314476,9.96347,2.3415294
31590,1436609228307,0.3842694,9.997588,2.3475149
31591,1436609228328,0.38845924,10.005967,2.3546975
31592,1436609228348,0.42078096,10.022128,2.3421278
31593,1436609228368,0.41000703,9.975441,2.3331497
31594,1436609228387,0.3465607,9.946711,2.3116016
31595,1436609228406,0.29029694,9.925163,2.3319526
31596,1436609228477,0.2693477,9.895236,2.3008277
31597,1436609228478,0.2645593,9.9233675,2.2703018
31598,1436609228479,0.30765492,9.9550905,2.2798786
31599,1436609228488,0.36870706,9.960478,2.3229742
31600,1436609228515,0.39384618,9.983821,2.2948422
31601,1436609228527,0.40282443,9.962274,2.3133974
31602,1436609228544,0.3890578,9.973047,2.304419
31603,1436609228565,0.3597288,9.948506,2.309806
31604,1436609228585,0.3453636,9.962872,2.3277626
31605,1436609228608,0.33638534,9.974843,2.331354
31606,1436609228628,0.3298013,10.011953,2.328361
31607,1436609228646,0.37469256,10.037092,2.3014264
31608,1436609228666,0.4165911,10.02153,2.2984335
31609,1436609228688,0.45609543,9.989806,2.3756466
31610,1436609228706,0.44831428,10.024523,2.3959973
31611,1436609228728,0.4417302,10.02572,2.355296
31612,1436609228746,0.4297592,10.023325,2.315193
31613,1436609228768,0.39025488,10.005967,2.2463598
31614,1436609228788,0.32920274,9.894038,2.232593
31615,1436609228808,0.27712885,9.906608,2.1817162
31616,1436609228828,0.23642741,9.868899,2.2218192
31617,1436609228849,0.24061728,9.908403,2.2649148
31618,1436609228865,0.26396075,9.951499,2.272696
31619,1436609228888,0.26156655,9.979631,2.3187842
31620,1436609228908,0.25617957,9.982025,2.3385365
31621,1436609228928,0.22565351,10.016143,2.309806
31622,1436609228948,0.16998832,9.980828,2.2852654
31623,1436609228968,0.18435353,9.992201,2.268506
31624,1436609228988,0.21428105,10.001778,2.292448
31625,1436609229008,0.26874915,10.019135,2.3062148
31626,1436609229029,0.3441665,10.011953,2.307412
31627,1436609229050,0.39803603,10.005369,2.3122003
31628,1436609229070,0.4141969,10.035895,2.3092074
31629,1436609229098,0.41359833,10.020332,2.2720973
31630,1436609229106,0.39983168,10.02153,2.2768857
31631,1436609229129,0.3800795,10.000581,2.2750902
31632,1436609229181,0.32441434,9.978435,2.3104045
31633,1436609229186,0.30526072,9.979631,2.2930467
31634,1436609229187,0.27473465,9.995792,2.2918496
31635,1436609229216,0.28311434,9.972448,2.2990322
31636,1436609229225,0.31304187,9.974244,2.3229742
31637,1436609229253,0.32142156,9.990405,2.285864
31638,1436609229267,0.31244332,10.028712,2.2529438
31639,1436609229288,0.32800564,10.012551,2.2505496
31640,1436609229308,0.36631286,10.0029745,2.2780828
31641,1436609229327,0.35553896,9.994595,2.2798786
31642,1436609229347,0.3226187,9.947908,2.2750902
31643,1436609229365,0.3172317,9.977237,2.2415714
31644,1436609229388,0.3226187,9.97604,2.2517467
31645,1436609229409,0.35194764,9.964069,2.2625206
31646,1436609229429,0.3549404,9.980229,2.3175871
31647,1436609229448,0.3429694,10.000581,2.3014264
31648,1436609229471,0.33877954,9.983821,2.2906525
31649,1436609229489,0.34715924,9.990405,2.2559366
31650,1436609229508,0.34715924,9.980828,2.268506
31651,1436609229529,0.3238158,9.970055,2.2876596
31652,1436609229549,0.34476504,9.992201,2.3002293
31653,1436609229569,0.3417723,9.982624,2.272696
31654,1436609229586,0.3477578,9.970653,2.2577322
31655,1436609229609,0.3657143,9.998186,2.2511482
31656,1436609229629,0.37469256,9.96766,2.2637177
31657,1436609229646,0.3573346,9.980229,2.2744915
31658,1436609229666,0.33877954,9.985018,2.2541409
31659,1436609229686,0.34117374,9.953295,2.2505496
31660,1436609229707,0.3693056,9.965864,2.2661119
31661,1436609229732,0.41060558,9.96766,2.2798786
31662,1436609229755,0.4309563,9.961076,2.2882583
31663,1436609229769,0.42317516,9.994595,2.2822728
31664,1436609229786,0.42676646,10.005369,2.2619221
31665,1436609229806,0.38965634,9.992201,2.2559366
31666,1436609229826,0.3477578,10.006566,2.2601264
31667,1436609229847,0.32621,10.006566,2.2278047
31668,1436609229866,0.37349546,9.9712515,2.2625206
31669,1436609229923,0.40701428,9.977836,2.2744915
31670,1436609229924,0.38606504,9.964069,2.2816741
31671,1436609229936,0.40462008,9.926959,2.247557
31672,1436609229946,0.39205053,9.973047,2.2242134
31673,1436609229973,0.42317516,10.007763,2.2218192
31674,1436609229987,0.41479546,10.010158,2.255338
31675,1436609230008,0.40761283,9.9951935,2.3020248
31676,1436609230029,0.39085343,10.006566,2.2810757
31677,1436609230046,0.3453636,10.008362,2.2427685
31678,1436609230068,0.30885202,9.996989,2.224812
31679,1436609230093,0.31603462,9.978435,2.2469583
31680,1436609230108,0.3417723,9.980229,2.2559366
31681,1436609230132,0.33518824,9.962872,2.2762873
31682,1436609230146,0.33877954,9.988011,2.2499511
31683,1436609230166,0.3716998,10.012551,2.2571337
31684,1436609230186,0.37828386,9.988609,2.267309
31685,1436609230207,0.36870706,10.000581,2.248754
31686,1436609230228,0.362123,9.957485,2.2511482
31687,1436609230250,0.35075054,9.980229,2.2768857
31688,1436609230269,0.34476504,10.005369,2.284667
31689,1436609230289,0.320823,9.995792,2.27928
31690,1436609230309,0.3369839,10.001179,2.255338
31691,1436609230329,0.3226187,9.999383,2.2876596
31692,1436609230350,0.2813187,10.005967,2.2762873
31693,1436609230369,0.24839842,10.000581,2.2589293
31694,1436609230387,0.2717419,9.970055,2.2493525
31695,1436609230408,0.31783026,9.954493,2.2649148
31696,1436609230430,0.33159694,9.958682,2.271499
31697,1436609230450,0.3477578,9.965266,2.2828712
31698,1436609230469,0.3597288,9.96347,2.27928
31699,1436609230491,0.37948096,9.986216,2.27928
31700,1436609230510,0.37469256,10.023924,2.2391772
31701,1436609230530,0.35553896,10.019135,2.28347
31702,1436609230548,0.32142156,9.974843,2.2894554
31703,1436609230568,0.31543607,9.961675,2.2571337
31704,1436609230588,0.30346507,9.950901,2.271499
31705,1436609230607,0.32202014,9.989208,2.2361844
31706,1436609230665,0.3609259,9.979631,2.2391772
31707,1436609230678,0.40521863,9.974244,2.2768857
31708,1436609230679,0.41599256,9.97185,2.2870612
31709,1436609230686,0.39025488,9.980229,2.2756886
31710,1436609230710,0.38067806,10.010158,2.2493525
31711,1436609230728,0.37828386,10.016143,2.2541409
31712,1436609230747,0.40402153,10.0029745,2.2679076
31713,1436609230767,0.40701428,9.979631,2.2888567
31714,1436609230787,0.39504328,9.966463,2.2601264
31715,1436609230809,0.37469256,9.976639,2.2535424
31716,1436609230833,0.36272156,9.96766,2.247557
31717,1436609230848,0.38845924,9.952098,2.259528
31718,1436609230870,0.3866636,9.976639,2.2822728
31719,1436609230890,0.40462008,9.986814,2.280477
31720,1436609230910,0.39145198,9.999383,2.2559366
31721,1436609230930,0.37708676,9.999982,2.256535
31722,1436609230950,0.35553896,10.009559,2.243367
31723,1436609230970,0.350152,9.991602,2.2559366
31724,1436609230990,0.362123,10.01734,2.256535
31725,1436609231010,0.3854665,10.0029745,2.2272062
31726,1436609231030,0.3842694,9.99639,2.2577322
31727,1436609231049,0.39324763,9.976639,2.2547395
31728,1436609231074,0.39025488,9.969456,2.2361844
31729,1436609231092,0.37708676,9.982624,2.243367
31730,1436609231108,0.38606504,9.943718,2.2307975
31731,1436609231128,0.41299978,9.968259,2.2457612
31732,1436609231153,0.44771573,9.988609,2.2331917
31733,1436609231170,0.45669398,9.955689,2.2535424
31734,1436609231187,0.516549,9.975441,2.2230163
31735,1436609231207,0.5566519,9.966463,2.2361844
31736,1436609231227,0.57041854,9.993997,2.2403743
31737,1436609231253,0.5614403,10.028712,2.2092497
31738,1436609231274,0.52852005,9.9928,2.2158337
31739,1436609231294,0.5117606,9.980828,2.2655134
31740,1436609231308,0.48961425,9.950302,2.2242134
31741,1436609231332,0.427365,9.997588,2.2062569
31742,1436609231397,0.4201824,9.99639,2.1871033
31743,1436609231398,0.45429978,9.983821,2.202067
31744,1436609231399,0.4782418,9.985018,2.2493525
31745,1436609231407,0.45489833,10.004171,2.2373815
31746,1436609231430,0.40821138,10.016742,2.207454
31747,1436609231448,0.38067806,10.010158,2.2164323
31748,1436609231467,0.3752911,10.011953,2.2296004
31749,1436609231487,0.37110126,10.043077,2.2164323
31750,1436609231507,0.338181,9.993997,2.2385786
31751,1436609231528,0.33399114,10.00896,2.2230163
31752,1436609231551,0.3537433,10.009559,2.2038627
31753,1436609231568,0.37349546,9.9928,2.212841
31754,1436609231595,0.41479546,10.023924,2.2301989
31755,1436609231609,0.44472298,10.007763,2.2230163
31756,1436609231631,0.46148238,10.019734,2.191293
31757,1436609231650,0.47644615,9.988609,2.2014685
31758,1436609231670,0.50397944,9.986814,2.2122424
31759,1436609231691,0.5009867,9.977836,2.236783
31760,1436609231708,0.4770447,9.993398,2.2296004
31761,1436609231730,0.44831428,9.986814,2.1841104
31762,1436609231751,0.48003745,9.978435,2.2008698
31763,1436609231768,0.5021838,9.970055,2.2343888
31764,1436609231790,0.480636,9.989806,2.2188265
31765,1436609231811,0.46028528,9.97604,2.2230163
31766,1436609231828,0.44951138,9.9790325,2.2038627
31767,1436609231850,0.4866215,9.989806,2.2188265
31768,1436609231871,0.50397944,10.022727,2.248754
31769,1436609231891,0.5386954,10.009559,2.2703018
31770,1436609231911,0.55365914,10.025121,2.2720973
31771,1436609231930,0.545878,10.0748005,2.2762873
31772,1436609231950,0.54049104,10.059238,2.2152352
31773,1436609231971,0.48961425,10.019734,2.1888988
31774,1436609231991,0.41000703,9.965266,2.154183
31775,1436609232011,0.34835634,9.924564,2.1787236
31776,1436609232041,0.29807812,9.865308,2.1655555
31777,1436609232050,0.25977087,9.8994255,2.1811178
31778,1436609232069,0.24959552,9.911995,2.2038627
31779,1436609232180,0.27593175,9.988609,2.231396
31780,1436609232181,0.33039984,10.087969,2.248754
31781,1436609232182,0.320823,10.09156,2.2505496
31782,1436609232183,0.30945057,10.05864,2.2822728
31783,1436609232184,0.30226797,10.01734,2.2643163
31784,1436609232195,0.2717419,9.998785,2.2104468
31785,1436609232208,0.23523031,9.995792,2.1942859
31786,1436609232228,0.25438392,9.999982,2.195483
31787,1436609232248,0.28311434,9.999383,2.2050598
31788,1436609232270,0.29747957,9.998186,2.2379801
31789,1436609232289,0.31364042,10.004171,2.235586
31790,1436609232309,0.3441665,10.033501,2.2242134
31791,1436609232330,0.39264908,10.010158,2.1984756
31792,1436609232348,0.45489833,9.983223,2.2254105
31793,1436609232370,0.4818331,9.96766,2.2200236
31794,1436609232391,0.52732295,9.981427,2.2140381
31795,1436609232411,0.57520694,9.975441,2.236783
31796,1436609232431,0.587178,9.992201,2.2529438
31797,1436609232450,0.57640404,9.997588,2.2278047
31798,1436609232470,0.57400984,9.993398,2.2038627
31799,1436609232489,0.56563014,9.970055,2.2008698
31800,1436609232510,0.5602432,9.976639,2.1859062
31801,1436609232528,0.50876784,9.961675,2.179322
31802,1436609232550,0.5351041,9.969456,2.1589713
31803,1436609232570,0.5434838,9.964667,2.1799207
31804,1436609232590,0.55964464,9.966463,2.212841
31805,1436609232608,0.5805939,9.986814,2.2104468
31806,1436609232628,0.60453594,9.973047,2.2284033
31807,1436609232649,0.54527944,10.027515,2.2014685
31808,1436609232672,0.47105917,10.029311,2.1841104
31809,1436609232694,0.41240123,10.044274,2.1859062
31810,1436609232709,0.3716998,10.032902,2.223615
31811,1436609232732,0.3477578,10.044274,2.2331917
31812,1436609232749,0.3441665,10.046669,2.232593
31813,1436609232771,0.31663316,10.037092,2.2098482
31814,1436609232788,0.30765492,10.031107,2.2415714
31815,1436609232810,0.33518824,10.029909,2.211644
31816,1436609232834,0.3800795,10.02153,2.184709
31817,1436609232904,0.42078096,9.995792,2.1871033
31818,1436609232905,0.46208093,10.0269165,2.1697452
31819,1436609232908,0.4794389,9.994595,2.1529858
31820,1436609232909,0.47465047,9.928156,2.1170728
31821,1436609232929,0.45070848,9.909002,2.1284454
31822,1436609232949,0.45549688,9.897031,2.1679497
31823,1436609232969,0.44532153,9.961076,2.2152352
31824,1436609232989,0.43275195,10.001179,2.2409728
31825,1436609233009,0.43993455,10.037092,2.2637177
31826,1436609233030,0.4345476,10.101137,2.2463598
31827,1436609233058,0.39324763,10.128072,2.2535424
31828,1436609233070,0.38606504,10.07121,2.2170308
31829,1436609233094,0.36750996,10.029909,2.2140381
31830,1436609233109,0.3417723,9.989806,2.2062569
31831,1436609233130,0.30945057,9.968858,2.2080526
31832,1436609233150,0.25079262,9.950302,2.19249
31833,1436609233169,0.23822308,9.948506,2.1978772
31834,1436609233190,0.28431144,9.933543,2.191293
31835,1436609233212,0.3250129,9.947908,2.1960814
31836,1436609233232,0.374094,9.973646,2.208651
31837,1436609233250,0.4854244,9.978435,2.231396
31838,1436609233270,0.50876784,10.003573,2.2164323
31839,1436609233291,0.5566519,10.006566,2.2709002
31840,1436609233310,0.5758055,10.022128,2.2451627
31841,1436609233332,0.57760113,10.051457,2.2068555
31842,1436609233349,0.5057751,10.03769,2.2242134
31843,1436609233370,0.41359833,9.991004,2.2146366
31844,1436609233392,0.3645172,9.938332,2.1978772
31845,1436609233412,0.31543607,9.946113,2.2176294
31846,1436609233432,0.32920274,9.931747,2.212841
31847,1436609233452,0.33518824,9.97604,2.1960814
31848,1436609233470,0.32561144,10.040684,2.2002714
31849,1436609233490,0.30166942,10.05864,2.219425
31850,1436609233510,0.29209262,10.029909,2.2798786
31851,1436609233532,0.26156655,10.010158,2.284667
31852,1436609233549,0.24361002,9.972448,2.2619221
31853,1436609233615,0.2705448,9.989208,2.1978772
31854,1436609233616,0.27832595,10.016742,2.2092497
31855,1436609233617,0.30705637,10.043676,2.1787236
31856,1436609233635,0.38307226,10.038289,2.1996727
31857,1436609233650,0.44352585,10.039486,2.207454
31858,1436609233669,0.48482585,10.031107,2.2242134
31859,1436609233689,0.4950012,10.002377,2.204461
31860,1436609233709,0.5231331,9.991602,2.1888988
31861,1436609233730,0.5398925,9.990405,2.2038627
31862,1436609233750,0.53091425,9.952697,2.220622
31863,1436609233770,0.47165772,9.96766,2.2319946
31864,1436609233790,0.39205053,9.986216,2.2182279
31865,1436609233810,0.32022446,10.017939,2.224812
31866,1436609233833,0.27712885,10.035895,2.2409728
31867,1436609233850,0.22445641,9.992201,2.2002714
31868,1436609233870,0.25139117,9.979631,2.2158337
31869,1436609233893,0.29747957,9.968858,2.2284033
31870,1436609233913,0.3286042,9.986814,2.207454
31871,1436609233933,0.3866636,9.949105,2.2337902
31872,1436609233950,0.40462008,9.950302,2.211644
31873,1436609233971,0.45609543,9.964069,2.2068555
31874,1436609233993,0.51714754,9.958083,2.1906946
31875,1436609234015,0.5674258,9.956886,2.2050598
31876,1436609234036,0.61052144,9.97185,2.2146366
31877,1436609234051,0.59855044,10.017939,2.2104468
31878,1436609234070,0.5907693,10.018537,2.211644
31879,1436609234091,0.57760113,10.070611,2.204461
31880,1436609234110,0.53929394,10.06283,2.2212207
31881,1436609234131,0.4973954,9.994595,2.2134395
31882,1436609234151,0.44232875,9.994595,2.1877017
31883,1436609234170,0.40402153,9.983223,2.1649568
31884,1436609234193,0.3890578,9.981427,2.190096
31885,1436609234213,0.36631286,9.976639,2.2164323
31886,1436609234230,0.36990416,10.020931,2.2110453
31887,1436609234251,0.3776853,10.055049,2.1996727
31888,1436609234278,0.36631286,10.030508,2.2098482
31889,1436609234335,0.38067806,10.029909,2.2158337
31890,1436609234336,0.37588966,10.009559,2.2110453
31891,1436609234337,0.37588966,10.011354,2.1859062
31892,1436609234358,0.38067806,10.023325,2.1697452
31893,1436609234370,0.40402153,10.020931,2.1883004
31894,1436609234392,0.4309563,9.998186,2.220622
31895,1436609234410,0.46267948,10.007165,2.2260091
31896,1436609234430,0.4997896,9.975441,2.2050598
31897,1436609234451,0.5129577,9.989806,2.1751323
31898,1436609234472,0.54049104,9.969456,2.1865046
31899,1436609234493,0.557849,9.967062,2.180519
31900,1436609234511,0.54168814,9.9928,2.2098482
31901,1436609234533,0.50278234,10.008362,2.1990743
31902,1436609234551,0.45190558,10.038289,2.1823149
31903,1436609234571,0.40940848,10.019135,2.1906946
31904,1436609234593,0.41299978,9.989208,2.223615
31905,1436609234611,0.39624038,9.997588,2.220622
31906,1436609234634,0.36990416,10.003573,2.208651
31907,1436609234651,0.36391866,9.988609,2.202067
31908,1436609234672,0.3752911,9.98442,2.2182279
31909,1436609234694,0.40880993,9.9712515,2.2056582
31910,1436609234711,0.44891283,9.9473095,2.2158337
31911,1436609234732,0.46208093,9.959879,2.1918917
31912,1436609234757,0.45310268,9.970653,2.1942859
31913,1436609234773,0.4985925,10.012551,2.1745336
31914,1436609234793,0.5518635,10.005967,2.1978772
31915,1436609234812,0.56982,10.00477,2.2134395
31916,1436609234834,0.59855044,9.993997,2.2068555
31917,1436609234851,0.5823896,9.99639,2.195483
31918,1436609234870,0.5734113,10.007165,2.1984756
31919,1436609234892,0.52971715,10.016742,2.1829133
31920,1436609234913,0.492607,10.005967,2.2068555
31921,1436609234934,0.46088383,10.007763,2.207454
31922,1436609234952,0.41240123,10.043077,2.2164323
31923,1436609234973,0.35254622,10.044873,2.2092497
31924,1436609234993,0.33159694,10.025121,2.1853075
31925,1436609235024,0.3453636,10.014946,2.1871033
31926,1436609235138,0.3854665,10.019734,2.1757307
31927,1436609235139,0.41958386,10.01315,2.1763294
31928,1436609235140,0.45848963,9.997588,2.183512
31929,1436609235141,0.49320555,9.991602,2.1948843
31930,1436609235142,0.533907,9.96347,2.1697452
31931,1436609235143,0.58897364,9.980229,2.2002714
31932,1436609235151,0.6356605,9.968259,2.2002714
31933,1436609235171,0.6769605,9.970055,2.19249
31934,1436609235191,0.6895301,9.990405,2.1817162
31935,1436609235215,0.7212533,9.978435,2.1877017
31936,1436609235231,0.6901286,10.015544,2.19668
31937,1436609235253,0.641646,9.9928,2.2218192
31938,1436609235277,0.5422867,10.010756,2.191293
31939,1436609235292,0.46926352,10.0341,2.2062569
31940,1436609235314,0.40402153,10.02153,2.2056582
31941,1436609235334,0.30526072,10.048465,2.2080526
31942,1436609235352,0.22565351,10.025121,2.1871033
31943,1436609235373,0.20829555,9.999383,2.1823149
31944,1436609235395,0.22625206,10.007763,2.1883004
31945,1436609235413,0.2837129,9.978435,2.1978772
31946,1436609235434,0.3681085,9.964069,2.172738
31947,1436609235452,0.47524905,9.9790325,2.1817162
31948,1436609235474,0.53450555,10.003573,2.2140381
31949,1436609235500,0.59855044,9.985617,2.190096
31950,1436609235511,0.6410475,9.981427,2.1906946
31951,1436609235535,0.6715736,9.980828,2.1763294
31952,1436609235553,0.6907272,9.96347,2.1679497
31953,1436609235573,0.6895301,9.964069,2.2152352
31954,1436609235593,0.6907272,10.007165,2.184709
31955,1436609235614,0.65900403,10.01315,2.2158337
31956,1436609235650,0.59376204,10.024523,2.1942859
31957,1436609235651,0.51475334,10.014946,2.1960814
31958,1436609235671,0.40701428,10.0508585,2.211644
31959,1436609235691,0.30406362,10.026319,2.1811178
31960,1436609235711,0.24600422,10.012551,2.1865046
31961,1436609235731,0.26635495,10.026319,2.1871033
31962,1436609235753,0.30705637,10.020332,2.168548
31963,1436609235773,0.3345897,9.974843,2.1942859
31964,1436609235838,0.41718966,9.975441,2.1918917
31965,1436609235839,0.48003745,9.98442,2.1942859
31966,1436609235840,0.54288524,9.992201,2.1936872
31967,1436609235856,0.6374562,9.982025,2.1996727
31968,1436609235872,0.6751649,9.974843,2.19668
31969,1436609235892,0.6751649,9.973047,2.195483
31970,1436609235912,0.6853402,9.976639,2.1984756
31971,1436609235936,0.6991069,9.973646,2.1823149
31972,1436609235952,0.7020996,10.015544,2.2110453
31973,1436609235973,0.6721721,10.043077,2.2182279
31974,1436609235992,0.60573304,10.023325,2.1930888
31975,1436609236013,0.521936,10.004171,2.2224178
31976,1436609236041,0.44232875,10.033501,2.1775265
31977,1436609236054,0.30945057,10.0341,2.1637597
31978,1436609236075,0.2896984,10.027515,2.1733365
31979,1436609236093,0.23882163,9.977237,2.1637597
31980,1436609236114,0.26156655,9.995792,2.1775265
31981,1436609236134,0.3417723,10.007763,2.1667526
31982,1436609236154,0.4345476,10.001778,2.2158337
31983,1436609236175,0.51355624,10.019734,2.1871033
31984,1436609236196,0.5363012,10.010756,2.1930888
31985,1436609236216,0.5482722,10.004171,2.19249
31986,1436609236232,0.56443304,9.998186,2.1918917
31987,1436609236256,0.5943606,9.970653,2.2008698
31988,1436609236276,0.60453594,9.978435,2.1978772
31989,1436609236296,0.61291564,9.956287,2.1990743
31990,1436609236317,0.6206968,10.01315,2.1769278
31991,1436609236335,0.61411273,9.985617,2.19249
31992,1436609236354,0.599149,10.001778,2.2008698
31993,1436609236372,0.53211135,10.023924,2.2062569
31994,1436609236392,0.45190558,10.012551,2.2122424
31995,1436609236417,0.38606504,10.020931,2.1751323
31996,1436609236437,0.3573346,10.005369,2.1745336
31997,1436609236457,0.3417723,9.989208,2.1853075
31998,1436609236474,0.3345897,9.968259,2.2038627
31999,1436609236494,0.33877954,9.972448,2.19249
32000,1436609236622,0.3752911,9.981427,2.172738
32001,1436609236623,0.41180268,10.026319,2.171541
32002,1436609236624,0.4938041,10.030508,2.1984756
32003,1436609236625,0.5470751,10.041282,2.1984756
32004,1436609236626,0.5847838,9.988609,2.2349873
32005,1436609236627,0.57400984,9.993398,2.1871033
32006,1436609236632,0.57281274,9.998785,2.1769278
32007,1436609236663,0.6015432,9.985617,2.1948843
32008,1436609236675,0.59376204,10.004171,2.2296004
32009,1436609236692,0.5434838,9.979631,2.2104468
32010,1436609236724,0.49919105,9.9790325,2.2098482
32011,1436609236743,0.44113165,10.006566,2.2134395
32012,1436609236752,0.41120413,10.023325,2.1871033
32013,1436609236772,0.36750996,9.987412,2.1703439
32014,1436609236793,0.3573346,9.99639,2.166154
32015,1436609236813,0.36152446,9.98442,2.2008698
32016,1436609236833,0.41000703,9.962274,2.1936872
32017,1436609236853,0.45489833,9.973646,2.2038627
32018,1436609236873,0.46567222,9.995792,2.1888988
32019,1436609236893,0.504578,10.023924,2.1972785
32020,1436609236913,0.5243302,10.052654,2.202067
32021,1436609236933,0.5033809,10.02572,2.2092497
32022,1436609236952,0.48123455,9.989806,2.1871033
32023,1436609236976,0.46447513,9.995792,2.208651
32024,1436609236993,0.4369418,9.977237,2.1972785
32025,1436609237017,0.46627077,9.999383,2.1990743
32026,1436609237036,0.46866497,10.003573,2.1942859
32027,1436609237054,0.5069722,9.992201,2.208651
32028,1436609237074,0.51475334,10.038888,2.2026656
32029,1436609237097,0.49320555,9.986216,2.2307975
32030,1436609237114,0.46267948,9.999982,2.2122424
32031,1436609237157,0.45789108,9.993997,2.1990743
32032,1436609237158,0.45848963,9.989208,2.1906946
32033,1436609237174,0.43634325,10.01734,2.203264
32034,1436609237194,0.43394905,10.009559,2.1972785
32035,1436609237216,0.4381389,9.999982,2.212841
32036,1436609237233,0.43993455,9.9928,2.2164323
32037,1436609237256,0.4441244,10.007763,2.19249
32038,1436609237281,0.44711718,9.994595,2.212841
32039,1436609237293,0.4357447,9.980828,2.1877017
32040,1436609237313,0.4429273,9.986216,2.1841104
32041,1436609237336,0.47225627,9.976639,2.2122424
32042,1436609237353,0.48722005,10.007165,2.1996727
32043,1436609237375,0.4914099,10.001179,2.2182279
32044,1436609237393,0.47644615,10.013748,2.224812
32045,1436609237417,0.44472298,9.996989,2.1859062
32046,1436609237437,0.439336,9.973646,2.2014685
32047,1436609237458,0.44113165,9.980229,2.195483
32048,1436609237475,0.38307226,9.996989,2.1888988
32049,1436609237493,0.39145198,9.973047,2.183512
32050,1436609237514,0.3866636,9.9951935,2.1996727
32051,1436609237536,0.40701428,10.015544,2.2008698
32052,1436609237556,0.45070848,9.996989,2.1859062
32053,1436609237576,0.4878186,9.991602,2.2104468
32054,1436609237596,0.5081693,10.00896,2.184709
32055,1436609237625,0.4866215,10.030508,2.2038627
32056,1436609237636,0.45429978,10.014946,2.1990743
32057,1436609237656,0.41838676,10.010756,2.2098482
32058,1436609237676,0.39624038,9.99639,2.183512
32059,1436609237697,0.3788824,9.989806,2.203264
32060,1436609237716,0.39624038,9.998186,2.2002714
32061,1436609237737,0.41359833,10.00477,2.1871033
32062,1436609237757,0.44472298,9.972448,2.2050598
32063,1436609237777,0.46926352,10.0341,2.202067
32064,1436609237797,0.45190558,10.061633,2.1948843
32065,1436609237817,0.4237737,10.01734,2.2290018
32066,1436609237837,0.4333505,10.011953,2.1930888
32067,1436609237856,0.439336,10.005369,2.190096
32068,1436609237875,0.43035775,9.992201,2.1888988
32069,1436609237903,0.42556936,10.019734,2.1859062
32070,1436609237975,0.4285621,9.999982,2.2080526
32071,1436609237976,0.4441244,9.989208,2.219425
32072,1436609237977,0.44771573,9.9550905,2.2110453
32073,1436609237978,0.46627077,9.958083,2.2026656
32074,1436609237996,0.46926352,9.972448,2.1859062
32075,1436609238017,0.48602295,9.9712515,2.1978772
32076,1436609238034,0.4914099,9.969456,2.19668
32077,1436609238054,0.48961425,9.959281,2.1984756
32078,1436609238084,0.49320555,9.986216,2.1960814
32079,1436609238122,0.4758476,9.993398,2.2002714
32080,1436609238123,0.50517654,10.007165,2.2110453
32081,1436609238134,0.4973954,9.997588,2.195483
32082,1436609238154,0.4902128,10.01315,2.19668
32083,1436609238175,0.4794389,10.029909,2.2050598
32084,1436609238197,0.44352585,10.092158,2.184709
32085,1436609238217,0.43275195,10.099341,2.179322
32086,1436609238237,0.39863458,10.07121,2.1649568
32087,1436609238257,0.374094,10.006566,2.1691468
32088,1436609238277,0.41599256,9.998785,2.19668
32089,1436609238297,0.40701428,9.962274,2.2242134
32090,1436609238317,0.39923313,9.968259,2.2080526
32091,1436609238337,0.38367084,9.974843,2.2146366
32092,1436609238357,0.37110126,10.013748,2.2050598
32093,1436609238376,0.3573346,10.040684,2.2068555
32094,1436609238397,0.34715924,10.044873,2.2110453
32095,1436609238417,0.2777274,9.9951935,2.1865046
32096,1436609238434,0.25378537,9.907805,2.190096
32097,1436609238454,0.29448682,9.915586,2.190096
32098,1436609238475,0.39025488,9.916783,2.2092497
32099,1436609238500,0.4770447,10.092757,2.1440077
32100,1436609238516,0.5919664,9.99639,2.2373815
32101,1436609238540,0.7086837,10.041282,2.2625206
32102,1436609238557,0.7110779,10.033501,2.272696
32103,1436609238574,0.6386533,9.9928,2.2224178
32104,1436609238594,0.59615624,9.988011,2.2056582
32105,1436609238614,0.54408234,9.956287,2.2146366
32106,1436609238637,0.4997896,9.926959,2.2098482
32107,1436609238655,0.41599256,9.930551,2.220622
32108,1436609238725,0.3716998,9.929952,2.2098482
32109,1436609238726,0.34237084,9.940127,2.1667526
32110,1436609238727,0.34117374,9.977836,2.1906946
32111,1436609238736,0.37828386,10.028113,2.2182279
32112,1436609238756,0.44711718,10.06283,2.167351
32113,1436609238776,0.47524905,9.98442,2.2182279
32114,1436609238795,0.52073884,10.01315,2.2176294
32115,1436609238819,0.545878,9.997588,2.1841104
32116,1436609238836,0.57640404,10.00896,2.1906946
32117,1436609238856,0.6135142,10.001778,2.2152352
32118,1436609238876,0.6159084,10.027515,2.2188265
32119,1436609238896,0.58418524,10.004171,2.2577322
32120,1436609238917,0.52373165,10.014946,2.2457612
32121,1436609238938,0.49200845,10.028113,2.2296004
32122,1436609238958,0.45070848,9.993398,2.2164323
32123,1436609238978,0.40821138,9.977836,2.2176294
32124,1436609238998,0.3669114,9.975441,2.223615
32125,1436609239018,0.3489549,9.995792,2.1984756
32126,1436609239038,0.38845924,9.999982,2.168548
32127,1436609239058,0.50397944,10.007165,2.1888988
32128,1436609239078,0.56922144,10.002377,2.223615
32129,1436609239096,0.5746084,9.991602,2.2212207
32130,1436609239123,0.587178,9.950302,2.2092497
32131,1436609239136,0.5614403,9.965266,2.2260091
32132,1436609239158,0.56084174,9.951499,2.1829133
32133,1436609239178,0.55365914,9.988011,2.2146366
32134,1436609239198,0.51595044,10.007165,2.2152352
32135,1436609239218,0.5231331,10.010158,2.2337902
32136,1436609239235,0.49919105,9.999383,2.2254105
32137,1436609239257,0.47165772,9.998186,2.2200236
32138,1436609239276,0.44352585,10.006566,2.1984756
32139,1436609239298,0.4405331,9.98442,2.1942859
32140,1436609239318,0.45489833,9.990405,2.1972785
32141,1436609239338,0.4441244,9.97604,2.2092497
32142,1436609239356,0.4369418,9.981427,2.195483
32143,1436609239383,0.43275195,10.007763,2.2122424
32144,1436609239439,0.45968673,10.009559,2.2050598
32145,1436609239440,0.4758476,9.989806,2.2200236
32146,1436609239441,0.4950012,10.00896,2.224812
32147,1436609239463,0.480636,9.996989,2.208651
32148,1436609239476,0.4985925,9.996989,2.2080526
32149,1436609239496,0.50637364,9.985617,2.202067
32150,1436609239515,0.50397944,9.981427,2.191293
32151,1436609239535,0.49799395,9.999982,2.1906946
32152,1436609239557,0.5177461,10.013748,2.1960814
32153,1436609239577,0.52073884,10.010756,2.2092497
32154,1436609239597,0.4842273,10.034698,2.2038627
32155,1436609239617,0.48841715,10.031705,2.19249
32156,1436609239637,0.49799395,9.9790325,2.236783
32157,1436609239656,0.4961983,10.006566,2.2505496
32158,1436609239677,0.44532153,9.999383,2.2200236
32159,1436609239699,0.39983168,9.954493,2.2014685
32160,1436609239717,0.40043023,9.983223,2.184709
32161,1436609239739,0.439336,10.0029745,2.2056582
32162,1436609239760,0.46746787,10.043676,2.2104468
32163,1436609239779,0.49320555,10.032304,2.224812
32164,1436609239799,0.50038815,9.9951935,2.2164323
32165,1436609239819,0.4794389,9.995792,2.1996727
32166,1436609239840,0.44951138,9.9928,2.203264
32167,1436609239858,0.48841715,9.970055,2.232593
32168,1436609239879,0.5021838,9.950901,2.1936872
32169,1436609239898,0.5021838,9.933543,2.1703439
32170,1436609239916,0.52612585,9.903017,2.1505916
32171,1436609239937,0.52971715,9.925163,2.1392193
32172,1436609239959,0.5386954,9.913192,2.2008698
32173,1436609239980,0.53689975,9.961076,2.2200236